8.402360677719116211e-01 5.272084474563598633e-02 1.580636203289031982e-02 5.260585807263851166e-03 1.742899185046553612e-03 4.989000409841537476e-02 5.115024745464324951e-02 2.115024812519550323e-02 2.809576923027634621e-03 2.976660151034593582e-03 5.711160972714424133e-02 1.449667662382125854e-02 4.101992025971412659e-02 2.678486146032810211e-02 1.903407648205757141e-02 1.299182139337062836e-02 1.185490284115076065e-02 7.276268210262060165e-03 6.595222279429435730e-03 2.179885841906070709e-02 1.547584217041730881e-02 1.981241628527641296e-02 1.268855109810829163e-02 1.509905047714710236e-02 2.301179990172386169e-02 1.081268861889839172e-02 3.271940350532531738e-02 1.019550301134586334e-02 1.612780801951885223e-02 2.019119635224342346e-02 2.658317610621452332e-02 2.044046111404895782e-02 2.103257179260253906e-02 1.420413888990879059e-02 9.286161512136459351e-03 1.050275657325983047e-02 1.476795133203268051e-02 3.025963343679904938e-02 1.570974849164485931e-02 1.622091792523860931e-02 2.881027385592460632e-02 8.203204721212387085e-03 1.629814505577087402e-02 1.947953179478645325e-02 3.563162172213196754e-03 8.846122771501541138e-03 4.842908680438995361e-02 5.022661760449409485e-02 8.057907223701477051e-03 4.236167762428522110e-03 1.291252300143241882e-02 1.619587466120719910e-02 1.666256226599216461e-02 1.291791163384914398e-02 4.214696586132049561e-03 1.241523772478103638e-02 7.213358301669359207e-03 2.291599288582801819e-03 1.950977183878421783e-02 2.922737412154674530e-02 1.152045745402574539e-02 6.156688556075096130e-03 1.932369545102119446e-03 2.059231325984001160e-02 2.255617268383502960e-02 1.811787858605384827e-02 2.740165451541543007e-03 1.435856521129608154e-02 3.221441758796572685e-03 3.338932991027832031e-02 3.165234345942735672e-03 3.459014371037483215e-02 5.424710107035934925e-04 3.486308082938194275e-02 4.881792701780796051e-04 2.881516702473163605e-02 4.131201654672622681e-03 5.401193629950284958e-03 3.240028163418173790e-03 1.115064416080713272e-02 6.163655780255794525e-03 3.771130926907062531e-03 1.395399309694766998e-02 6.242827046662569046e-03 2.692079870030283928e-04 1.461613457649946213e-02 1.234040968120098114e-02 1.024785824120044708e-02 8.649970404803752899e-04 4.914636723697185516e-03 4.292844608426094055e-02 6.442978046834468842e-03 3.879421576857566833e-02 1.188189350068569183e-02 1.408504415303468704e-02 7.816078141331672668e-03 2.478478848934173584e-02 2.389955148100852966e-02 1.459183357656002045e-02 8.355122059583663940e-03 1.366913784295320511e-02 1.986587792634963989e-02 1.432284805923700333e-02 2.112558670341968536e-02 2.331152372062206268e-02 2.060548402369022369e-02 3.130473569035530090e-02 3.479131730273365974e-03 3.087733499705791473e-02 5.728726275265216827e-03 3.595121577382087708e-02 2.933258377015590668e-02 6.033690646290779114e-03 2.260727994143962860e-02 1.649814099073410034e-02 2.496103011071681976e-02
5.272084474563598633e-02 8.402360677719116211e-01 1.220689527690410614e-02 1.335601322352886200e-02 4.467478021979331970e-03 5.027247965335845947e-02 5.240463837981224060e-02 2.575250528752803802e-02 5.139015614986419678e-03 5.112264771014451981e-03 4.271100088953971863e-02 3.636048175394535065e-03 4.268851876258850098e-02 1.244167145341634750e-02 8.654130622744560242e-03 1.432785019278526306e-02 1.050184946507215500e-02 9.381226263940334320e-03 1.705623976886272430e-02 2.952189743518829346e-02 2.442564815282821655e-02 8.877380751073360443e-03 1.338112726807594299e-02 1.383745856583118439e-02 3.077238239347934723e-02 1.963494531810283661e-02 2.690753713250160217e-02 3.049558494240045547e-03 1.122211012989282608e-02 8.445213548839092255e-03 2.559539303183555603e-02 2.746284753084182739e-02 2.328930422663688660e-02 2.399576082825660706e-02 1.085791364312171936e-02 1.856918632984161377e-02 1.908329874277114868e-02 3.291336819529533386e-02 1.112277619540691376e-02 1.413418632000684738e-02 3.101170994341373444e-02 1.323801837861537933e-02 2.132824808359146118e-02 2.003829367458820343e-02 2.596312668174505234e-03 2.047210931777954102e-03 4.553810879588127136e-02 4.926975816488265991e-02 2.065561525523662567e-02 4.699056502431631088e-03 2.117926813662052155e-02 2.459186827763915062e-03 1.022482104599475861e-02 1.383556518703699112e-02 1.563650928437709808e-02 1.643608137965202332e-02 1.170955691486597061e-02 2.582749817520380020e-03 1.182762067764997482e-02 1.792955584824085236e-02 1.074556726962327957e-02 7.269534282386302948e-03 8.220975287258625031e-03 8.066464215517044067e-03 1.355156954377889633e-02 1.373686175793409348e-02 1.504600513726472855e-02 1.956792362034320831e-02 5.077304318547248840e-03 2.933531999588012695e-02 1.389884203672409058e-02 2.069730684161186218e-02 3.721492597833275795e-03 3.672965988516807556e-02 1.201037739519961178e-04 3.126224875450134277e-02 1.006084401160478592e-02 1.774151995778083801e-02 2.118070144206285477e-03 1.936296373605728149e-02 3.933201369363814592e-04 9.868260473012924194e-03 1.355932652950286865e-02 1.951793953776359558e-02 6.199476774781942368e-03 2.375603839755058289e-02 5.298593081533908844e-03 9.843878448009490967e-03 1.105962693691253662e-02 1.567073725163936615e-02 3.632900863885879517e-02 1.884512137621641159e-03 3.392844647169113159e-02 1.959813991561532021e-03 1.782610453665256500e-02 7.276989519596099854e-03 2.622530795633792877e-02 3.077763132750988007e-02 1.534921862185001373e-02 8.124538697302341461e-03 2.178329415619373322e-02 2.744101546704769135e-02 1.816392503678798676e-02 2.482120878994464874e-02 2.439706586301326752e-02 2.298546582460403442e-02 3.122704662382602692e-02 1.447488646954298019e-02 3.270514309406280518e-02 9.315150789916515350e-03 4.112377390265464783e-02 3.006192110478878021e-02 1.145091932266950607e-02 1.916306093335151672e-02 2.359820157289505005e-02 2.791585773229598999e-02
1.580636203289031982e-02 1.220689527690410614e-02 8.402360677719116211e-01 1.406428124755620956e-02 1.743427128531038761e-04 2.498096972703933716e-02 1.523380540311336517e-02 5.219393223524093628e-02 2.471394650638103485e-02 2.998735569417476654e-02 6.803323049098253250e-03 7.378618232905864716e-03 4.341867752373218536e-03 5.197842605412006378e-03 1.197734382003545761e-02 4.761151038110256195e-03 8.505740202963352203e-03 1.891813240945339203e-02 1.600386761128902435e-02 7.218837272375822067e-04 1.327691366896033287e-03 1.740340143442153931e-02 2.503101341426372528e-02 2.506811730563640594e-02 4.416731186211109161e-03 6.879825610667467117e-03 1.274813152849674225e-02 3.464592387899756432e-03 2.111101523041725159e-02 4.103068262338638306e-03 2.740823198109865189e-03 3.068316262215375900e-03 1.043519284576177597e-02 1.120965275913476944e-02 3.504015738144516945e-03 1.086350530385971069e-02 3.302510362118482590e-03 1.736801862716674805e-02 1.000871043652296066e-02 1.053325086832046509e-02 1.904801465570926666e-02 1.579342968761920929e-02 2.195165678858757019e-02 5.841892678290605545e-03 2.169968001544475555e-02 8.379570208489894867e-03 1.343563385307788849e-02 5.072518717497587204e-03 1.155044045299291611e-02 2.174728177487850189e-02 1.447566784918308258e-02 7.553223986178636551e-03 2.130850218236446381e-02 1.895490288734436035e-02 1.874427311122417450e-02 1.487729605287313461e-03 1.870379038155078888e-02 4.229068756103515625e-02 6.354478187859058380e-03 9.080810472369194031e-03 2.064753323793411255e-03 4.017564933747053146e-03 1.014933641999959946e-02 9.488597512245178223e-03 3.616320667788386345e-03 7.035841234028339386e-03 1.219471823424100876e-02 1.238282956182956696e-02 1.792325638234615326e-02 2.208901196718215942e-02 2.215160056948661804e-02 6.317933090031147003e-03 6.446066778153181076e-03 6.382706575095653534e-03 8.089048787951469421e-03 1.061647757887840271e-02 3.106182441115379333e-02 1.803613640367984772e-02 7.195160724222660065e-03 7.461424451321363449e-03 6.383349746465682983e-02 5.357423052191734314e-02 1.375188399106264114e-02 1.952046342194080353e-02 1.799523830413818359e-02 1.173493359237909317e-02 2.100107073783874512e-02 1.248268131166696548e-02 1.283231284469366074e-02 9.661731310188770294e-03 6.168227642774581909e-03 5.029396153986454010e-03 1.734194904565811157e-02 6.209430284798145294e-03 9.884412400424480438e-03 6.441430188715457916e-03 6.958491634577512741e-03 1.254323218017816544e-02 2.405899018049240112e-02 2.630490809679031372e-02 1.888348907232284546e-02 2.746196277439594269e-02 4.332036245614290237e-03 2.262278087437152863e-02 1.248511485755443573e-02 3.276803763583302498e-03 1.234737038612365723e-02 1.119646616280078888e-02 2.632523141801357269e-02 1.442337408661842346e-02 7.027926389127969742e-03 3.294365853071212769e-02 5.996789317578077316e-03 6.982890423387289047e-03 1.678969152271747589e-02 1.985528506338596344e-02
5.260585807263851166e-03 1.335601322352886200e-02 1.406428124755620956e-02 8.402360677719116211e-01 6.551494449377059937e-02 1.962519995868206024e-02 1.011567562818527222e-02 2.503180876374244690e-02 2.664458937942981720e-02 2.122182026505470276e-02 1.657878165133297443e-03 1.202800869941711426e-02 9.858582168817520142e-03 5.460403626784682274e-04 1.333345100283622742e-02 2.088502980768680573e-02 1.560379751026630402e-02 4.265822097659111023e-02 2.666027285158634186e-02 4.063372500240802765e-03 8.101874031126499176e-03 4.260491114109754562e-03 1.428682357072830200e-02 8.224121294915676117e-03 2.193862572312355042e-03 1.699932664632797241e-02 7.552611175924539566e-03 1.825807266868650913e-04 2.034635841846466064e-02 6.801624316722154617e-03 2.904761058744043112e-04 1.994822360575199127e-02 1.925930567085742950e-02 2.295582089573144913e-03 1.711345277726650238e-02 2.205053810030221939e-03 8.993987925350666046e-03 5.841738078743219376e-03 4.571041837334632874e-02 3.707617521286010742e-02 3.820502897724509239e-03 2.683474309742450714e-02 1.451770681887865067e-02 1.163432933390140533e-02 3.295335685834288597e-03 4.593474324792623520e-03 1.066938880831003189e-02 5.816289223730564117e-03 3.728107362985610962e-02 7.180296350270509720e-03 7.984911091625690460e-03 2.642655745148658752e-02 3.202558308839797974e-02 3.082715533673763275e-02 2.932672761380672455e-02 2.166270278394222260e-03 2.193794772028923035e-02 3.243518993258476257e-02 1.278899330645799637e-02 1.293637417256832123e-02 4.862513393163681030e-02 4.247561097145080566e-02 2.313429303467273712e-02 1.685226708650588989e-02 1.204551383852958679e-02 1.271845865994691849e-02 2.966272458434104919e-02 2.555774757638573647e-03 3.020946681499481201e-02 2.315403893589973450e-02 1.697038486599922180e-02 3.945234231650829315e-03 6.014309078454971313e-02 1.285712327808141708e-02 4.357035458087921143e-02 3.756619524210691452e-03 1.928648911416530609e-03 6.528421770781278610e-03 3.525556996464729309e-02 7.635455578565597534e-03 2.415961958467960358e-02 2.597180008888244629e-02 5.251617357134819031e-02 7.143691182136535645e-03 1.033407542854547501e-02 1.622291281819343567e-02 3.008603118360042572e-02 8.008381351828575134e-03 9.970642859116196632e-04 6.978803779929876328e-03 1.041489932686090469e-02 1.358385942876338959e-02 1.650155335664749146e-02 7.395405322313308716e-03 1.227529440075159073e-02 2.901808917522430420e-02 1.555238384753465652e-02 5.358367692679166794e-03 9.023630991578102112e-03 1.844621822237968445e-02 1.996372826397418976e-02 2.212265739217400551e-03 2.371144667267799377e-02 4.808568395674228668e-03 1.807732880115509033e-02 8.460802957415580750e-03 1.912925858050584793e-03 1.399553194642066956e-02 2.726410282775759697e-03 2.360736951231956482e-02 8.002720773220062256e-03 1.423856243491172791e-02 2.443861775100231171e-02 5.677318666130304337e-03 2.412132732570171356e-02 5.725083407014608383e-03
1.742899185046553612e-03 4.467478021979331970e-03 1.743427128531038761e-04 6.551494449377059937e-02 8.402360677719116211e-01 7.758503314107656479e-03 3.986734896898269653e-03 1.375471428036689758e-02 3.150193020701408386e-02 1.742205210030078888e-02 5.367916892282664776e-04 1.958187296986579895e-02 1.942422124557197094e-03 1.015048380941152573e-02 2.251708507537841797e-02 2.238409221172332764e-02 1.910400204360485077e-02 4.283810034394264221e-02 3.208165988326072693e-02 4.031085409224033356e-03 9.275305201299488544e-04 1.731331087648868561e-02 1.682352088391780853e-02 8.597220294177532196e-03 9.474656544625759125e-04 1.050718780606985092e-02 2.393475733697414398e-02 8.097481913864612579e-03 2.002802863717079163e-02 1.520678633823990822e-04 2.372157061472535133e-03 1.986788585782051086e-02 1.993697881698608398e-02 2.340511186048388481e-03 1.795268617570400238e-02 1.354805566370487213e-02 1.639937050640583038e-02 1.649648696184158325e-02 5.055546015501022339e-02 6.046449765563011169e-02 1.231295801699161530e-02 2.546652778983116150e-02 4.661174491047859192e-03 8.052004501223564148e-03 1.044278591871261597e-02 3.450497752055525780e-04 6.093058735132217407e-03 5.568029824644327164e-03 2.812729775905609131e-02 3.313991939648985863e-03 4.476692702155560255e-04 1.128549408167600632e-02 2.617898397147655487e-02 2.720802463591098785e-02 1.744481734931468964e-02 1.686904346570372581e-03 1.361345220357179642e-02 2.063091099262237549e-02 1.643874496221542358e-02 1.230471860617399216e-02 4.980883374810218811e-02 4.283956810832023621e-02 7.535784039646387100e-03 1.005298085510730743e-02 1.668159663677215576e-02 1.876921020448207855e-02 2.067904174327850342e-02 1.126044429838657379e-03 1.836198382079601288e-02 2.832344174385070801e-02 9.367817081511020660e-03 1.271776296198368073e-02 5.585009977221488953e-02 1.415251474827528000e-02 5.673800036311149597e-02 1.480579376220703125e-02 9.070144966244697571e-03 3.402877831831574440e-03 3.525387868285179138e-02 9.057642892003059387e-03 1.563195884227752686e-02 9.256524033844470978e-03 4.687951132655143738e-02 1.838815398514270782e-02 6.197357550263404846e-03 1.191338244825601578e-02 2.963893674314022064e-02 1.415434665977954865e-02 3.586462000384926796e-03 1.193263195455074310e-02 1.005472615361213684e-02 2.578443288803100586e-02 5.619103554636240005e-03 9.331190027296543121e-03 2.325887419283390045e-02 2.308329753577709198e-02 1.334850792773067951e-03 1.256082206964492798e-03 5.117773544043302536e-03 1.090959738940000534e-02 1.697113923728466034e-02 9.778602980077266693e-03 1.879209419712424278e-03 1.422370504587888718e-02 9.618650190532207489e-03 1.356432586908340454e-02 2.533195540308952332e-03 1.917562633752822876e-02 6.272984202951192856e-03 2.503830939531326294e-02 1.210748497396707535e-02 6.203209515661001205e-03 2.429505810141563416e-02 4.677726421505212784e-03 1.622505672276020050e-02 7.792431279085576534e-04
4.989000409841537476e-02 5.027247965335845947e-02 2.498096972703933716e-02 1.962519995868206024e-02 7.758503314107656479e-03 8.402360677719116211e-01 5.385942384600639343e-02 3.348445892333984375e-02 7.787925656884908676e-03 5.759926978498697281e-03 4.174236953258514404e-02 1.531131193041801453e-02 4.254650324583053589e-02 2.031993307173252106e-02 1.149680279195308685e-02 1.164685562252998352e-02 1.123252324759960175e-02 1.245868392288684845e-02 7.934094406664371490e-03 2.351572923362255096e-02 1.324395276606082916e-02 7.200006861239671707e-03 2.114391513168811798e-02 2.554160915315151215e-02 2.610008418560028076e-02 1.479193940758705139e-02 1.897276192903518677e-02 7.376820780336856842e-03 2.480642870068550110e-03 1.119392830878496170e-02 2.003689855337142944e-02 2.714760228991508484e-02 2.863019891083240509e-02 2.878759428858757019e-02 1.681867241859436035e-02 2.083182707428932190e-02 1.767790690064430237e-02 1.783600449562072754e-02 3.232542658224701881e-03 1.385620608925819397e-02 1.946244016289710999e-02 1.836601458489894867e-02 2.135398052632808685e-02 1.819937117397785187e-02 3.640621202066540718e-03 5.570148350670933723e-04 5.219485610723495483e-02 4.680266603827476501e-02 2.472435496747493744e-02 8.740157820284366608e-03 1.660223864018917084e-02 1.186359324492514133e-03 2.635762095451354980e-03 2.063517458736896515e-03 2.220081724226474762e-02 1.845360919833183289e-02 1.400248054414987564e-02 1.106735970824956894e-02 1.070251408964395523e-02 1.281952299177646637e-02 1.000599190592765808e-02 1.961617963388562202e-03 1.870533265173435211e-02 8.238376118242740631e-03 1.683171279728412628e-02 1.674057170748710632e-02 1.639843918383121490e-02 1.935391873121261597e-02 2.869574353098869324e-03 3.038123436272144318e-02 5.080542061477899551e-03 1.864693127572536469e-02 4.471603780984878540e-03 3.512961789965629578e-02 2.988886786624789238e-03 2.408938854932785034e-02 2.779839094728231430e-03 1.728044264018535614e-02 7.175392936915159225e-03 1.539066527038812637e-02 6.536838132888078690e-03 9.891579858958721161e-03 9.914836846292018890e-03 2.340604737401008606e-02 2.052891254425048828e-02 2.498623169958591461e-02 3.325260244309902191e-03 1.559221372008323669e-02 3.557834075763821602e-03 6.177253555506467819e-03 3.015715815126895905e-02 2.517122775316238403e-03 2.948895283043384552e-02 4.704853985458612442e-03 1.202991511672735214e-02 3.812420181930065155e-04 3.127817064523696899e-02 2.597931027412414551e-02 1.606600359082221985e-02 1.175214070826768875e-02 2.332070469856262207e-02 3.318358585238456726e-02 1.803079992532730103e-02 1.570973917841911316e-02 2.059587836265563965e-02 2.500985749065876007e-02 3.030102886259555817e-02 1.312172785401344299e-02 3.657402470707893372e-02 1.402265671640634537e-02 3.217672929167747498e-02 1.394905801862478256e-02 1.687839813530445099e-02 1.447836868464946747e-02 2.363770455121994019e-02 1.428699586540460587e-02
5.115024745464324951e-02 5.240463837981224060e-02 1.523380540311336517e-02 1.011567562818527222e-02 3.986734896898269653e-03 5.385942384600639343e-02 8.402360677719116211e-01 2.795930765569210052e-02 5.163590889424085617e-03 5.974034313112497330e-03 3.945802152156829834e-02 8.671344257891178131e-03 3.952419012784957886e-02 2.274285815656185150e-02 6.657827645540237427e-03 1.626955717802047729e-02 1.420865580439567566e-02 8.776352740824222565e-03 1.431312318891286850e-02 2.925448678433895111e-02 2.248021587729454041e-02 1.172032300382852554e-02 1.276750210672616959e-02 1.969583332538604736e-02 2.916883118450641632e-02 2.281243354082107544e-02 2.634808793663978577e-02 9.993216954171657562e-03 1.309268083423376083e-02 2.099172398447990417e-02 2.104272507131099701e-02 2.273911982774734497e-02 2.159506455063819885e-02 2.519039250910282135e-02 1.508425734937191010e-02 1.651553064584732056e-02 2.161721698939800262e-02 2.985309250652790070e-02 1.064170524477958679e-02 1.258317939937114716e-02 3.108667768537998199e-02 1.150403730571269989e-02 1.913695596158504486e-02 2.616702206432819366e-02 2.177559072151780128e-04 5.454618303701863624e-07 5.161178857088088989e-02 5.429736897349357605e-02 1.860188506543636322e-02 8.343905210494995117e-03 2.194516919553279877e-02 4.398955963551998138e-03 4.166053142398595810e-03 7.885911501944065094e-03 1.584778726100921631e-02 2.084120362997055054e-02 1.360898278653621674e-02 4.613574594259262085e-03 9.478767402470111847e-03 1.332767494022846222e-02 1.404868718236684799e-02 1.069949008524417877e-02 5.837801378220319748e-03 7.708828430622816086e-03 1.336205843836069107e-02 1.138864737004041672e-02 1.101134158670902252e-02 2.121477946639060974e-02 1.100899884477257729e-03 2.976158820092678070e-02 5.140948574990034103e-03 2.595008350908756256e-02 1.240270939888432622e-04 3.551325947046279907e-02 4.249103367328643799e-04 3.122569620609283447e-02 7.897140458226203918e-03 1.567610912024974823e-02 4.891747143119573593e-03 1.928565092384815216e-02 6.796143716201186180e-04 1.101141236722469330e-02 4.290042445063591003e-03 1.578483730554580688e-02 8.220743387937545776e-03 2.022199891507625580e-02 3.072093473747372627e-03 6.220164708793163300e-03 7.065676618367433548e-03 8.574507199227809906e-03 3.683070838451385498e-02 3.924142103642225266e-03 3.887648135423660278e-02 6.232350133359432220e-03 1.852054148912429810e-02 9.589863941073417664e-03 2.620748057961463928e-02 2.967963181436061859e-02 1.422080025076866150e-02 4.066738300025463104e-03 2.077187225222587585e-02 2.991423569619655609e-02 1.467135548591613770e-02 2.198292315006256104e-02 1.605410687625408173e-02 2.093002386391162872e-02 3.866974636912345886e-02 1.386129390448331833e-02 3.814994171261787415e-02 1.233192067593336105e-02 3.733086213469505310e-02 2.652642130851745605e-02 7.428904063999652863e-03 1.713421940803527832e-02 1.848967187106609344e-02 2.584018930792808533e-02
2.115024812519550323e-02 2.575250528752803802e-02 5.219393223524093628e-02 2.503180876374244690e-02 1.375471428036689758e-02 3.348445892333984375e-02 2.795930765569210052e-02 8.402360677719116211e-01 2.459868602454662323e-02 1.277924422174692154e-02 1.188562158495187759e-02 1.095448248088359833e-02 1.683097146451473236e-02 7.252081297338008881e-03 2.082865312695503235e-02 1.568195410072803497e-02 2.150829881429672241e-02 1.308710966259241104e-02 2.291475608944892883e-02 9.368535131216049194e-03 1.403101626783609390e-02 5.539515987038612366e-03 2.606800943613052368e-02 2.330486103892326355e-02 1.727028377354145050e-02 1.054090820252895355e-02 2.308024093508720398e-02 4.725852515548467636e-03 2.266995422542095184e-02 6.473152898252010345e-03 5.857185460627079010e-03 1.842447929084300995e-02 2.270223572850227356e-02 1.843296550214290619e-02 5.842886865139007568e-03 8.332576602697372437e-03 2.684695878997445107e-03 1.142936013638973236e-02 1.157451979815959930e-02 5.275773815810680389e-03 9.259932674467563629e-03 2.017045207321643829e-02 2.116082422435283661e-02 1.213854271918535233e-02 7.579685654491186142e-03 4.788764286786317825e-03 2.547151595354080200e-02 2.073704078793525696e-02 1.762582547962665558e-02 1.161511708050966263e-02 9.844710119068622589e-03 2.697624964639544487e-03 2.259850874543190002e-02 1.270749699324369431e-02 2.015634626150131226e-02 4.053205717355012894e-03 1.072402019053697586e-02 3.844342008233070374e-02 1.635399297811090946e-03 2.069704933091998100e-03 1.935048028826713562e-03 5.165953654795885086e-03 2.627005241811275482e-02 1.113867480307817459e-02 5.097256042063236237e-03 7.892080582678318024e-03 2.109691314399242401e-02 2.552577294409275055e-02 2.182829007506370544e-02 3.371885418891906738e-02 1.250131614506244659e-02 1.878606528043746948e-02 1.840460486710071564e-02 2.175398357212543488e-02 7.933591492474079132e-03 1.923616789281368256e-02 2.928118407726287842e-02 7.131519727408885956e-03 5.383633077144622803e-03 1.569711044430732727e-02 4.282680153846740723e-02 3.846324980258941650e-02 1.323086180491372943e-04 3.139537572860717773e-02 1.915142498910427094e-02 1.184155605733394623e-02 2.554610744118690491e-02 1.067396998405456543e-02 5.825828760862350464e-03 5.794134922325611115e-03 4.549493081867694855e-03 3.544554580003023148e-03 1.821390585973858833e-03 2.452210756018757820e-03 2.530464902520179749e-03 9.757450316101312637e-04 7.447618059813976288e-03 3.642159514129161835e-03 3.741699084639549255e-02 2.101963944733142853e-02 1.607955247163772583e-02 2.284658886492252350e-02 4.703717771917581558e-03 2.540593268349766731e-03 1.387983746826648712e-02 1.608188636600971222e-02 2.367077581584453583e-02 1.278464309871196747e-02 2.109046094119548798e-02 2.540224045515060425e-02 1.832188107073307037e-02 1.285026315599679947e-03 1.434493158012628555e-02 1.829355023801326752e-02 1.062025781720876694e-02 1.765355095267295837e-02
2.809576923027634621e-03 5.139015614986419678e-03 2.471394650638103485e-02 2.664458937942981720e-02 3.150193020701408386e-02 7.787925656884908676e-03 5.163590889424085617e-03 2.459868602454662323e-02 8.402360677719116211e-01 5.231941863894462585e-02 3.111493540927767754e-03 2.926760353147983551e-02 7.841434329748153687e-03 2.806375268846750259e-03 2.143690735101699829e-02 6.100505124777555466e-03 1.766492798924446106e-02 8.104707114398479462e-03 2.872758172452449799e-02 4.225963260978460312e-03 5.008813925087451935e-03 6.446169689297676086e-03 4.061370715498924255e-02 3.090577758848667145e-02 8.623870089650154114e-03 6.537583656609058380e-03 1.010021567344665527e-02 1.905367150902748108e-02 1.809361018240451813e-02 2.514602849259972572e-03 1.766568422317504883e-02 1.679427362978458405e-02 1.930149644613265991e-02 5.185231100767850876e-03 1.100318506360054016e-03 8.374043740332126617e-03 2.883581910282373428e-03 4.870807286351919174e-03 3.184779360890388489e-02 2.264702320098876953e-02 5.904978141188621521e-03 4.347738251090049744e-02 2.530135400593280792e-02 1.792248710989952087e-02 1.154042035341262817e-02 1.241700351238250732e-02 3.006143029779195786e-03 3.390853293240070343e-03 2.755654789507389069e-02 1.964799501001834869e-02 7.681496441364288330e-03 1.558763347566127777e-02 1.041928399354219437e-02 1.916855387389659882e-02 3.092393651604652405e-02 2.148736268281936646e-03 1.264129998162388802e-03 1.060197781771421432e-02 1.313255913555622101e-02 6.473080720752477646e-03 1.028715725988149643e-02 1.046694535762071609e-02 1.918663270771503448e-02 4.920250270515680313e-03 7.033132482320070267e-03 1.481038983911275864e-02 1.349582057446241379e-02 1.242848957190290093e-04 2.926770225167274475e-02 3.722420660778880119e-03 2.589013613760471344e-02 1.131641399115324020e-02 3.579537943005561829e-02 7.399024441838264465e-03 3.172639012336730957e-02 9.009943343698978424e-03 7.069195806980133057e-02 3.256470710039138794e-02 2.717489562928676605e-02 1.519173104315996170e-02 1.199749950319528580e-02 2.315657399594783783e-02 3.038977039977908134e-03 1.871068589389324188e-02 4.288759548217058182e-03 9.316847659647464752e-03 7.033905130811035633e-04 1.253430731594562531e-02 2.707037143409252167e-02 2.164121530950069427e-02 1.315826922655105591e-02 2.019600011408329010e-03 1.662921160459518433e-02 5.909970495849847794e-03 6.174922455102205276e-03 3.560751792974770069e-04 1.571437157690525055e-02 7.970928214490413666e-03 5.575640127062797546e-02 4.604164883494377136e-02 2.224497310817241669e-02 9.038670919835567474e-03 2.771662315353751183e-03 1.355153601616621017e-02 1.286407187581062317e-02 1.708406052784994245e-04 9.407974430359899998e-04 5.443843081593513489e-03 6.860279012471437454e-03 2.160738594830036163e-02 3.015755210071802139e-03 7.673324085772037506e-03 1.388776232488453388e-03 1.319029740989208221e-02 1.130524324253201485e-03 1.724053727230057120e-04
2.976660151034593582e-03 5.112264771014451981e-03 2.998735569417476654e-02 2.122182026505470276e-02 1.742205210030078888e-02 5.759926978498697281e-03 5.974034313112497330e-03 1.277924422174692154e-02 5.231941863894462585e-02 8.402360677719116211e-01 3.549035405740141869e-03 1.912644319236278534e-02 1.541796326637268066e-02 1.328595727682113647e-02 1.683159917593002319e-02 1.052407387760467827e-04 1.928251795470714569e-02 2.985380822792649269e-03 2.009479515254497528e-02 3.846139297820627689e-04 6.953747011721134186e-03 1.314341928809881210e-02 2.294767089188098907e-02 2.566147036850452423e-02 5.524131003767251968e-03 1.416209503076970577e-03 1.188411377370357513e-03 6.621432257816195488e-04 2.401517995167523623e-04 4.568011965602636337e-03 3.063132427632808685e-02 4.630310460925102234e-03 8.549445308744907379e-03 4.411624744534492493e-03 3.146179486066102982e-03 4.237236920744180679e-03 3.605729201808571815e-03 1.319621806032955647e-03 3.635982424020767212e-02 1.955024898052215576e-02 1.577268540859222412e-02 3.005002997815608978e-02 1.171705126762390137e-02 1.869665086269378662e-02 5.679678171873092651e-03 1.599796698428690434e-03 3.144026966765522957e-03 1.732875243760645390e-04 1.791945844888687134e-02 4.861473664641380310e-02 1.902214065194129944e-02 2.515154890716075897e-02 1.873951032757759094e-02 1.479903049767017365e-02 2.588481642305850983e-02 2.503444254398345947e-02 8.280902169644832611e-03 6.345192668959498405e-04 1.149645447731018066e-02 6.423647981137037277e-03 2.565965056419372559e-02 5.563620012253522873e-03 9.149228222668170929e-03 1.395642198622226715e-02 2.390201843809336424e-04 1.205232273787260056e-02 7.917773909866809845e-03 1.002190448343753815e-02 2.411614358425140381e-02 2.333656448172405362e-04 5.403176322579383850e-02 1.301249489188194275e-02 3.056770190596580505e-02 2.268550358712673187e-02 1.552002690732479095e-02 3.639615373685956001e-03 4.551237449049949646e-02 7.154729962348937988e-02 1.376597769558429718e-02 4.399342462420463562e-02 5.402728915214538574e-03 8.881489746272563934e-03 5.496804136782884598e-03 1.299769431352615356e-02 2.706898143514990807e-03 3.143207402899861336e-03 3.714471124112606049e-03 1.374724693596363068e-02 1.348092127591371536e-02 2.614182606339454651e-02 9.486232884228229523e-03 1.621937938034534454e-02 1.185888983309268951e-02 9.520931169390678406e-03 1.065329881384968758e-03 1.646509277634322643e-03 3.157560154795646667e-02 1.400935836136341095e-02 3.842272236943244934e-02 4.141727089881896973e-02 8.499209070578217506e-04 5.899657960981130600e-03 5.018563941121101379e-03 1.351878698915243149e-02 1.177003048360347748e-02 2.097118087112903595e-02 1.730795204639434814e-02 1.766208745539188385e-02 7.567233406007289886e-03 4.717523232102394104e-03 1.205698587000370026e-02 1.036124676465988159e-02 1.117497030645608902e-02 6.138799362815916538e-04 2.938360266853123903e-04 7.844563573598861694e-03
5.711160972714424133e-02 4.271100088953971863e-02 6.803323049098253250e-03 1.657878165133297443e-03 5.367916892282664776e-04 4.174236953258514404e-02 3.945802152156829834e-02 1.188562158495187759e-02 3.111493540927767754e-03 3.549035405740141869e-03 8.402360677719116211e-01 5.166360177099704742e-03 4.667903482913970947e-02 1.585736870765686035e-02 4.070254415273666382e-02 3.420999506488442421e-03 4.309740383177995682e-03 7.852866314351558685e-03 4.952789749950170517e-04 1.205398607999086380e-02 1.165791694074869156e-02 2.315454883500933647e-03 9.613803587853908539e-03 1.174840703606605530e-02 1.948867179453372955e-02 1.137550361454486847e-02 2.110767550766468048e-02 6.049912422895431519e-03 2.344587817788124084e-02 5.857896991074085236e-03 3.314475715160369873e-02 1.823474094271659851e-02 2.748976461589336395e-02 1.153055578470230103e-02 2.015838213264942169e-02 1.335457433015108109e-02 1.589270681142807007e-02 2.665444090962409973e-02 2.034845948219299316e-02 1.773604191839694977e-02 2.301362156867980957e-02 1.514863595366477966e-02 1.590215414762496948e-02 1.211047545075416565e-02 3.018916118890047073e-03 1.195179950445890427e-02 4.256789013743400574e-02 4.112258553504943848e-02 4.933528602123260498e-03 9.062510915100574493e-03 1.524751819670200348e-02 1.580850034952163696e-02 3.208603337407112122e-02 2.170961163938045502e-02 3.090458689257502556e-03 1.140960957854986191e-02 1.176101248711347580e-02 4.430308938026428223e-03 2.959076315164566040e-02 4.199678450822830200e-02 1.103086397051811218e-02 1.172355562448501587e-02 7.568225730210542679e-03 2.795199491083621979e-02 3.380063921213150024e-02 3.552960604429244995e-02 1.383235096000134945e-03 1.256264187395572662e-02 1.350995968095958233e-03 2.283211424946784973e-02 4.630014300346374512e-03 2.654864825308322906e-02 5.998846143484115601e-03 2.668208070099353790e-02 9.645637474022805691e-04 2.731066383421421051e-02 1.361801638267934322e-03 9.270506561733782291e-04 2.338270656764507294e-03 5.960018374025821686e-03 1.043896377086639404e-02 1.186289079487323761e-02 1.096107997000217438e-02 7.948901620693504810e-04 3.486151341348886490e-03 1.688217930495738983e-02 3.003411181271076202e-02 2.532130479812622070e-02 5.204282701015472412e-03 3.880452597513794899e-03 4.056985303759574890e-02 1.229712087661027908e-02 3.972798213362693787e-02 2.509365091100335121e-03 8.656433783471584320e-04 1.388378208503127098e-03 1.427111774682998657e-02 2.149266749620437622e-02 2.342809550464153290e-02 1.691255159676074982e-02 1.021741330623626709e-02 1.281581725925207138e-02 2.675454365089535713e-03 1.324522122740745544e-02 3.444038704037666321e-02 3.042886778712272644e-02 2.041107974946498871e-02 2.744461642578244209e-03 1.859725639224052429e-02 1.162853185087442398e-02 2.577548101544380188e-02 2.373092994093894958e-02 5.400212947279214859e-03 1.762368157505989075e-02 1.349057909101247787e-02 1.082040928304195404e-02
1.449667662382125854e-02 3.636048175394535065e-03 7.378618232905864716e-03 1.202800869941711426e-02 1.958187296986579895e-02 1.531131193041801453e-02 8.671344257891178131e-03 1.095448248088359833e-02 2.926760353147983551e-02 1.912644319236278534e-02 5.166360177099704742e-03 8.402360677719116211e-01 7.705040741711854935e-03 6.097364053130149841e-02 1.746832579374313354e-02 1.571928523480892181e-02 2.167067304253578186e-02 3.462366061285138130e-03 1.514530926942825317e-02 7.891095243394374847e-03 1.927643828094005585e-02 3.410102054476737976e-02 4.655631631612777710e-02 4.089079424738883972e-02 1.088819280266761780e-02 1.325061358511447906e-02 1.699206046760082245e-02 6.021039187908172607e-02 1.272979378700256348e-02 3.719584271311759949e-02 1.622202433645725250e-02 1.954196719452738762e-03 2.038076519966125488e-03 1.229224610142409801e-03 1.284006889909505844e-02 7.165894843637943268e-03 1.731307990849018097e-02 3.388723591342568398e-03 1.792664639651775360e-02 1.401138212531805038e-02 1.024391036480665207e-02 1.859803870320320129e-02 1.257589028682559729e-04 7.590824272483587265e-03 5.901839584112167358e-02 2.726337313652038574e-02 1.545983552932739258e-02 1.184706576168537140e-02 1.589204766787588596e-03 6.719992030411958694e-03 1.617678813636302948e-02 3.366469219326972961e-02 8.830779232084751129e-03 1.964123174548149109e-02 6.769373547285795212e-03 9.100730530917644501e-03 2.963632531464099884e-02 5.020293407142162323e-03 3.263042075559496880e-03 7.893245667219161987e-03 4.035050515085458755e-03 1.347192283719778061e-02 1.085253339260816574e-02 9.960479103028774261e-03 4.756516776978969574e-03 1.419939752668142319e-02 1.567825488746166229e-02 1.686180010437965393e-02 2.946503646671772003e-02 2.257963456213474274e-02 3.397336602210998535e-02 2.833135239779949188e-02 1.037503406405448914e-02 2.921128645539283752e-03 9.971303865313529968e-03 6.059866398572921753e-03 3.947940096259117126e-02 3.072504885494709015e-02 5.055402219295501709e-02 2.118085138499736786e-02 2.692755369935184717e-04 7.970384322106838226e-04 9.927261620759963989e-03 6.465435493737459183e-03 6.721098441630601883e-03 9.955621324479579926e-03 6.815267261117696762e-03 1.057055592536926270e-02 5.102965235710144043e-02 4.240846633911132812e-02 3.481063526123762131e-03 3.316731378436088562e-02 8.296540006995201111e-03 2.788873016834259033e-02 5.373470485210418701e-03 1.137185841798782349e-02 6.208301521837711334e-03 7.605141028761863708e-03 8.712665177881717682e-03 1.359140127897262573e-02 1.023382786661386490e-02 3.990956582129001617e-03 1.915632933378219604e-02 1.095821207854896784e-04 2.340166456997394562e-02 1.703862100839614868e-02 6.358552724123001099e-03 6.534656044095754623e-03 3.717153798788785934e-03 7.167277857661247253e-03 1.247224770486354828e-02 9.161674417555332184e-03 5.273030605167150497e-03 1.847824640572071075e-02 9.857448749244213104e-03 8.073392324149608612e-03
4.101992025971412659e-02 4.268851876258850098e-02 4.341867752373218536e-03 9.858582168817520142e-03 1.942422124557197094e-03 4.254650324583053589e-02 3.952419012784957886e-02 1.683097146451473236e-02 7.841434329748153687e-03 1.541796326637268066e-02 4.667903482913970947e-02 7.705040741711854935e-03 8.402360677719116211e-01 5.538475699722766876e-03 3.406309708952903748e-02 4.605105204973369837e-04 2.715960144996643066e-03 2.381544373929500580e-02 9.265046566724777222e-03 2.564645744860172272e-02 1.552450377494096756e-02 1.420757174491882324e-02 9.192333556711673737e-03 8.162572048604488373e-03 2.902710996568202972e-02 1.262057200074195862e-02 6.491401232779026031e-03 2.035534940659999847e-02 2.108137123286724091e-02 5.994649138301610947e-03 3.858046606183052063e-02 2.394937537610530853e-02 2.624013833701610565e-02 2.235995233058929443e-02 1.465820614248514175e-02 1.421225443482398987e-02 1.768341287970542908e-02 1.877274736762046814e-02 1.212747395038604736e-02 1.455639954656362534e-02 1.898398809134960175e-02 1.364324800670146942e-02 2.648134715855121613e-02 1.773536577820777893e-02 8.476749993860721588e-03 1.027350965887308121e-02 3.984569758176803589e-02 3.636540845036506653e-02 1.976329088211059570e-02 9.806703776121139526e-03 1.824750192463397980e-02 4.263781593181192875e-04 1.735996268689632416e-02 1.472043152898550034e-02 1.340118981897830963e-02 1.697287522256374359e-02 1.303821150213479996e-02 3.542412770912051201e-03 2.583133988082408905e-02 3.223836794495582581e-02 4.701687954366207123e-03 7.772506214678287506e-03 1.233585644513368607e-02 1.238635648041963577e-02 2.832608297467231750e-02 4.067956283688545227e-02 1.292730215936899185e-02 2.224436216056346893e-02 1.644631661474704742e-02 1.229593623429536819e-02 1.600324362516403198e-02 1.146877836436033249e-02 6.410506088286638260e-03 2.838999219238758087e-02 4.551065620034933090e-03 2.561023645102977753e-02 1.536878757178783417e-02 2.090034633874893188e-02 4.889725707471370697e-03 1.767392829060554504e-02 7.719039916992187500e-03 5.576147232204675674e-03 2.458833716809749603e-02 1.776444539427757263e-02 5.559947807341814041e-03 2.956368960440158844e-02 2.207670919597148895e-02 3.225595131516456604e-02 2.505938708782196045e-02 1.801500283181667328e-02 3.568578884005546570e-02 2.263148501515388489e-02 3.132777288556098938e-02 2.145183831453323364e-02 4.892139113508164883e-04 1.083550695329904556e-02 2.662093192338943481e-02 2.958048507571220398e-02 1.819927431643009186e-02 1.617036573588848114e-02 1.423552259802818298e-02 2.351317740976810455e-02 9.335773065686225891e-03 1.315177232027053833e-02 2.811642922461032867e-02 2.902407385408878326e-02 2.091673761606216431e-02 3.626410849392414093e-03 2.062129974365234375e-02 5.836469121277332306e-03 2.158287912607192993e-02 1.411832217127084732e-02 1.603922247886657715e-02 1.905018649995326996e-02 1.670483499765396118e-02 1.165819261223077774e-02
