8.368788361549377441e-01 8.377327769994735718e-02 2.169014886021614075e-02 1.083646714687347412e-02 4.469908308237791061e-03 6.994099915027618408e-02 5.686426162719726562e-02 6.334398407489061356e-03 4.371607676148414612e-03 1.963367499411106110e-02 7.836449891328811646e-02 2.087632752954959869e-02 7.270100712776184082e-02 2.593393623828887939e-02 8.122234605252742767e-03 1.344486419111490250e-02 1.346455072052776814e-03 6.471483968198299408e-03 1.502410043030977249e-02 1.208005379885435104e-02 1.454571844078600407e-03 1.615389063954353333e-02 1.273355679586529732e-03 1.304103294387459755e-03 1.143723353743553162e-02 1.549168489873409271e-02 2.550070919096469879e-02 2.072990685701370239e-02 6.792903412133455276e-03 1.140395924448966980e-02 1.626566611230373383e-02 8.696568198502063751e-03 6.852833903394639492e-04 3.114191640634089708e-04 9.927352890372276306e-03 7.380778901278972626e-03 1.167042995803058147e-03 9.547780267894268036e-03 3.034738256246782839e-05 7.710915990173816681e-03 1.669914461672306061e-02 1.076542679220438004e-02 1.917092013172805309e-03 1.587266288697719574e-02 2.773386612534523010e-02 2.469166368246078491e-02 7.269690930843353271e-02 5.107082426548004150e-02 7.476156111806631088e-03 9.102404117584228516e-03 1.051100320182740688e-03 8.397571742534637451e-03 1.101990509778261185e-02 3.542852820828557014e-03 1.286111492663621902e-02 3.976605832576751709e-03 1.768900826573371887e-02 7.074881810694932938e-03 3.103152848780155182e-04 2.206754684448242188e-02 2.737918309867382050e-02 1.316917967051267624e-02 1.679772324860095978e-02 8.071385324001312256e-03 3.749096021056175232e-02 5.218167230486869812e-02 9.054771624505519867e-03 3.883064724504947662e-03 4.312387667596340179e-03 1.879190467298030853e-02 1.051266584545373917e-02 4.798037000000476837e-03 1.397211849689483643e-02 1.204720884561538696e-02 1.345828734338283539e-02 5.380733869969844818e-03 5.918363109230995178e-03 1.242421381175518036e-02 9.303106926381587982e-03 4.715795163065195084e-03 2.596874907612800598e-02 4.805233620572835207e-04 9.104791097342967987e-03 5.971366073936223984e-03 1.650072075426578522e-02 7.664845790714025497e-03 5.067594349384307861e-03 2.226246148347854614e-02 8.632108569145202637e-03 5.490043200552463531e-03 4.470839351415634155e-02 1.949888840317726135e-02 3.920922428369522095e-02 3.055202029645442963e-02 3.961743786931037903e-03 1.465882174670696259e-02 7.222229614853858948e-03 5.161141045391559601e-03 9.018652141094207764e-03 5.344476550817489624e-03 2.296165376901626587e-02 2.167569100856781006e-02 1.103550288826227188e-02 1.038848073221743107e-03 1.564555615186691284e-02 9.776685619726777077e-04 2.180099487304687500e-03 6.932314950972795486e-03 1.027053501456975937e-02 1.831729151308536530e-02 1.768164336681365967e-02 1.062761433422565460e-02 1.114581711590290070e-03 5.244829226285219193e-03 1.341297850012779236e-02 4.546698648482561111e-03
8.377327769994735718e-02 8.368788361549377441e-01 7.542802486568689346e-03 6.973505951464176178e-03 8.631719276309013367e-03 7.925897836685180664e-02 6.911598145961761475e-02 7.480013184249401093e-03 3.510915848892182112e-05 9.699989110231399536e-03 7.499346137046813965e-02 2.139571309089660645e-02 7.687455415725708008e-02 2.956145815551280975e-02 2.973659196868538857e-03 7.845672778785228729e-03 3.197656013071537018e-03 3.026091493666172028e-03 4.495388828217983246e-03 1.721070520579814911e-02 4.515635315328836441e-03 2.126914821565151215e-02 2.742105163633823395e-03 4.091896582394838333e-03 1.703256741166114807e-02 1.587959751486778259e-02 2.364524267613887787e-02 1.703145168721675873e-02 2.274063881486654282e-03 1.187293417751789093e-02 2.408503554761409760e-02 1.228174753487110138e-02 1.642012153752148151e-03 5.431704688817262650e-03 9.379350580275058746e-03 1.219593454152345657e-02 4.342767875641584396e-03 1.115387026220560074e-02 7.521127816289663315e-03 1.434326171875000000e-02 1.270609349012374878e-02 5.463715177029371262e-03 1.225262531079351902e-03 1.324066426604986191e-02 3.351984545588493347e-02 2.264983393251895905e-02 7.264786958694458008e-02 5.643107742071151733e-02 1.315884664654731750e-02 3.913898952305316925e-03 7.346550002694129944e-03 6.391773931682109833e-03 1.453272253274917603e-02 1.184915541671216488e-03 1.555653568357229233e-02 7.992102764546871185e-03 1.549361553043127060e-02 4.117963835597038269e-03 5.554188508540391922e-03 1.834721490740776062e-02 2.117365971207618713e-02 1.283699832856655121e-02 1.542990840971469879e-02 5.342373624444007874e-03 3.429569303989410400e-02 5.245056375861167908e-02 1.414336264133453369e-02 2.532720682211220264e-04 1.847529551014304161e-03 9.327563457190990448e-03 1.257299724966287613e-02 6.709740031510591507e-03 8.259934373199939728e-03 5.293352529406547546e-03 4.711536224931478500e-03 7.094092201441526413e-03 2.704229438677430153e-03 1.241060998290777206e-02 8.729935623705387115e-03 8.406576700508594513e-03 1.654158718883991241e-02 1.233949884772300720e-02 1.376443449407815933e-02 8.892420679330825806e-03 2.245583944022655487e-02 8.163598366081714630e-03 3.139818785712122917e-03 8.996229618787765503e-03 3.060253337025642395e-03 5.859068594872951508e-03 3.851070627570152283e-02 3.135781362652778625e-02 3.477023914456367493e-02 1.180580258369445801e-02 6.321772467344999313e-03 1.812355965375900269e-02 6.324092391878366470e-03 2.081669401377439499e-03 1.510231848806142807e-02 8.474995382130146027e-03 2.927351370453834534e-02 2.515361271798610687e-02 3.210191149264574051e-03 1.312192156910896301e-02 1.515650935471057892e-02 4.305344540625810623e-03 1.471064053475856781e-03 9.992045350372791290e-03 1.296418253332376480e-02 1.838621869683265686e-02 1.675192266702651978e-02 5.965292453765869141e-03 5.490538664162158966e-03 4.585706628859043121e-03 1.357362046837806702e-02 1.975022722035646439e-03
2.169014886021614075e-02 7.542802486568689346e-03 8.368788361549377441e-01 9.691756218671798706e-03 2.556086704134941101e-02 1.197414705529808998e-03 5.637692520394921303e-04 2.242136374115943909e-02 8.418896235525608063e-03 1.364610344171524048e-02 9.636937640607357025e-03 5.883461795747280121e-03 8.722947910428047180e-03 4.775832872837781906e-03 7.813863456249237061e-03 6.321297027170658112e-03 1.280460599809885025e-02 1.499075442552566528e-02 1.148778945207595825e-02 1.690082810819149017e-02 2.138349786400794983e-02 3.169217379763722420e-03 4.055832047015428543e-03 2.012920752167701721e-02 1.047416776418685913e-02 1.507636066526174545e-02 1.549648400396108627e-02 1.192182954400777817e-02 7.226717192679643631e-03 1.014008931815624237e-02 1.131012104451656342e-02 8.583977818489074707e-03 3.339727222919464111e-02 8.930873125791549683e-03 2.261460945010185242e-02 8.133996278047561646e-03 5.839124321937561035e-03 3.551286179572343826e-03 1.588983088731765747e-02 1.692909002304077148e-02 2.376057673245668411e-03 5.536894313991069794e-04 2.744829282164573669e-03 1.491269795224070549e-04 4.052772186696529388e-03 2.056045690551400185e-03 1.076044701039791107e-02 1.111637987196445465e-02 9.696355089545249939e-03 2.215399435954168439e-04 1.828468032181262970e-02 2.136150375008583069e-02 8.440646342933177948e-03 1.555428653955459595e-02 2.543956600129604340e-02 9.643411263823509216e-03 5.725968629121780396e-03 6.226330995559692383e-03 4.242845345288515091e-03 1.507553388364613056e-03 4.303096327930688858e-03 5.307119805365800858e-03 2.375274710357189178e-02 2.341081388294696808e-02 2.190601825714111328e-02 1.396272610872983932e-02 2.301415242254734039e-02 1.769607886672019958e-02 4.044983070343732834e-03 1.022348646074533463e-02 7.184945046901702881e-03 1.227164268493652344e-02 5.874354392290115356e-03 4.733417183160781860e-03 1.997436210513114929e-02 5.693670827895402908e-03 1.533965580165386200e-02 4.441082477569580078e-03 1.602047681808471680e-02 7.705526892095804214e-03 6.901793926954269409e-02 2.382505312561988831e-02 1.471029128879308701e-03 1.115475129336118698e-02 7.942562922835350037e-03 5.893451627343893051e-03 1.039907336235046387e-02 1.039308030158281326e-02 1.384988427162170410e-03 5.234763491898775101e-03 1.941285282373428345e-02 2.814721688628196716e-02 1.743280515074729919e-02 1.914848946034908295e-02 1.148104388266801834e-02 1.344587095081806183e-02 1.647804677486419678e-02 1.395569276064634323e-02 1.797330216504633427e-03 2.270034514367580414e-02 1.190511230379343033e-02 1.967548020184040070e-02 1.322774868458509445e-02 1.378392241895198822e-02 1.584691926836967468e-02 2.578222751617431641e-02 6.720207165926694870e-04 2.280526328831911087e-03 1.073983218520879745e-02 8.619947358965873718e-03 1.031685713678598404e-02 5.863240920007228851e-03 1.795679144561290741e-02 3.172559663653373718e-03 1.032991986721754074e-02 2.615007804706692696e-03
1.083646714687347412e-02 6.973505951464176178e-03 9.691756218671798706e-03 8.368788361549377441e-01 3.161442652344703674e-02 3.854183014482259750e-03 1.175319426693022251e-03 4.305863287299871445e-03 1.361416094005107880e-02 4.145136568695306778e-03 5.552215036004781723e-03 3.656549751758575439e-02 5.939183756709098816e-03 3.187237307429313660e-02 3.870430635288357735e-03 4.307190328836441040e-02 1.660245284438133240e-02 3.931613266468048096e-02 4.059407394379377365e-03 1.114538099500350654e-04 6.479438394308090210e-03 7.715202402323484421e-03 3.043439984321594238e-02 9.369291365146636963e-03 1.020500715821981430e-02 9.127973578870296478e-03 1.423728093504905701e-02 3.640716522932052612e-02 1.031412836164236069e-02 2.931998856365680695e-02 1.004098681733012199e-03 1.690964214503765106e-02 7.950888248160481453e-04 1.145896594971418381e-02 8.333524689078330994e-03 1.437665312550961971e-03 3.861468983814120293e-03 1.289024110883474350e-02 4.867133125662803650e-02 1.547279860824346542e-02 2.720393612980842590e-02 5.383203737437725067e-03 4.602740053087472916e-03 2.529273740947246552e-03 2.286657504737377167e-02 6.670591421425342560e-03 4.245161544531583786e-03 8.793649263679981232e-03 1.955115981400012970e-02 2.293909527361392975e-02 6.336847785860300064e-03 4.518334288150072098e-03 8.787927217781543732e-03 2.059096656739711761e-02 5.124308634549379349e-03 1.371352933347225189e-03 2.330124191939830780e-02 4.721629898995161057e-03 9.502369910478591919e-03 2.895004115998744965e-02 2.822351269423961639e-02 4.670893773436546326e-03 4.045940935611724854e-02 6.594876293092966080e-03 9.001407772302627563e-03 7.273985538631677628e-04 1.051574666053056717e-02 1.289838831871747971e-02 2.205719053745269775e-02 1.789057441055774689e-02 2.025907486677169800e-02 1.682480983436107635e-02 6.052901968359947205e-02 3.265192359685897827e-02 5.093249678611755371e-02 2.745498716831207275e-02 3.181495517492294312e-02 2.591190300881862640e-02 9.025841020047664642e-03 6.338490638881921768e-04 3.297320008277893066e-02 2.454177662730216980e-02 4.232268407940864563e-02 1.363620162010192871e-02 2.713294140994548798e-02 3.294559195637702942e-02 1.059994194656610489e-02 1.749076321721076965e-02 4.409091919660568237e-02 2.638643980026245117e-02 1.400331221520900726e-02 1.051421090960502625e-02 1.467963494360446930e-02 8.573173545300960541e-03 5.785246612504124641e-04 2.010390860959887505e-03 3.094806894659996033e-02 2.320467494428157806e-02 1.620529405772686005e-02 1.820568926632404327e-02 2.603485714644193649e-03 1.435722690075635910e-02 3.197032585740089417e-02 2.759416215121746063e-02 8.480255492031574249e-03 1.018326450139284134e-02 1.255467068403959274e-03 2.754241786897182465e-02 2.251305989921092987e-02 1.086502708494663239e-02 4.169721901416778564e-02 2.881962619721889496e-02 2.290991134941577911e-03 3.663764335215091705e-03 2.621670998632907867e-02 2.826494630426168442e-03
4.469908308237791061e-03 8.631719276309013367e-03 2.556086704134941101e-02 3.161442652344703674e-02 8.368788361549377441e-01 1.494046393781900406e-02 8.939295075833797455e-03 2.058017440140247345e-02 1.786782220005989075e-02 1.309468690305948257e-02 5.227548070251941681e-03 8.834136649966239929e-03 8.066258742474019527e-04 1.610206253826618195e-02 3.168033063411712646e-02 9.121170267462730408e-03 2.451088093221187592e-02 2.499082498252391815e-02 1.232564356178045273e-02 1.618969067931175232e-02 1.468579471111297607e-02 2.633010037243366241e-02 2.863240893930196762e-03 8.308007381856441498e-03 1.854353956878185272e-02 8.706378750503063202e-03 3.619648981839418411e-03 3.204718232154846191e-03 1.872468739748001099e-02 2.079724334180355072e-02 5.450748372822999954e-03 1.201096083968877792e-02 2.294941060245037079e-02 9.825582616031169891e-03 7.980310358107089996e-03 1.418614387512207031e-02 1.946063712239265442e-02 1.987088099122047424e-02 3.317483514547348022e-02 4.353904351592063904e-02 8.423112332820892334e-03 2.728899242356419563e-03 1.811286993324756622e-02 2.050388604402542114e-02 1.235234364867210388e-02 3.057497553527355194e-02 7.873540744185447693e-03 6.480689626187086105e-04 1.337943784892559052e-02 4.441713914275169373e-03 3.265575692057609558e-02 2.250569127500057220e-02 3.092974983155727386e-02 1.487192045897245407e-02 8.849360980093479156e-03 2.127801813185214996e-02 8.829164318740367889e-03 1.069252286106348038e-02 3.913164138793945312e-02 1.121986308135092258e-03 2.267058752477169037e-02 2.650523744523525238e-02 2.342819795012474060e-02 1.677515543997287750e-02 8.868400007486343384e-03 3.657610213849693537e-04 1.108118891716003418e-02 1.432211836799979210e-03 1.934968121349811554e-02 1.645878702402114868e-02 1.364993862807750702e-02 1.587199606001377106e-02 1.230574306100606918e-02 1.873461529612541199e-02 3.134758770465850830e-02 1.134996418841183186e-03 8.567666634917259216e-03 1.417612005025148392e-02 4.457402043044567108e-03 1.059678103774785995e-02 5.452270153909921646e-03 1.784455962479114532e-02 8.473214693367481232e-03 1.956620067358016968e-02 3.248932538554072380e-03 9.537576697766780853e-03 2.382547967135906219e-02 2.226937189698219299e-02 1.771224633557721972e-04 1.982356607913970947e-02 2.224037190899252892e-03 1.338440272957086563e-02 4.532486665993928909e-03 1.731724664568901062e-02 9.824535809457302094e-03 2.723140269517898560e-02 2.252471633255481720e-02 2.336092060431838036e-03 8.578280918300151825e-03 9.715968742966651917e-03 1.127695757895708084e-02 7.832415401935577393e-03 1.928538084030151367e-02 1.471995934844017029e-02 2.263703756034374237e-02 7.624323479831218719e-03 2.072309516370296478e-02 2.371310070157051086e-02 7.022654172033071518e-03 1.061984989792108536e-02 1.507265213876962662e-02 1.047397498041391373e-02 1.302453223615884781e-02 2.443741261959075928e-02 4.644773434847593307e-03 1.572833396494388580e-02
6.994099915027618408e-02 7.925897836685180664e-02 1.197414705529808998e-03 3.854183014482259750e-03 1.494046393781900406e-02 8.368788361549377441e-01 7.797513902187347412e-02 1.634509116411209106e-02 5.638488801196217537e-04 9.874252602458000183e-03 6.416371464729309082e-02 1.743775419890880585e-02 6.752180308103561401e-02 2.393586747348308563e-02 7.852583803469315171e-05 9.313691407442092896e-03 4.433616064488887787e-03 3.910533618181943893e-03 2.202405361458659172e-03 2.138144336640834808e-02 1.398017257452011108e-02 2.510820515453815460e-02 8.845835924148559570e-03 4.849182907491922379e-03 1.398509088903665543e-02 1.305393129587173462e-02 2.468745224177837372e-02 1.406205538660287857e-02 9.053993038833141327e-03 7.153852377086877823e-03 1.856134086847305298e-02 5.323219113051891327e-03 6.515482906252145767e-03 4.083044826984405518e-03 9.758599102497100830e-03 1.811847649514675140e-02 1.530994661152362823e-02 1.016769465059041977e-02 2.108160965144634247e-02 1.661192625761032104e-02 1.572867482900619507e-02 1.365488674491643906e-02 3.033972810953855515e-03 2.269140444695949554e-02 3.091525658965110779e-02 1.701554469764232635e-02 7.889141887426376343e-02 5.695439875125885010e-02 9.671784006059169769e-03 1.231696369359269738e-04 1.238460373133420944e-02 1.059469487518072128e-02 1.638641208410263062e-02 8.624230395071208477e-04 1.649815589189529419e-02 1.806111261248588562e-02 3.863931866362690926e-03 2.720089862123131752e-03 1.336511690169572830e-02 1.506290305405855179e-02 1.347044017165899277e-02 1.376105844974517822e-02 1.902476884424686432e-02 1.022670883685350418e-02 2.754146419465541840e-02 4.946916550397872925e-02 1.088343560695648193e-02 2.410084707662463188e-03 7.482493296265602112e-03 1.520296279340982437e-02 1.397099811583757401e-02 1.072481460869312286e-02 3.585170488804578781e-03 5.882405675947666168e-03 7.754026446491479874e-03 9.027266874909400940e-03 5.984104354865849018e-04 1.489485334604978561e-02 9.935037232935428619e-03 7.292647380381822586e-03 6.351386662572622299e-03 2.675809198990464211e-03 1.728831417858600616e-02 8.449749089777469635e-03 1.413745433092117310e-02 5.393550731241703033e-03 6.958062294870615005e-03 1.609343849122524261e-02 6.401211721822619438e-04 1.118099968880414963e-02 3.333597630262374878e-02 2.855471335351467133e-02 3.235428780317306519e-02 9.938790462911128998e-03 9.410148486495018005e-03 2.451894618570804596e-02 8.165285922586917877e-03 1.318468712270259857e-03 2.516317879781126976e-03 5.029950290918350220e-03 2.671515010297298431e-02 2.034439519047737122e-02 6.030161865055561066e-03 1.539315283298492432e-02 2.359661459922790527e-02 4.309647250920534134e-03 9.957405738532543182e-03 1.022726111114025116e-02 1.354840397834777832e-02 1.421223022043704987e-02 1.527805626392364502e-02 6.784113589674234390e-03 9.892747737467288971e-03 8.310453034937381744e-03 1.531752943992614746e-02 7.696595974266529083e-03
5.686426162719726562e-02 6.911598145961761475e-02 5.637692520394921303e-04 1.175319426693022251e-03 8.939295075833797455e-03 7.797513902187347412e-02 8.368788361549377441e-01 1.884860172867774963e-02 3.265048377215862274e-03 1.614363747648894787e-03 5.641419440507888794e-02 1.974251680076122284e-02 5.973041430115699768e-02 2.697329036891460419e-02 5.512456875294446945e-03 5.807038396596908569e-04 4.889106377959251404e-03 3.589300438761711121e-03 1.033026166260242462e-02 2.770263142883777618e-02 2.074891701340675354e-02 3.196102380752563477e-02 1.032281387597322464e-02 1.910513499751687050e-03 2.239466086030006409e-02 1.948343776166439056e-02 3.035155497491359711e-02 7.762888912111520767e-03 6.120410282164812088e-03 5.257595330476760864e-03 2.846181951463222504e-02 9.586957283318042755e-03 5.891021341085433960e-03 7.524879183620214462e-03 1.362840365618467331e-02 1.903424412012100220e-02 1.548053231090307236e-02 1.319478638470172882e-02 1.895305141806602478e-02 1.844833791255950928e-02 1.657571457326412201e-02 6.079103797674179077e-03 3.386592725291848183e-03 8.865044452250003815e-03 3.644492849707603455e-02 2.717244252562522888e-02 7.075405120849609375e-02 6.599631905555725098e-02 1.544577535241842270e-02 3.839759447146207094e-04 1.809889450669288635e-02 1.039934344589710236e-02 1.553223282098770142e-02 1.076032989658415318e-03 1.521062664687633514e-02 1.884497702121734619e-02 1.881653297459706664e-04 3.906060475856065750e-03 1.142061129212379456e-02 1.064561773091554642e-02 5.080871284008026123e-03 1.663518510758876801e-02 1.558715756982564926e-02 8.990661241114139557e-03 2.600005641579627991e-02 5.054607987403869629e-02 1.794295758008956909e-02 8.143720217049121857e-03 1.728637376800179482e-03 6.702880840748548508e-03 1.669268123805522919e-02 1.049443054944276810e-02 1.218457327922806144e-04 2.845570677891373634e-03 1.122945174574851990e-02 9.597899392247200012e-03 7.677574642002582550e-03 1.121884118765592575e-02 8.470832370221614838e-03 1.810996793210506439e-02 8.662110194563865662e-03 1.192792900837957859e-03 2.031826600432395935e-02 5.824635270982980728e-03 2.035930193960666656e-02 9.374273009598255157e-03 5.700849462300539017e-03 1.020204368978738785e-02 3.294455818831920624e-03 8.716533891856670380e-03 3.525293618440628052e-02 3.236533328890800476e-02 4.321661964058876038e-02 4.961439408361911774e-03 1.781417429447174072e-02 2.731875516474246979e-02 8.644334971904754639e-03 1.908507547341287136e-04 1.489805337041616440e-02 1.035027205944061279e-02 3.294979035854339600e-02 2.267830446362495422e-02 2.019115723669528961e-03 1.953737996518611908e-02 2.135020121932029724e-02 1.749358838424086571e-03 1.126774773001670837e-02 1.367104891687631607e-02 1.862270571291446686e-02 1.715897768735885620e-02 1.518083363771438599e-02 1.367134880274534225e-02 1.439931616187095642e-02 4.474369343370199203e-03 2.101578749716281891e-02 1.781591586768627167e-02
6.334398407489061356e-03 7.480013184249401093e-03 2.242136374115943909e-02 4.305863287299871445e-03 2.058017440140247345e-02 1.634509116411209106e-02 1.884860172867774963e-02 8.368788361549377441e-01 2.614412829279899597e-02 2.480428665876388550e-02 1.480943616479635239e-02 1.871673762798309326e-02 9.624122758395969868e-04 1.063624490052461624e-02 1.898176036775112152e-02 8.668068796396255493e-03 2.636296441778540611e-03 1.521301106549799442e-03 1.697660982608795166e-02 1.936450041830539703e-02 2.661681361496448517e-02 3.707687370479106903e-03 6.057984661310911179e-03 1.297558378428220749e-02 1.293549779802560806e-02 2.137493342161178589e-02 4.726623650640249252e-03 6.774352863430976868e-03 2.326901815831661224e-02 1.738281548023223877e-02 3.928771708160638809e-03 6.121321581304073334e-03 1.846624724566936493e-02 1.342134177684783936e-02 2.996151894330978394e-02 3.031347878277301788e-02 4.035362601280212402e-02 1.351199671626091003e-02 1.707699033431708813e-03 7.842077873647212982e-03 1.487639360129833221e-02 9.386009769514203072e-04 1.296058110892772675e-02 2.331922017037868500e-02 2.459526993334293365e-02 1.615532301366329193e-02 4.957835655659437180e-03 1.430794410407543182e-02 4.944929387420415878e-03 1.238836813718080521e-02 2.423358708620071411e-02 2.635306119918823242e-02 7.795960642397403717e-03 2.236730605363845825e-02 1.010073069483041763e-02 1.140713784843683243e-02 6.274419371038675308e-03 1.257544755935668945e-02 1.239947602152824402e-02 2.804301911965012550e-03 9.252858581021428108e-04 7.872121408581733704e-03 9.713855572044849396e-03 2.687647379934787750e-02 5.383394658565521240e-03 7.161939516663551331e-03 1.215898711234331131e-02 1.453937217593193054e-02 4.954049363732337952e-03 3.994388040155172348e-03 6.601306609809398651e-03 1.054914202541112900e-02 5.040541291236877441e-03 6.103282212279736996e-04 5.737670697271823883e-03 6.022745743393898010e-03 9.691053070127964020e-03 9.924389421939849854e-03 2.880891039967536926e-02 3.158712387084960938e-02 3.479038178920745850e-02 1.856444776058197021e-02 9.988841600716114044e-03 1.807860098779201508e-02 1.245655678212642670e-02 3.145481459796428680e-04 1.360576599836349487e-02 2.066518925130367279e-02 1.491849683225154877e-02 1.042853575199842453e-02 2.872998127713799477e-03 8.039409294724464417e-03 1.840518228709697723e-02 1.288095954805612564e-02 1.906803250312805176e-02 2.942693233489990234e-02 1.767908781766891479e-02 1.302986033260822296e-02 1.890971558168530464e-03 2.197184972465038300e-02 4.384205676615238190e-03 1.999587938189506531e-02 1.310703926719725132e-03 1.795329339802265167e-02 1.906021125614643097e-02 2.116591110825538635e-02 1.542265154421329498e-02 2.795654116198420525e-03 1.917666383087635040e-02 9.709812700748443604e-03 1.025310065597295761e-02 5.627443548291921616e-03 4.791454877704381943e-03 6.791273131966590881e-03 9.189870208501815796e-03 2.207722514867782593e-03
4.371607676148414612e-03 3.510915848892182112e-05 8.418896235525608063e-03 1.361416094005107880e-02 1.786782220005989075e-02 5.638488801196217537e-04 3.265048377215862274e-03 2.614412829279899597e-02 8.368788361549377441e-01 2.613941393792629242e-02 1.505467295646667480e-02 2.275471761822700500e-02 1.915060915052890778e-02 1.094434503465890884e-02 4.345295019447803497e-03 1.442434918135404587e-02 1.810349203879013658e-05 4.295204207301139832e-02 1.122268289327621460e-02 2.398566715419292450e-02 2.754853665828704834e-02 1.545509602874517441e-02 2.139591611921787262e-02 1.967891817912459373e-03 3.068767860531806946e-02 4.608067125082015991e-02 5.081972107291221619e-03 3.174551296979188919e-03 9.599572047591209412e-03 9.162987582385540009e-03 7.674216176383197308e-04 1.872715074568986893e-03 1.024094037711620331e-02 1.517734304070472717e-02 2.939584665000438690e-02 5.403765477240085602e-03 1.733939535915851593e-02 6.992827635258436203e-03 1.016725413501262665e-02 7.460443302989006042e-03 6.384204607456922531e-03 6.832858547568321228e-03 2.500208280980587006e-02 8.637567050755023956e-03 2.399675361812114716e-02 9.294050745666027069e-03 5.830651149153709412e-03 2.303596353158354759e-03 1.526839286088943481e-02 1.852027699351310730e-02 1.996489986777305603e-02 1.041199918836355209e-02 3.093577921390533447e-02 3.033167310059070587e-02 3.550897911190986633e-02 2.902412228286266327e-02 2.058851532638072968e-02 3.013532422482967377e-02 1.873825676739215851e-02 3.229062259197235107e-02 2.070047333836555481e-02 2.371260523796081543e-02 5.574190523475408554e-03 3.185423091053962708e-02 5.156998056918382645e-03 1.320811733603477478e-02 1.912015303969383240e-02 2.635886520147323608e-02 1.477229967713356018e-02 1.768809393979609013e-03 1.536996569484472275e-02 5.390056874603033066e-03 5.760651081800460815e-03 2.206918317824602127e-03 1.272136066108942032e-02 6.301094777882099152e-03 4.763645678758621216e-02 8.070522919297218323e-03 5.399315431714057922e-02 9.031285531818866730e-03 1.814182475209236145e-02 2.085129171609878540e-02 1.598971709609031677e-02 1.348390942439436913e-04 1.620619371533393860e-02 8.427109569311141968e-03 1.833573915064334869e-02 3.674220293760299683e-02 2.218020521104335785e-02 5.411627236753702164e-03 1.603907556273043156e-03 1.736832596361637115e-02 3.838529810309410095e-03 1.167879719287157059e-02 2.231303229928016663e-02 2.532628597691655159e-03 5.586078856140375137e-03 2.039543725550174713e-02 6.689609028398990631e-03 1.140505119110457599e-04 1.404459774494171143e-02 2.744234353303909302e-02 3.634012537077069283e-04 7.829514332115650177e-03 2.341347187757492065e-02 4.390427470207214355e-02 1.626844331622123718e-02 8.886216208338737488e-03 3.103273920714855194e-02 2.848092839121818542e-02 6.785967707401141524e-05 2.208597259595990181e-03 2.027346193790435791e-02 2.274992503225803375e-02 3.924875520169734955e-03 1.007318310439586639e-02
1.963367499411106110e-02 9.699989110231399536e-03 1.364610344171524048e-02 4.145136568695306778e-03 1.309468690305948257e-02 9.874252602458000183e-03 1.614363747648894787e-03 2.480428665876388550e-02 2.613941393792629242e-02 8.368788361549377441e-01 6.721957121044397354e-03 9.054055437445640564e-03 1.283463463187217712e-02 1.459101680666208267e-02 1.613056100904941559e-02 6.523043848574161530e-04 1.527565903961658478e-02 1.409411057829856873e-02 6.933630257844924927e-02 2.302146516740322113e-02 2.422448620200157166e-02 7.232707925140857697e-03 6.203485187143087387e-03 1.696092635393142700e-02 1.876211911439895630e-02 1.614057645201683044e-02 2.916048979386687279e-03 2.097490616142749786e-02 5.189073737710714340e-03 1.726430281996726990e-02 3.432881087064743042e-03 1.821633242070674896e-02 3.298641368746757507e-02 2.155164629220962524e-02 2.350938133895397186e-02 2.049234695732593536e-02 8.667204529047012329e-03 5.644612014293670654e-03 1.095740497112274170e-02 9.597673080861568451e-03 3.414282808080315590e-03 1.829398237168788910e-02 2.697992022149264812e-04 2.827660646289587021e-03 9.223417378962039948e-03 2.019960246980190277e-02 1.206982322037220001e-02 3.518662881106138229e-03 2.492877840995788574e-02 1.621127687394618988e-02 3.427035175263881683e-03 4.029048234224319458e-02 4.445456434041261673e-03 1.095163752324879169e-03 3.385134972631931305e-03 2.127010747790336609e-02 1.377298217266798019e-02 1.724944822490215302e-02 1.269795349799096584e-03 6.516261491924524307e-03 1.438503526151180267e-02 3.016429580748081207e-02 1.874229684472084045e-02 9.150836616754531860e-03 5.788873415440320969e-03 1.564050093293190002e-02 2.812808379530906677e-02 3.239778056740760803e-02 1.657407358288764954e-02 4.443104565143585205e-02 3.276719897985458374e-02 6.291053257882595062e-03 3.259024349972605705e-03 3.573334962129592896e-02 7.897719740867614746e-03 8.623479865491390228e-03 1.469444483518600464e-02 6.343881785869598389e-02 1.359340175986289978e-02 5.759805068373680115e-02 7.390222046524286270e-03 3.465537680312991142e-03 1.221565343439579010e-02 5.758136510848999023e-02 1.302979979664087296e-02 3.662609378807246685e-04 1.322391070425510406e-02 1.075626257807016373e-02 1.839231513440608978e-02 3.680567443370819092e-02 2.503018127754330635e-03 1.893655024468898773e-02 8.751546032726764679e-03 2.306840382516384125e-02 1.323988381773233414e-02 3.122136928141117096e-03 1.754902303218841553e-02 5.595108959823846817e-03 1.572206243872642517e-02 1.959989033639431000e-02 1.976798847317695618e-02 2.199672907590866089e-02 1.186580024659633636e-02 2.114663645625114441e-02 9.603450074791908264e-03 1.334686530753970146e-03 1.971339061856269836e-02 4.004307091236114502e-03 2.735123969614505768e-02 4.441903438419103622e-03 4.133376292884349823e-03 2.499837428331375122e-03 9.502460248768329620e-03 1.353596989065408707e-02 1.454772613942623138e-02 5.240111146122217178e-03
7.836449891328811646e-02 7.499346137046813965e-02 9.636937640607357025e-03 5.552215036004781723e-03 5.227548070251941681e-03 6.416371464729309082e-02 5.641419440507888794e-02 1.480943616479635239e-02 1.505467295646667480e-02 6.721957121044397354e-03 8.368788361549377441e-01 8.086715824902057648e-03 7.816111296415328979e-02 2.010601572692394257e-02 3.934642765671014786e-03 2.797658322378993034e-03 1.139292027801275253e-02 1.257277280092239380e-02 8.876363746821880341e-03 1.954821636900305748e-03 1.041496731340885162e-02 2.349275536835193634e-02 8.469146676361560822e-03 5.414867191575467587e-04 6.169409025460481644e-03 3.769658971577882767e-03 2.861085906624794006e-02 7.506900466978549957e-03 2.036005631089210510e-02 7.186759263277053833e-03 3.288636356592178345e-02 3.839371027424931526e-03 8.786359801888465881e-03 9.881865233182907104e-03 5.717223510146141052e-03 1.778099685907363892e-02 1.323844399303197861e-02 7.593638729304075241e-03 1.552609261125326157e-03 3.424212569370865822e-03 1.322229579091072083e-02 1.547386590391397476e-02 6.950768176466226578e-03 2.773204352706670761e-03 3.020045720040798187e-02 3.998290747404098511e-02 6.500861048698425293e-02 5.352453142404556274e-02 2.597302896901965141e-03 1.799410581588745117e-02 3.157067578285932541e-03 6.649896968156099319e-03 3.245839849114418030e-03 1.049482729285955429e-02 7.431718055158853531e-03 1.382018718868494034e-02 1.183517393656075001e-03 9.558459743857383728e-03 7.045493461191654205e-03 2.650085464119911194e-02 1.245153788477182388e-02 8.226763457059860229e-03 4.773164168000221252e-03 7.262276485562324524e-03 5.825988948345184326e-02 5.885523557662963867e-02 5.184239242225885391e-03 7.387962657958269119e-03 1.354938931763172150e-02 5.005896557122468948e-03 3.994229715317487717e-03 1.690275967121124268e-03 1.332562230527400970e-02 2.131432760506868362e-03 1.287243887782096863e-02 5.659921560436487198e-03 1.517780963331460953e-02 4.722494632005691528e-03 3.589280822779983282e-04 1.839107275009155273e-02 2.386182174086570740e-02 2.514719380997121334e-04 1.750286552123725414e-03 2.611099043861031532e-03 3.997939638793468475e-03 4.623122047632932663e-03 1.278901938349008560e-02 2.562564238905906677e-02 4.565595183521509171e-03 1.815235358662903309e-03 4.308765381574630737e-02 3.685505688190460205e-02 3.957781568169593811e-02 2.643006667494773865e-02 7.969795726239681244e-03 1.706062629818916321e-02 7.849143003113567829e-04 2.961747348308563232e-03 7.886518724262714386e-04 2.849846845492720604e-03 1.545940432697534561e-02 9.681149385869503021e-03 8.818377740681171417e-03 7.503343280404806137e-03 1.662062248215079308e-03 1.435669884085655212e-02 1.236543292179703712e-03 1.846951991319656372e-02 1.047157216817140579e-02 3.174993023276329041e-02 1.890619285404682159e-02 1.056887675076723099e-02 1.125269569456577301e-02 1.483607199043035507e-02 1.403986848890781403e-02 1.574649102985858917e-02
2.087632752954959869e-02 2.139571309089660645e-02 5.883461795747280121e-03 3.656549751758575439e-02 8.834136649966239929e-03 1.743775419890880585e-02 1.974251680076122284e-02 1.871673762798309326e-02 2.275471761822700500e-02 9.054055437445640564e-03 8.086715824902057648e-03 8.368788361549377441e-01 8.213205263018608093e-03 5.898434668779373169e-02 2.072289772331714630e-02 3.578170016407966614e-02 2.406081371009349823e-02 1.126597169786691666e-02 2.784771611914038658e-03 1.666192337870597839e-02 8.726320229470729828e-03 2.417807839810848236e-02 4.895658418536186218e-02 3.578130528330802917e-02 2.139609865844249725e-02 1.049267593771219254e-02 1.548567041754722595e-02 4.972040280699729919e-02 8.031431585550308228e-03 3.981264680624008179e-02 2.311370801180601120e-03 2.315574511885643005e-02 1.036772225052118301e-02 2.046957984566688538e-02 1.832950860261917114e-02 1.458932738751173019e-02 6.617357023060321808e-03 9.350280277431011200e-03 1.822728477418422699e-02 5.452708341181278229e-03 2.168241329491138458e-02 1.759025081992149353e-02 2.549525350332260132e-02 1.793552935123443604e-02 2.806694060564041138e-02 5.933379754424095154e-03 1.061238348484039307e-02 1.832160726189613342e-02 2.643463201820850372e-02 2.957812510430812836e-02 1.741076074540615082e-02 4.511749371886253357e-03 1.189159601926803589e-02 1.955697499215602875e-02 1.391560584306716919e-02 1.995331980288028717e-02 7.220844272524118423e-03 8.160499855875968933e-03 1.701478660106658936e-02 1.267830934375524521e-02 4.513186286203563213e-04 1.776105538010597229e-02 2.400564495474100113e-03 1.772125065326690674e-02 7.283992599695920944e-03 1.004623156040906906e-02 2.804604731500148773e-02 2.393806725740432739e-02 2.214922197163105011e-02 1.563459262251853943e-02 5.937601439654827118e-03 1.373877935111522675e-02 2.740044333040714264e-02 2.284839376807212830e-02 2.411807142198085785e-02 2.196285687386989594e-02 2.598010003566741943e-02 1.869917288422584534e-02 2.804958447813987732e-02 1.667801104485988617e-02 3.693145234137773514e-03 1.831821724772453308e-02 2.056056074798107147e-02 5.935255903750658035e-03 3.809977322816848755e-02 3.216599300503730774e-02 2.445318503305315971e-03 1.443326193839311600e-02 4.856076836585998535e-02 2.785002626478672028e-02 1.646034419536590576e-02 2.203607000410556793e-02 1.635503955185413361e-02 1.539401855552569032e-04 1.512166811153292656e-03 1.478964230045676231e-03 1.911697722971439362e-02 2.281074784696102142e-02 2.995510958135128021e-02 2.088093012571334839e-02 1.223510131239891052e-02 2.416512928903102875e-02 1.479180995374917984e-02 3.096183063462376595e-03 1.575019396841526031e-02 2.817713655531406403e-02 1.288938103243708611e-03 7.789249066263437271e-04 1.964728720486164093e-02 9.401574730873107910e-03 3.469100594520568848e-02 3.457536548376083374e-02 2.423769049346446991e-02 2.001534402370452881e-02 2.233285456895828247e-02 4.907383117824792862e-03
7.270100712776184082e-02 7.687455415725708008e-02 8.722947910428047180e-03 5.939183756709098816e-03 8.066258742474019527e-04 6.752180308103561401e-02 5.973041430115699768e-02 9.624122758395969868e-04 1.915060915052890778e-02 1.283463463187217712e-02 7.816111296415328979e-02 8.213205263018608093e-03 8.368788361549377441e-01 1.999947801232337952e-02 8.354620076715946198e-03 1.226464984938502312e-03 1.347360946238040924e-02 1.534802559763193130e-02 9.749096818268299103e-03 1.118121389299631119e-02 2.891557291150093079e-03 3.613837435841560364e-02 1.444023009389638901e-02 4.188976250588893890e-03 4.739629104733467102e-03 2.329611917957663536e-03 2.839038521051406860e-02 1.325582340359687805e-02 2.053072676062583923e-02 1.178628858178853989e-02 4.155552387237548828e-02 6.343079265207052231e-03 2.210724400356411934e-03 1.358269073534756899e-04 9.983777068555355072e-03 1.273805461823940277e-02 2.680439210962504148e-04 5.748569034039974213e-03 1.597485505044460297e-02 1.081454008817672729e-02 1.893036253750324249e-02 5.177636630833148956e-03 3.728064475581049919e-03 9.664964862167835236e-03 2.603625692427158356e-02 3.013469278812408447e-02 7.012213021516799927e-02 5.659329146146774292e-02 3.887927858158946037e-03 9.424486197531223297e-03 7.900333032011985779e-03 1.088382583111524582e-02 4.937545396387577057e-03 1.287341490387916565e-02 1.334627438336610794e-02 4.164983984082937241e-03 4.746100399643182755e-03 1.211233716458082199e-02 1.825076411478221416e-03 2.786974236369132996e-02 1.685749553143978119e-02 1.139904838055372238e-03 1.054179668426513672e-02 7.898676209151744843e-03 5.073859170079231262e-02 6.512170284986495972e-02 9.520019521005451679e-04 8.751436136662960052e-03 7.506052032113075256e-03 8.065085276030004025e-04 7.345665246248245239e-03 9.900583885610103607e-03 6.875155493617057800e-03 1.654171937843784690e-04 1.927021658048033714e-03 9.154489962384104729e-04 1.499956566840410233e-02 1.303062867373228073e-02 4.556722939014434814e-03 1.195961888879537582e-02 1.035000942647457123e-02 4.775126930326223373e-03 1.373064471408724785e-03 3.477853024378418922e-03 8.774269372224807739e-03 4.270173609256744385e-03 2.016309835016727448e-02 3.470530733466148376e-02 5.971904844045639038e-03 2.981345402076840401e-03 4.342814162373542786e-02 4.012223705649375916e-02 3.976223617792129517e-02 3.501089289784431458e-02 8.705904707312583923e-03 1.434160862118005753e-02 1.031070854514837265e-02 9.320194367319345474e-04 1.478081475943326950e-02 9.540881030261516571e-03 1.389757450670003891e-02 8.501148782670497894e-03 2.010788582265377045e-02 6.387512665241956711e-03 3.850995795801281929e-03 1.238451711833477020e-02 7.794228848069906235e-03 1.863473281264305115e-02 8.229943923652172089e-03 3.255936503410339355e-02 1.645619235932826996e-02 1.139966398477554321e-02 2.549898577854037285e-03 7.067259401082992554e-03 1.021975092589855194e-02 2.264629490673542023e-02
