8.356925249099731445e-01 6.811596453189849854e-02 1.106094382703304291e-02 2.090012095868587494e-02 2.170367725193500519e-02 4.632879793643951416e-02 4.206401482224464417e-02 1.538811158388853073e-02 1.486783940345048904e-02 9.805326350033283234e-03 6.251407414674758911e-02 7.620038464665412903e-03 5.502973869442939758e-02 1.556203048676252365e-02 5.113217514008283615e-03 4.672863986343145370e-03 9.876013733446598053e-03 2.648464590311050415e-02 3.631149232387542725e-02 3.540597972460091114e-04 6.128142122179269791e-03 1.007118448615074158e-02 6.486230064183473587e-03 1.694383099675178528e-02 1.027878466993570328e-02 1.060222927480936050e-02 3.406523913145065308e-02 3.191355499438941479e-04 2.327294461429119110e-02 1.130483485758304596e-02 2.627479471266269684e-02 3.240213263779878616e-03 1.878205873072147369e-02 1.512562856078147888e-03 1.856289990246295929e-02 8.318961597979068756e-03 2.637748606503009796e-02 2.183610200881958008e-02 1.862067542970180511e-02 2.857814915478229523e-02 1.097092777490615845e-02 1.399794965982437134e-02 5.953451618552207947e-03 1.713141053915023804e-02 1.308721490204334259e-02 4.997950978577136993e-03 1.854571141302585602e-02 8.225450292229652405e-03 1.105141453444957733e-02 2.398859476670622826e-03 2.330934628844261169e-02 1.462592370808124542e-02 2.057375013828277588e-02 2.782447729259729385e-03 8.584975264966487885e-03 9.724277071654796600e-03 3.557433933019638062e-02 3.513047471642494202e-02 4.364277236163616180e-03 9.113326668739318848e-03 2.445410564541816711e-02 2.984782680869102478e-02 2.011537179350852966e-02 1.453434489667415619e-02 3.508849814534187317e-02 2.836277149617671967e-02 1.052359468303620815e-03 3.862631041556596756e-03 7.196633610874414444e-03 1.872827671468257904e-02 6.059639155864715576e-03 2.853868156671524048e-02 8.812006562948226929e-03 2.091231755912303925e-02 1.275694370269775391e-02 2.967282198369503021e-02 2.184698358178138733e-02 1.253844611346721649e-02 2.182214753702282906e-03 8.995034731924533844e-03 4.848729353398084641e-03 1.978087471798062325e-03 3.128926083445549011e-02 3.493272885680198669e-02 1.055710390210151672e-02 4.691722337156534195e-03 1.455240999348461628e-03 1.531501184217631817e-03 9.536443394608795643e-04 3.708946518599987030e-03 2.444411069154739380e-02 6.710627116262912750e-03 1.474979426711797714e-02 2.660091407597064972e-02 4.348753020167350769e-03 9.406529366970062256e-03 9.111714549362659454e-03 2.462024427950382233e-02 1.345155201852321625e-02 1.439476013183593750e-02 1.086063589900732040e-02 2.995516639202833176e-03 3.685104660689830780e-03 6.001411471515893936e-03 1.975600235164165497e-02 2.157213352620601654e-02 1.203833054751157761e-02 3.750327229499816895e-02 3.239052137359976768e-03 3.369916975498199463e-02 1.624663174152374268e-02 1.179726794362068176e-02 4.737602081149816513e-03 1.005226280540227890e-02 7.140768226236104965e-03 1.078629028052091599e-02
6.811596453189849854e-02 8.356925249099731445e-01 3.829531488008797169e-04 1.369934063404798508e-02 8.099514991044998169e-03 4.543082788586616516e-02 6.494977325201034546e-02 6.932510994374752045e-03 1.625014655292034149e-02 3.390540555119514465e-02 7.424457371234893799e-02 1.142231631092727184e-03 7.547348737716674805e-02 1.282652001827955246e-02 9.376478381454944611e-03 1.600342057645320892e-02 7.567555177956819534e-03 1.740182191133499146e-02 3.147200122475624084e-02 5.608992185443639755e-03 2.051280112937092781e-03 1.623373595066368580e-03 5.142217036336660385e-03 7.664310745894908905e-03 7.783316075801849365e-03 7.931535132229328156e-03 3.162017092108726501e-02 8.117753895930945873e-04 8.451679721474647522e-03 5.752021446824073792e-03 1.634909212589263916e-02 1.895472407341003418e-02 1.576486974954605103e-02 1.040650438517332077e-02 1.936705224215984344e-02 4.992295987904071808e-03 4.264255519956350327e-03 2.442364394664764404e-02 1.444830372929573059e-02 2.649827301502227783e-02 4.373331554234027863e-03 1.239045616239309311e-02 1.117122941650450230e-03 6.979252677410840988e-03 4.736869304906576872e-04 5.827785935252904892e-04 3.239101916551589966e-02 2.742044627666473389e-02 1.462383195757865906e-02 1.895544305443763733e-02 2.323970012366771698e-02 6.400831509381532669e-03 8.449266664683818817e-03 4.381391219794750214e-03 1.232379674911499023e-02 2.175554819405078888e-02 2.015004120767116547e-02 3.011343255639076233e-02 7.310506189242005348e-04 8.123204112052917480e-03 1.790850982069969177e-02 2.469344809651374817e-02 8.928281255066394806e-03 1.126915588974952698e-02 1.885567046701908112e-02 1.032074913382530212e-02 6.249887868762016296e-03 9.632827132008969784e-04 1.051866728812456131e-02 2.848721481859683990e-02 5.738157778978347778e-03 2.091360464692115784e-02 8.435592986643314362e-03 2.220462821424007416e-02 1.169323548674583435e-02 1.317127514630556107e-02 1.250465493649244308e-02 2.744068391621112823e-02 5.976866465061903000e-03 6.635168567299842834e-03 3.107698867097496986e-03 7.200757972896099091e-03 2.097668871283531189e-02 4.398256540298461914e-02 1.560083031654357910e-02 1.271142251789569855e-02 2.334604039788246155e-03 7.739749737083911896e-03 9.753047488629817963e-03 5.947042256593704224e-03 3.556654555723071098e-03 1.918151974678039551e-02 2.582201035693287849e-03 2.364304848015308380e-02 1.519932225346565247e-02 1.882786303758621216e-02 1.788016781210899353e-02 2.167525142431259155e-02 1.581276580691337585e-02 1.541765872389078140e-02 1.607563719153404236e-02 1.267239078879356384e-02 7.727032992988824844e-03 1.229138951748609543e-02 1.047262735664844513e-02 1.945495977997779846e-02 3.056095214560627937e-03 2.175543271005153656e-02 1.111798454076051712e-02 2.773546800017356873e-02 1.809146441519260406e-02 2.506773453205823898e-04 1.158675737679004669e-02 6.101239938288927078e-03 4.891651216894388199e-03 2.198406681418418884e-02
1.106094382703304291e-02 3.829531488008797169e-04 8.356925249099731445e-01 2.223476767539978027e-02 2.490242011845111847e-02 1.872471719980239868e-02 6.218986585736274719e-03 3.244502469897270203e-02 5.529854446649551392e-03 2.173930406570434570e-02 9.501525200903415680e-03 2.478744601830840111e-03 1.279390975832939148e-02 5.865972489118576050e-03 9.191489778459072113e-03 1.584347686730325222e-03 7.772379554808139801e-03 2.138278912752866745e-03 5.514484830200672150e-03 1.544919051229953766e-02 2.945599891245365143e-02 1.682743057608604431e-02 8.468165062367916107e-03 1.936593838036060333e-02 9.401383809745311737e-03 2.058975212275981903e-02 1.096771098673343658e-02 1.319813728332519531e-02 2.011318504810333252e-02 1.411517430096864700e-02 1.796963624656200409e-02 4.152813926339149475e-03 5.749527830630540848e-03 2.196914143860340118e-02 1.186387427151203156e-02 3.915478475391864777e-03 2.744789817370474339e-04 1.648548431694507599e-02 7.611713372170925140e-03 1.014199573546648026e-03 9.588538669049739838e-03 5.268204025924205780e-03 2.158827707171440125e-02 1.703675487078726292e-03 8.087528112810105085e-05 6.175883114337921143e-03 2.414244925603270531e-03 1.426427718251943588e-02 1.264873240143060684e-02 6.187197752296924591e-03 8.051023818552494049e-03 1.154006924480199814e-02 7.061463315039873123e-03 3.152481094002723694e-02 2.002578042447566986e-02 1.660573529079556465e-03 5.234439391642808914e-03 2.659728936851024628e-02 5.574883893132209778e-03 5.905885249376296997e-03 5.193302407860755920e-03 1.516678836196660995e-03 1.116008311510086060e-02 5.713257007300853729e-03 1.136081758886575699e-02 4.634892102330923080e-03 2.581836283206939697e-02 2.580496110022068024e-02 9.049585787579417229e-04 2.345712669193744659e-02 7.812014780938625336e-03 2.316819317638874054e-02 9.892622008919715881e-03 2.246402762830257416e-02 1.631866395473480225e-02 3.038237988948822021e-02 2.568064024671912193e-03 1.529333274811506271e-02 4.625409492291510105e-04 1.147459633648395538e-02 3.784994781017303467e-02 1.700152084231376648e-02 6.579078733921051025e-03 8.652907796204090118e-03 6.632751319557428360e-04 1.851289346814155579e-02 2.438166178762912750e-02 1.128841470927000046e-02 1.514656469225883484e-02 1.637182943522930145e-02 7.989254780113697052e-03 2.417819388210773468e-02 4.734063055366277695e-03 1.642644777894020081e-02 1.007951050996780396e-02 1.183959888294339180e-03 2.587048336863517761e-02 2.358595468103885651e-02 5.269884131848812103e-03 7.341986522078514099e-03 5.024352576583623886e-03 2.303133253008127213e-03 1.804594881832599640e-02 1.974842511117458344e-02 1.417129999026656151e-03 1.255240570753812790e-02 2.038894407451152802e-02 5.711159203201532364e-03 1.291409879922866821e-02 6.044612731784582138e-03 2.370616979897022247e-02 1.778140850365161896e-02 1.508028060197830200e-02 2.595723606646060944e-02 1.944917812943458557e-02 6.609201431274414062e-03
2.090012095868587494e-02 1.369934063404798508e-02 2.223476767539978027e-02 8.356925249099731445e-01 7.078786194324493408e-02 1.862505823373794556e-02 5.146812327438965440e-05 5.892112851142883301e-03 3.067844547331333160e-02 5.460767075419425964e-03 1.418851595371961594e-02 1.702809357084333897e-03 9.597815573215484619e-03 1.732279662974178791e-03 2.011545374989509583e-02 1.897341222502291203e-03 8.379101753234863281e-03 3.627976402640342712e-02 5.002415180206298828e-02 1.088355202227830887e-02 9.290662594139575958e-03 1.443778444081544876e-02 1.358449552208185196e-02 1.530596800148487091e-02 6.277637090533971786e-03 3.692652564495801926e-03 5.186777561902999878e-03 1.351038180291652679e-02 8.355209603905677795e-03 1.145890727639198303e-02 7.493582088500261307e-03 1.151254493743181229e-02 1.991855539381504059e-02 1.010714331641793251e-03 1.944219507277011871e-02 2.450426667928695679e-02 1.197929587215185165e-02 7.691930048167705536e-03 3.787980228662490845e-02 4.146887362003326416e-02 2.769562182947993279e-03 5.051022395491600037e-03 4.351248033344745636e-03 1.508762245066463947e-03 1.058951672166585922e-02 2.220827713608741760e-02 5.591228138655424118e-03 8.290934376418590546e-03 5.942761898040771484e-03 4.543162882328033447e-03 2.297492697834968567e-02 3.128733113408088684e-02 2.088153362274169922e-02 1.769331138348206878e-04 4.838551394641399384e-03 1.204184256494045258e-03 1.055609527975320816e-02 3.952324856072664261e-03 2.683655545115470886e-02 3.729955852031707764e-02 3.602335602045059204e-02 3.868280351161956787e-02 3.953033313155174255e-02 3.659681230783462524e-02 2.813105471432209015e-02 2.015706524252891541e-02 1.333797909319400787e-02 9.154393337666988373e-03 2.640002174302935600e-03 1.209130696952342987e-02 3.422871232032775879e-03 2.520338073372840881e-02 6.361740082502365112e-02 7.038709241896867752e-03 5.849921703338623047e-02 1.868563517928123474e-02 1.332684978842735291e-02 1.647392101585865021e-02 2.412707917392253876e-02 8.435963536612689495e-04 2.608003653585910797e-02 1.966267265379428864e-02 4.368093609809875488e-02 3.874466195702552795e-02 1.662789471447467804e-02 1.278015039861202240e-02 5.896632093936204910e-03 8.910700678825378418e-03 1.934896595776081085e-02 8.721726015210151672e-03 7.996589876711368561e-03 6.298609543591737747e-03 1.469001825898885727e-02 1.325382106006145477e-02 2.018299885094165802e-02 3.658391768112778664e-03 1.295226998627185822e-02 2.082567475736141205e-02 1.197050441987812519e-03 1.189277507364749908e-02 9.939452633261680603e-03 2.201184397563338280e-03 1.648252084851264954e-02 2.379582636058330536e-02 2.362604252994060516e-02 1.219888869673013687e-02 1.791185326874256134e-02 3.377429023385047913e-02 5.939337424933910370e-04 3.432342410087585449e-02 1.715939119458198547e-02 1.878387667238712311e-02 4.615985788404941559e-03 5.978501867502927780e-03 1.116269361227750778e-02 1.611754298210144043e-02
2.170367725193500519e-02 8.099514991044998169e-03 2.490242011845111847e-02 7.078786194324493408e-02 8.356925249099731445e-01 1.933575421571731567e-02 6.613814271986484528e-03 9.604402817785739899e-03 3.168022632598876953e-02 1.113865617662668228e-02 9.577528573572635651e-03 3.607346443459391594e-04 4.473361186683177948e-03 3.656341228634119034e-03 1.537119783461093903e-02 6.040997686795890331e-04 8.328755386173725128e-03 3.211291506886482239e-02 4.688354581594467163e-02 1.107718888670206070e-02 1.028416398912668228e-02 4.729873500764369965e-03 1.685873791575431824e-02 1.636496931314468384e-02 4.048901144415140152e-03 1.157002639956772327e-03 1.668698969297111034e-03 2.166575565934181213e-02 1.070832274854183197e-02 1.193798612803220749e-02 7.485102396458387375e-03 1.205600798130035400e-02 2.195093408226966858e-02 2.538234926760196686e-03 1.914355903863906860e-02 2.468504570424556732e-02 1.185538899153470993e-02 4.785527009516954422e-03 3.574441745877265930e-02 4.103453084826469421e-02 7.296095602214336395e-03 2.506649121642112732e-03 6.861661560833454132e-03 1.130707096308469772e-03 1.635129749774932861e-02 2.155818603932857513e-02 1.868916675448417664e-03 1.455451268702745438e-02 5.526419728994369507e-03 1.591125503182411194e-03 1.949929259717464447e-02 2.719708345830440521e-02 2.276346646249294281e-02 4.219284281134605408e-03 5.354431923478841782e-03 2.410381799563765526e-03 1.258205343037843704e-02 8.741059340536594391e-03 2.770893834531307220e-02 3.616552054882049561e-02 3.500255942344665527e-02 3.811167925596237183e-02 4.338852316141128540e-02 3.597708046436309814e-02 3.437035903334617615e-02 2.795109711587429047e-02 1.291346549987792969e-02 8.174482733011245728e-03 2.457823138684034348e-03 1.093844417482614517e-02 2.340374048799276352e-03 2.248270623385906219e-02 5.709351971745491028e-02 6.736584473401308060e-03 5.860342457890510559e-02 1.590879075229167938e-02 1.223670598119497299e-02 1.762584969401359558e-02 2.573289535939693451e-02 5.512275383807718754e-04 2.426592074334621429e-02 1.574538834393024445e-02 4.235726594924926758e-02 3.428906947374343872e-02 1.626080088317394257e-02 1.507314108312129974e-02 6.705249659717082977e-03 1.208060327917337418e-02 2.119604498147964478e-02 7.908336818218231201e-03 1.257309969514608383e-02 2.857125364243984222e-03 1.733475364744663239e-02 7.063992787152528763e-03 1.968255452811717987e-02 4.062485881149768829e-03 1.349053159356117249e-02 2.148497290909290314e-02 1.127000316046178341e-03 1.064311899244785309e-02 6.987298373132944107e-03 6.367913447320461273e-03 1.398255396634340286e-02 1.973933912813663483e-02 2.615071088075637817e-02 1.375827845185995102e-02 1.860294304788112640e-02 3.223300352692604065e-02 2.835603372659534216e-04 3.684529289603233337e-02 1.590372435748577118e-02 1.610656082630157471e-02 2.817330183461308479e-03 3.616140456870198250e-03 1.149223372340202332e-02 2.017697319388389587e-02
4.632879793643951416e-02 4.543082788586616516e-02 1.872471719980239868e-02 1.862505823373794556e-02 1.933575421571731567e-02 8.356925249099731445e-01 5.879679694771766663e-02 4.746457561850547791e-03 9.912239387631416321e-03 1.967780292034149170e-02 2.739261463284492493e-02 4.526080936193466187e-02 1.818393915891647339e-02 5.678292363882064819e-02 7.097275462001562119e-03 1.322220172733068466e-02 9.376296773552894592e-03 2.798561938107013702e-03 3.141871839761734009e-02 1.531809451989829540e-03 3.524715313687920570e-03 1.326423371210694313e-03 2.791920304298400879e-02 3.566392883658409119e-02 5.594842950813472271e-04 6.529886741191148758e-04 1.643665507435798645e-02 5.858807265758514404e-02 1.324083749204874039e-02 6.308092921972274780e-02 1.252013072371482849e-02 4.788602527696639299e-04 5.938860587775707245e-03 3.679108340293169022e-03 3.935911227017641068e-03 1.255544554442167282e-02 5.217601545155048370e-03 1.223563682287931442e-02 1.167469774372875690e-03 8.481306955218315125e-03 1.928701438009738922e-02 1.609214209020137787e-02 1.226003048941493034e-03 2.350656129419803619e-02 7.610627915710210800e-03 1.286122668534517288e-02 4.053946211934089661e-02 2.482756413519382477e-02 8.586402982473373413e-03 8.746599778532981873e-03 3.183561190962791443e-02 1.622599735856056213e-02 1.039375085383653641e-03 3.091204352676868439e-02 1.265943143516778946e-02 7.465647533535957336e-03 9.882054291665554047e-03 2.206034027040004730e-02 3.634893568232655525e-03 1.470563001930713654e-04 1.363727077841758728e-02 2.482858859002590179e-02 1.241834927350282669e-02 1.268893666565418243e-02 2.062958292663097382e-02 1.853006333112716675e-02 3.696440020576119423e-03 6.664714775979518890e-03 1.897523412480950356e-03 1.277028489857912064e-02 1.077823899686336517e-02 6.837585009634494781e-03 1.057170331478118896e-03 4.589997231960296631e-03 6.658349186182022095e-03 3.644524142146110535e-03 8.416984230279922485e-03 3.426178917288780212e-02 1.891328021883964539e-02 1.029879506677389145e-02 1.687018433585762978e-03 7.171812932938337326e-03 6.315314210951328278e-03 2.500408887863159180e-02 7.037458941340446472e-03 4.563192836940288544e-03 2.245188690721988678e-03 1.069159712642431259e-02 2.284455299377441406e-02 1.472626812756061554e-02 8.163277991116046906e-03 1.119449548423290253e-02 1.186059135943651199e-02 1.764581166207790375e-02 3.563813399523496628e-03 1.453229971230030060e-02 1.069100014865398407e-02 2.886223839595913887e-03 1.532554440200328827e-02 1.533581130206584930e-02 1.131092850118875504e-02 2.217346336692571640e-03 2.341758646070957184e-02 9.576695971190929413e-03 1.304828561842441559e-02 8.811716543277725577e-05 1.448916457593441010e-02 1.063849590718746185e-02 1.003156136721372604e-02 2.698363922536373138e-02 4.526030644774436951e-02 1.790367253124713898e-02 1.091520581394433975e-02 3.378563793376088142e-03 2.413596259430050850e-03 1.088563911616802216e-02
4.206401482224464417e-02 6.494977325201034546e-02 6.218986585736274719e-03 5.146812327438965440e-05 6.613814271986484528e-03 5.879679694771766663e-02 8.356925249099731445e-01 1.926954276859760284e-02 2.095349133014678955e-02 3.806523233652114868e-02 5.106288194656372070e-02 2.353513799607753754e-02 5.999620631337165833e-02 3.517625480890274048e-02 3.219729755073785782e-03 2.061885781586170197e-02 1.699605770409107208e-02 9.784521535038948059e-03 2.419047430157661438e-02 1.343897078186273575e-03 1.195804122835397720e-02 1.559752272441983223e-03 9.882429614663124084e-03 8.015841594897210598e-04 2.834912389516830444e-03 4.602643661201000214e-03 2.068200148642063141e-02 1.365913636982440948e-02 1.058132108300924301e-02 2.700375579297542572e-02 1.161140622571110725e-03 1.886351592838764191e-02 1.084813568741083145e-02 1.436490006744861603e-02 1.501973532140254974e-02 1.210943423211574554e-02 8.382578380405902863e-03 1.241266634315252304e-02 1.134879887104034424e-02 1.273375283926725388e-02 2.912232186645269394e-03 1.578226871788501740e-02 8.132106624543666840e-03 2.609308576211333275e-03 9.857605211436748505e-03 6.644827779382467270e-03 5.606105923652648926e-02 5.345196649432182312e-02 1.316578220576047897e-02 2.005232870578765869e-02 2.141341194510459900e-02 2.335678786039352417e-03 5.305347964167594910e-03 1.465893443673849106e-02 3.258907468989491463e-03 7.375912275165319443e-03 4.142520483583211899e-03 1.557708531618118286e-02 2.322771120816469193e-03 7.272399961948394775e-04 1.424993015825748444e-02 1.883097365498542786e-02 6.075815763324499130e-03 1.006791368126869202e-02 1.795058022253215313e-03 6.883599329739809036e-03 9.679224342107772827e-03 4.892569500952959061e-03 2.449558302760124207e-02 1.973797194659709930e-02 1.560349762439727783e-02 1.430691592395305634e-02 8.159905672073364258e-03 6.424543913453817368e-03 6.881122477352619171e-03 1.619105110876262188e-03 2.050746791064739227e-02 4.625117033720016479e-02 7.459799293428659439e-03 1.537929940968751907e-02 4.034652840346097946e-03 1.721424981951713562e-02 8.103320724330842495e-04 3.161687776446342468e-02 1.795957982540130615e-02 2.767471224069595337e-02 6.968669127672910690e-03 1.596886105835437775e-02 1.059339009225368500e-02 3.069046419113874435e-03 2.320002391934394836e-02 1.920137368142604828e-02 3.682397678494453430e-02 2.051635459065437317e-02 1.303251832723617554e-02 2.129718475043773651e-02 2.986443229019641876e-03 1.026221178472042084e-02 2.780979499220848083e-02 2.274897508323192596e-02 1.606264337897300720e-02 1.965470612049102783e-02 4.499699920415878296e-03 6.441607605665922165e-03 4.036717116832733154e-03 6.361475680023431778e-03 2.526416257023811340e-02 8.755299262702465057e-03 2.278123237192630768e-02 1.827002316713333130e-02 2.675675973296165466e-02 1.199577283114194870e-02 2.067700959742069244e-02 2.255080640316009521e-02 1.915316842496395111e-02 3.358249785378575325e-03
1.538811158388853073e-02 6.932510994374752045e-03 3.244502469897270203e-02 5.892112851142883301e-03 9.604402817785739899e-03 4.746457561850547791e-03 1.926954276859760284e-02 8.356925249099731445e-01 7.633114582858979702e-04 2.711922861635684967e-02 1.913765154313296080e-04 1.272940356284379959e-02 3.283077850937843323e-03 7.358196191489696503e-03 2.419430576264858246e-02 2.866467833518981934e-02 1.845601759850978851e-02 6.634301505982875824e-03 8.693346753716468811e-03 1.701235771179199219e-02 1.127000804990530014e-02 3.562036436051130295e-03 1.676292158663272858e-02 1.590888574719429016e-02 1.062447857111692429e-02 1.321434415876865387e-02 9.967046789824962616e-03 2.514093555510044098e-02 2.333853580057621002e-02 1.805479079484939575e-02 2.270028367638587952e-02 1.645529083907604218e-02 1.768670417368412018e-02 2.525946311652660370e-02 2.213777601718902588e-02 1.316987071186304092e-02 2.588286809623241425e-02 6.039578933268785477e-03 1.954543218016624451e-02 2.260416001081466675e-02 3.092974424362182617e-03 6.541407201439142227e-03 2.394075319170951843e-02 3.770500794053077698e-02 1.883375644683837891e-02 3.404947929084300995e-03 1.898520439863204956e-02 2.735509537160396576e-02 1.829179190099239349e-02 2.887722849845886230e-02 1.164524815976619720e-02 8.374528959393501282e-03 8.561576716601848602e-03 2.094518207013607025e-02 1.134412270039319992e-02 2.221898734569549561e-02 4.140212666243314743e-03 3.507640212774276733e-03 1.516800466924905777e-02 2.222410589456558228e-02 1.034919917583465576e-02 1.461146306246519089e-02 4.462267272174358368e-03 1.596202328801155090e-02 3.992730053141713142e-04 9.565366432070732117e-03 2.069488167762756348e-02 2.349915355443954468e-02 2.938330359756946564e-02 6.639692001044750214e-04 3.804795444011688232e-02 1.117499731481075287e-02 4.082913510501384735e-03 8.802477270364761353e-03 1.819098601117730141e-03 1.920279487967491150e-02 3.979817964136600494e-03 2.764935232698917389e-02 2.317839674651622772e-02 3.614019136875867844e-03 3.728257492184638977e-02 3.558127209544181824e-02 1.426793052814900875e-03 1.540283858776092529e-02 6.609211675822734833e-03 1.553599722683429718e-02 3.380570188164710999e-02 4.215566813945770264e-02 2.096924744546413422e-02 1.716112717986106873e-02 1.982994563877582550e-02 2.590878494083881378e-02 3.053537942469120026e-02 1.728452276438474655e-03 1.270799525082111359e-02 2.967244200408458710e-02 2.620913088321685791e-03 1.974711194634437561e-02 1.503757201135158539e-02 1.697833649814128876e-02 1.841686666011810303e-02 2.766572870314121246e-02 1.902305171824991703e-03 6.707770284265279770e-03 1.280662603676319122e-02 1.774662919342517853e-02 9.928459301590919495e-03 1.805810816586017609e-02 2.169419080018997192e-02 1.440339162945747375e-02 2.161159645766019821e-03 1.700752414762973785e-02 1.229215599596500397e-02 1.762987673282623291e-02 3.081328980624675751e-02 9.582121856510639191e-03
1.486783940345048904e-02 1.625014655292034149e-02 5.529854446649551392e-03 3.067844547331333160e-02 3.168022632598876953e-02 9.912239387631416321e-03 2.095349133014678955e-02 7.633114582858979702e-04 8.356925249099731445e-01 2.879658155143260956e-02 1.489562261849641800e-02 2.752345614135265350e-02 1.180815603584051132e-02 1.279143150895833969e-02 9.286331012845039368e-03 1.456684339791536331e-02 9.483023546636104584e-03 1.683763973414897919e-02 1.053686719387769699e-03 1.636163331568241119e-03 9.171167621389031410e-04 2.608626335859298706e-02 3.162774443626403809e-02 2.687748149037361145e-02 9.509108960628509521e-03 7.562745828181505203e-03 2.693465538322925568e-02 2.735244855284690857e-02 4.800053313374519348e-03 1.271092239767313004e-02 8.998402394354343414e-03 1.696441136300563812e-02 8.126229047775268555e-03 1.143083628267049789e-02 4.233184270560741425e-03 2.110133878886699677e-02 5.863280384801328182e-04 8.871446363627910614e-03 2.706113504245877266e-03 1.208615489304065704e-02 6.491616368293762207e-03 2.440715953707695007e-02 7.755256257951259613e-03 8.428787114098668098e-04 3.615918103605508804e-03 9.144871495664119720e-03 2.713602967560291290e-02 3.216383606195449829e-02 1.933615282177925110e-02 4.404214269015938044e-04 4.786171019077301025e-03 1.243231538683176041e-02 2.042656391859054565e-02 7.202341221272945404e-03 2.257339842617511749e-02 9.781080298125743866e-03 2.109443023800849915e-02 1.008956599980592728e-02 1.714618317782878876e-02 1.518638152629137039e-02 1.590922288596630096e-02 3.562352387234568596e-03 4.664243664592504501e-03 1.984151604119688272e-04 1.094115083105862141e-03 1.000155229121446609e-02 1.536669005872681737e-04 5.548247601836919785e-03 2.630005404353141785e-02 1.324274763464927673e-02 3.837717697024345398e-03 4.409729689359664917e-02 4.228778183460235596e-02 2.220927271991968155e-04 3.922759741544723511e-02 2.538098953664302826e-02 6.945206224918365479e-02 3.947065770626068115e-02 5.227328464388847351e-02 3.469460178166627884e-03 4.835037048906087875e-03 3.562966594472527504e-04 1.429797802120447159e-02 1.660705171525478363e-02 2.422100864350795746e-02 2.090543322265148163e-02 5.275723990052938461e-03 6.291355937719345093e-03 3.860303014516830444e-02 2.256299369037151337e-02 2.746209315955638885e-02 1.499859057366847992e-02 2.204346284270286560e-02 3.859285637736320496e-02 1.971217105165123940e-03 5.374487489461898804e-03 5.336220841854810715e-03 2.372452057898044586e-02 3.673458844423294067e-02 1.170399785041809082e-02 5.904586520045995712e-03 8.035477250814437866e-03 1.464969385415315628e-02 2.598023414611816406e-02 1.687381789088249207e-02 1.749159418977797031e-03 1.397349964827299118e-02 2.353006042540073395e-02 6.687017157673835754e-03 6.577200838364660740e-04 3.208566084504127502e-02 2.248019538819789886e-02 6.269083824008703232e-03 6.945470813661813736e-03 2.062893658876419067e-02 3.132653189823031425e-03
9.805326350033283234e-03 3.390540555119514465e-02 2.173930406570434570e-02 5.460767075419425964e-03 1.113865617662668228e-02 1.967780292034149170e-02 3.806523233652114868e-02 2.711922861635684967e-02 2.879658155143260956e-02 8.356925249099731445e-01 1.526863779872655869e-02 3.405617084354162216e-03 1.665457338094711304e-02 8.078291080892086029e-03 1.434146799147129059e-02 1.005737297236919403e-02 9.040720760822296143e-03 4.822996445000171661e-03 2.061688899993896484e-02 1.543001737445592880e-02 4.219048190861940384e-03 2.400935813784599304e-02 1.596457697451114655e-02 1.571564190089702606e-02 1.282239798456430435e-02 4.809356294572353363e-03 2.415560558438301086e-02 1.011919043958187103e-02 6.452688481658697128e-03 1.257094740867614746e-02 8.786574006080627441e-03 2.006295137107372284e-02 3.557862015441060066e-03 2.553158625960350037e-02 6.409920286387205124e-03 1.312000770121812820e-02 2.123122476041316986e-02 1.637650467455387115e-02 5.588313098996877670e-03 2.264162758365273476e-03 2.108954824507236481e-03 2.368146181106567383e-02 7.543377112597227097e-03 1.443734951317310333e-02 5.809566006064414978e-03 2.566464617848396301e-02 2.995043247938156128e-02 2.050518617033958435e-02 1.605833694338798523e-02 3.454663231968879700e-02 1.113096624612808228e-02 7.723884191364049911e-03 8.477809838950634003e-03 1.073360256850719452e-02 3.198015328962355852e-04 3.099308349192142487e-02 6.209205370396375656e-03 1.334313768893480301e-02 1.447987277060747147e-02 1.056232396513223648e-02 5.848336033523082733e-03 5.848464090377092361e-03 4.853691440075635910e-03 1.132163015427067876e-04 5.800258833914995193e-03 1.319462340325117111e-02 1.159036438912153244e-02 7.988392375409603119e-03 1.575894281268119812e-02 3.849590197205543518e-02 1.048534736037254333e-02 1.137788314372301102e-02 9.338548406958580017e-03 1.689222641289234161e-02 7.413367740809917450e-03 5.714644677937030792e-03 1.953892968595027924e-02 4.864961653947830200e-02 1.679639518260955811e-02 4.849630221724510193e-02 1.077588368207216263e-02 1.388693042099475861e-02 8.988435380160808563e-03 3.581567853689193726e-02 2.106041461229324341e-02 4.147030413150787354e-02 1.030029077082872391e-02 2.606817707419395447e-02 1.074978336691856384e-02 2.594596333801746368e-02 1.478797104209661484e-02 3.887941688299179077e-02 9.474247694015502930e-03 2.525549754500389099e-02 1.829802058637142181e-02 1.809120178222656250e-02 1.957880519330501556e-02 2.727772807702422142e-03 3.417267277836799622e-02 1.535669341683387756e-02 1.414409466087818146e-02 1.477201841771602631e-02 1.944387517869472504e-02 1.601558737456798553e-02 1.435060705989599228e-02 1.216532546095550060e-03 7.233661133795976639e-03 2.585218986496329308e-03 1.068957708775997162e-02 2.324215136468410492e-02 3.461127169430255890e-03 1.037157513201236725e-02 1.213173568248748779e-02 2.015021070837974548e-02 1.482674665749073029e-02 3.496458288282155991e-03
6.251407414674758911e-02 7.424457371234893799e-02 9.501525200903415680e-03 1.418851595371961594e-02 9.577528573572635651e-03 2.739261463284492493e-02 5.106288194656372070e-02 1.913765154313296080e-04 1.489562261849641800e-02 1.526863779872655869e-02 8.356925249099731445e-01 1.516729476861655712e-03 9.265796095132827759e-02 1.733111962676048279e-02 3.310108184814453125e-02 1.657404936850070953e-02 1.248412113636732101e-02 1.941072195768356323e-02 2.518967539072036743e-02 8.149782195687294006e-03 1.640315400436520576e-03 1.137618999928236008e-02 3.890333697199821472e-03 1.239928882569074631e-02 8.824417367577552795e-03 1.187524292618036270e-02 1.831590943038463593e-02 3.405102295801043510e-03 5.419161636382341385e-03 3.633969463407993317e-04 1.431417465209960938e-02 7.419732399284839630e-03 5.707617849111557007e-03 2.620649058371782303e-03 1.399199385195970535e-02 7.693607825785875320e-03 2.509535290300846100e-02 1.640173792839050293e-02 1.661885343492031097e-02 2.353426255285739899e-02 1.363211777061223984e-02 4.645962268114089966e-03 2.339285798370838165e-02 2.635773457586765289e-02 2.842144342139363289e-03 1.336390245705842972e-02 1.289675757288932800e-02 1.332861185073852539e-02 4.407898988574743271e-03 7.870585657656192780e-03 1.937309396453201771e-03 1.203803811222314835e-02 7.285061758011579514e-03 4.059715662151575089e-03 9.039217606186866760e-03 1.779886148869991302e-02 2.650133892893791199e-02 3.828183189034461975e-02 1.578394696116447449e-02 1.469553634524345398e-02 1.838643848896026611e-02 2.299530990421772003e-02 1.019127573817968369e-02 1.115269772708415985e-02 2.087804721668362617e-03 3.357036504894495010e-03 6.889554206281900406e-04 4.863762762397527695e-03 9.780106134712696075e-03 1.004957873374223709e-02 1.251292531378567219e-03 1.639321446418762207e-02 1.149304304271936417e-02 1.624344475567340851e-02 1.578737422823905945e-02 1.235193107277154922e-02 8.488498628139495850e-03 3.281654557213187218e-03 1.727045630104839802e-03 1.316308695822954178e-02 3.237890545278787613e-03 1.067953533492982388e-03 2.800412103533744812e-02 3.980597108602523804e-02 9.211409837007522583e-03 4.997868556529283524e-03 2.335771359503269196e-02 5.595576367340981960e-04 1.353389769792556763e-02 8.180114440619945526e-03 1.663249917328357697e-02 6.133134942501783371e-03 8.346961811184883118e-03 1.741277426481246948e-02 1.670187897980213165e-02 6.938109640032052994e-03 1.774259284138679504e-02 2.091021649539470673e-02 2.499489346519112587e-04 3.784906817600131035e-03 2.964092185720801353e-03 6.225245539098978043e-03 2.240622881799936295e-03 1.838159933686256409e-02 4.186299163848161697e-03 1.495959889143705368e-02 8.410643786191940308e-03 2.340501174330711365e-02 2.628035726957023144e-04 1.461168285459280014e-02 3.489373950287699699e-03 1.212417986243963242e-02 4.398488905280828476e-03 1.758451759815216064e-02 4.267643089406192303e-04 1.503540202975273132e-02
7.620038464665412903e-03 1.142231631092727184e-03 2.478744601830840111e-03 1.702809357084333897e-03 3.607346443459391594e-04 4.526080936193466187e-02 2.353513799607753754e-02 1.272940356284379959e-02 2.752345614135265350e-02 3.405617084354162216e-03 1.516729476861655712e-03 8.356925249099731445e-01 6.309781689196825027e-03 9.682268649339675903e-02 2.997200470417737961e-03 4.798820242285728455e-03 5.685007665306329727e-03 2.892301417887210846e-02 7.805690984241664410e-04 1.927941851317882538e-02 2.578254602849483490e-02 1.545177958905696869e-02 4.003341495990753174e-02 3.664989396929740906e-02 2.414132840931415558e-02 2.010953426361083984e-02 1.256488147191703320e-03 4.454659298062324524e-02 3.284692298620939255e-03 4.777733609080314636e-02 8.456591516733169556e-03 1.428386475890874863e-02 1.519981771707534790e-02 1.302820444107055664e-02 1.485157106071710587e-02 2.247257530689239502e-02 3.860320721287280321e-04 3.233659546822309494e-03 1.790633238852024078e-02 1.907173544168472290e-02 1.630964502692222595e-02 1.747151277959346771e-02 7.354974746704101562e-03 4.946433473378419876e-03 4.620898142457008362e-02 2.100392431020736694e-02 2.268102392554283142e-02 1.775874756276607513e-02 6.771732121706008911e-03 1.205263775773346424e-03 1.990099623799324036e-02 2.156503312289714813e-02 6.605420727282762527e-03 8.109887130558490753e-03 1.488961745053529739e-02 2.480214694514870644e-03 1.960625872015953064e-02 1.804379746317863464e-02 2.012061327695846558e-02 9.028556756675243378e-03 4.956926219165325165e-03 1.726831251289695501e-04 1.513353642076253891e-02 1.554986927658319473e-02 2.340262383222579956e-02 1.464609336107969284e-02 6.673980969935655594e-03 1.538474764674901962e-02 7.339129690080881119e-03 1.244162861257791519e-02 2.457240223884582520e-02 9.773359633982181549e-03 2.988636028021574020e-03 1.469103805720806122e-02 4.352462012320756912e-03 2.323648193851113319e-03 2.051651664078235626e-02 6.699347868561744690e-04 3.355534002184867859e-02 1.255876291543245316e-02 8.982642553746700287e-03 6.165788974612951279e-03 3.679795563220977783e-02 3.304610028862953186e-03 2.395861037075519562e-02 1.009617093950510025e-02 1.401014439761638641e-02 6.089523667469620705e-04 1.373910997062921524e-02 1.208451390266418457e-02 1.248774491250514984e-02 2.660069847479462624e-03 2.098400332033634186e-02 1.015420909970998764e-02 1.926297694444656372e-02 1.072619576007127762e-02 1.111568324267864227e-02 9.021125733852386475e-03 8.297463878989219666e-03 1.752633787691593170e-02 1.152077317237854004e-02 5.944319069385528564e-03 6.881991401314735413e-03 9.695670567452907562e-03 1.022940315306186676e-02 6.275751162320375443e-03 4.483371973037719727e-03 2.435044571757316589e-02 3.223437350243330002e-03 3.809620626270771027e-03 2.549696899950504303e-02 1.930790580809116364e-02 8.740643970668315887e-03 6.818955298513174057e-03 1.111958548426628113e-02 1.519826147705316544e-02
5.502973869442939758e-02 7.547348737716674805e-02 1.279390975832939148e-02 9.597815573215484619e-03 4.473361186683177948e-03 1.818393915891647339e-02 5.999620631337165833e-02 3.283077850937843323e-03 1.180815603584051132e-02 1.665457338094711304e-02 9.265796095132827759e-02 6.309781689196825027e-03 8.356925249099731445e-01 1.939083635807037354e-02 4.202315956354141235e-02 2.521426416933536530e-02 1.859638467431068420e-02 1.479845959693193436e-02 2.329028397798538208e-02 1.265618391335010529e-02 1.878559589385986328e-02 2.376831509172916412e-02 1.203518710099160671e-03 8.243785239756107330e-03 4.191408865153789520e-03 2.086080639855936170e-04 1.440344937145709991e-02 1.332205999642610550e-02 1.636113971471786499e-02 9.993160143494606018e-03 1.202551089227199554e-02 9.270473383367061615e-03 5.418781191110610962e-03 1.762044412316754460e-04 1.327282283455133438e-02 1.018635369837284088e-02 2.047737501561641693e-02 1.502627623267471790e-03 1.148576475679874420e-02 1.988889835774898529e-02 1.246789749711751938e-02 3.876892616972327232e-03 1.012627594172954559e-02 1.778765022754669189e-02 7.888254709541797638e-03 9.176263585686683655e-03 2.764443494379520416e-02 3.366938233375549316e-02 1.397861400619149208e-03 7.486716844141483307e-03 1.877006841823458672e-03 1.099284458905458450e-02 1.997570972889661789e-03 1.805616170167922974e-02 3.767661983147263527e-04 6.137681659311056137e-03 1.557685341686010361e-02 2.900496125221252441e-02 1.259118411689996719e-02 1.127376407384872437e-02 1.459184102714061737e-02 2.071179449558258057e-02 1.187264081090688705e-02 9.882269427180290222e-03 7.645361125469207764e-03 2.681653574109077454e-02 7.461441680788993835e-03 8.048856630921363831e-03 1.003545522689819336e-02 2.059635892510414124e-02 1.330225059064105153e-04 9.408262558281421661e-03 6.592602469027042389e-03 1.807136274874210358e-02 1.498628128319978714e-02 2.170789754018187523e-03 4.714906215667724609e-03 7.876903750002384186e-03 3.731509670615196228e-03 8.069989271461963654e-03 1.584613928571343422e-03 3.172201337292790413e-03 2.067342028021812439e-02 3.591950610280036926e-02 4.867966286838054657e-03 1.592868356965482235e-03 1.969170384109020233e-02 1.257451716810464859e-02 4.193968139588832855e-03 1.849101670086383820e-02 1.707595540210604668e-03 1.930117839947342873e-03 1.071058306843042374e-02 3.427200485020875931e-03 1.329532824456691742e-02 9.848918998613953590e-04 1.466884929686784744e-02 1.578648947179317474e-02 2.649180823937058449e-03 5.959618836641311646e-03 4.796530585736036301e-03 1.291883643716573715e-03 2.884563757106661797e-03 1.621063426136970520e-02 7.705123163759708405e-03 2.039979211986064911e-02 1.341337710618972778e-02 2.019603550434112549e-02 6.176847033202648163e-03 1.844431087374687195e-02 6.675641518086194992e-03 7.595176808536052704e-03 6.555098108947277069e-03 2.372421091422438622e-03 4.118585959076881409e-03 1.336000952869653702e-02
