8.457639217376708984e-01 7.492738217115402222e-02 1.604623044840991497e-03 1.272443495690822601e-02 1.426408160477876663e-02 7.959582656621932983e-02 7.098177820444107056e-02 1.060445886105298996e-02 1.929102651774883270e-02 4.796647932380437851e-03 7.380393892526626587e-02 1.054474897682666779e-02 5.738914385437965393e-02 8.649361319839954376e-03 1.437209546566009521e-02 9.108592639677226543e-04 4.145493730902671814e-03 8.468347601592540741e-03 1.998331630602478981e-03 9.967381134629249573e-03 5.979599431157112122e-03 3.381925448775291443e-02 3.099675057455897331e-03 4.996529780328273773e-03 1.045943470671772957e-03 1.212176401168107986e-02 1.996102742850780487e-02 1.820107176899909973e-02 4.807754233479499817e-02 1.945493184030056000e-02 2.898255176842212677e-02 8.442075923085212708e-03 1.267997082322835922e-02 1.796446740627288818e-02 5.333631415851414204e-04 6.952408235520124435e-03 2.275393158197402954e-02 1.123738288879394531e-02 6.130429450422525406e-03 4.442726727575063705e-03 8.839463116601109505e-04 5.283402279019355774e-04 3.379866946488618851e-03 2.033758210018277168e-03 2.296382561326026917e-03 3.082799492403864861e-03 6.941574066877365112e-02 4.988311603665351868e-02 7.793387863785028458e-03 6.405827123671770096e-03 2.279384993016719818e-02 1.567021943628787994e-02 3.163799410685896873e-03 2.591172466054558754e-03 2.511142939329147339e-02 8.991905488073825836e-03 9.762450121343135834e-03 8.811383508145809174e-03 4.537284839898347855e-03 1.289387047290802002e-02 1.771952956914901733e-02 5.319728050380945206e-03 9.441828355193138123e-03 7.087379228323698044e-03 3.540860861539840698e-02 3.589098155498504639e-02 7.990730926394462585e-03 5.293821915984153748e-03 9.201852604746818542e-03 1.275217253714799881e-02 1.752553321421146393e-02 2.774182474240660667e-03 1.740683801472187042e-02 8.936876431107521057e-03 5.383692216128110886e-03 4.373750649392604828e-03 1.475015655159950256e-02 1.189968828111886978e-02 8.056999184191226959e-03 6.907450500875711441e-03 4.233593121170997620e-03 1.539171789772808552e-03 2.267151139676570892e-02 9.976407513022422791e-03 7.579777855426073074e-03 1.176680624485015869e-02 6.118874531239271164e-03 2.056781575083732605e-02 7.299827411770820618e-03 6.158703472465276718e-03 5.287656933069229126e-02 2.336354926228523254e-02 3.317174315452575684e-02 1.735731959342956543e-02 1.150280423462390900e-02 9.038676507771015167e-03 1.385169848799705505e-02 4.617820028215646744e-03 5.888090934604406357e-03 9.550858289003372192e-03 9.624428115785121918e-03 1.460549980401992798e-02 1.216737553477287292e-02 5.295037757605314255e-03 6.546276155859231949e-03 1.022625155746936798e-02 6.651350297033786774e-03 7.688477169722318649e-03 1.958921179175376892e-02 1.426799874752759933e-02 4.640080034732818604e-03 5.850006826221942902e-03 7.234560907818377018e-04 6.293764454312622547e-04 1.883169636130332947e-02 2.000019699335098267e-02
7.492738217115402222e-02 8.457639217376708984e-01 6.130200810730457306e-03 1.377074327319860458e-02 1.471793279051780701e-02 7.233200222253799438e-02 7.021481543779373169e-02 3.986969531979411840e-04 1.522894855588674545e-02 5.745604168623685837e-03 6.313627213239669800e-02 1.435140892863273621e-02 5.862719565629959106e-02 7.612092886120080948e-03 1.993194781243801117e-02 1.876363297924399376e-03 1.289355714106932282e-04 7.997258566319942474e-03 5.730576813220977783e-03 1.112147141247987747e-02 1.785575039684772491e-02 3.257207199931144714e-02 1.762047759257256985e-03 6.869817152619361877e-03 5.461262539029121399e-03 7.292145863175392151e-03 2.673645876348018646e-02 1.244606636464595795e-02 3.353486955165863037e-02 8.927801623940467834e-03 3.113078325986862183e-02 9.378751739859580994e-03 8.289990015327930450e-03 2.087911218404769897e-02 2.937042387202382088e-03 1.687039062380790710e-02 3.190797567367553711e-02 2.262235805392265320e-02 1.145376451313495636e-02 3.356068395078182220e-03 1.349524315446615219e-02 4.233312327414751053e-03 5.861854180693626404e-03 1.191596407443284988e-02 4.031004791613668203e-04 5.337116308510303497e-03 5.866045132279396057e-02 4.407719895243644714e-02 2.300760388607159257e-05 6.658780854195356369e-03 2.211139537394046783e-02 6.195740308612585068e-03 8.677880279719829559e-03 6.415789946913719177e-03 1.817894726991653442e-02 3.328256541863083839e-03 9.030125103890895844e-03 5.307574290782213211e-03 8.921358734369277954e-03 1.698209904134273529e-02 1.577934995293617249e-02 1.159767713397741318e-02 2.464716788381338120e-03 1.351153827272355556e-03 3.144916519522666931e-02 3.797262907028198242e-02 1.336079370230436325e-02 1.555886026471853256e-02 6.276551866903901100e-04 7.183910813182592392e-03 8.960081264376640320e-03 1.105796173214912415e-02 1.682515256106853485e-02 1.318048685789108276e-02 3.490553703159093857e-03 1.634646765887737274e-02 9.783772751688957214e-03 1.248344313353300095e-02 1.228004321455955505e-02 5.819894839078187943e-03 1.584605895914137363e-03 9.461789391934871674e-03 2.554683573544025421e-02 4.598888568580150604e-03 3.889877814799547195e-03 2.085590735077857971e-02 1.823276467621326447e-02 2.674801833927631378e-02 4.698498640209436417e-03 1.001164969056844711e-02 3.722056373953819275e-02 2.423021383583545685e-02 3.132439777255058289e-02 2.246206998825073242e-02 3.014113288372755051e-03 4.079713951796293259e-03 1.668562553822994232e-02 1.519912015646696091e-02 1.363448519259691238e-02 8.834525011479854584e-03 1.317283790558576584e-02 2.246073447167873383e-02 1.450547855347394943e-02 1.596629805862903595e-02 1.104863244108855724e-03 1.463746652007102966e-02 5.989533383399248123e-03 9.303319267928600311e-03 2.385100536048412323e-02 2.148240990936756134e-02 1.553437113761901855e-02 1.971976086497306824e-02 7.035923190414905548e-03 1.649039681069552898e-03 2.053216658532619476e-02 1.655047573149204254e-02
1.604623044840991497e-03 6.130200810730457306e-03 8.457639217376708984e-01 6.486868485808372498e-03 5.027480889111757278e-03 6.221409887075424194e-03 8.020700886845588684e-03 5.803115665912628174e-02 6.349796894937753677e-03 3.327085636556148529e-03 7.652117405086755753e-03 1.248112227767705917e-02 9.514870122075080872e-03 2.465366013348102570e-02 1.442743930965662003e-02 2.844572300091385841e-04 5.732207093387842178e-03 9.031859226524829865e-03 9.703667834401130676e-03 3.549252450466156006e-02 3.034738264977931976e-02 7.225106004625558853e-03 8.340360596776008606e-03 6.929112132638692856e-03 2.879953943192958832e-02 2.331231348216533661e-02 1.498135179281234741e-02 2.406616136431694031e-02 6.423151353374123573e-04 1.292392704635858536e-02 3.301941324025392532e-03 1.459350902587175369e-02 7.101579569280147552e-03 2.283376269042491913e-02 1.269802730530500412e-02 3.012829273939132690e-02 2.005480416119098663e-02 1.209734939038753510e-02 4.330306313931941986e-03 1.904052682220935822e-02 8.437481708824634552e-03 1.256693387404084206e-03 1.118859648704528809e-02 3.333848342299461365e-02 1.800213009119033813e-02 3.824252262711524963e-02 6.669070105999708176e-03 1.209853123873472214e-02 1.219864585436880589e-03 3.381191520020365715e-03 2.033809572458267212e-02 1.948164962232112885e-02 9.176760795526206493e-04 7.236670353449881077e-04 8.513906970620155334e-03 1.126083917915821075e-02 1.041039917618036270e-02 3.617855545599013567e-04 1.234279852360486984e-02 1.303410739637911320e-03 4.521831870079040527e-03 1.382253877818584442e-02 1.168680610135197639e-03 5.373759195208549500e-04 2.018238417804241180e-03 2.804729621857404709e-03 2.865503914654254913e-02 2.626358345150947571e-02 7.580078672617673874e-03 2.611071104183793068e-03 2.734306268393993378e-03 1.480367127805948257e-02 8.241060189902782440e-03 1.056595612317323685e-02 7.109449245035648346e-03 1.112500671297311783e-02 5.854358430951833725e-03 7.176404818892478943e-03 2.916913852095603943e-02 3.277994319796562195e-02 6.046250835061073303e-02 4.333402216434478760e-02 1.424709334969520569e-02 8.138366974890232086e-03 1.527339778840541840e-02 1.364658121019601822e-02 2.071656472980976105e-02 1.399615127593278885e-02 1.832211576402187347e-02 1.833377219736576080e-02 5.144510418176651001e-03 6.423318409360945225e-04 3.849687986075878143e-03 7.291953079402446747e-03 1.845609396696090698e-03 7.848363369703292847e-03 2.220392413437366486e-02 6.103307008743286133e-03 1.075325254350900650e-02 7.624106016010046005e-03 1.525767706334590912e-02 1.831153407692909241e-02 1.088466309010982513e-02 8.465160615742206573e-03 1.303460169583559036e-02 2.198596717789769173e-03 1.217632181942462921e-02 1.146077457815408707e-02 1.324234344065189362e-02 1.309207919985055923e-02 1.224500965327024460e-02 9.240771643817424774e-03 1.933546178042888641e-02 3.266106545925140381e-02 2.741017146036028862e-03 5.974270403385162354e-03
1.272443495690822601e-02 1.377074327319860458e-02 6.486868485808372498e-03 8.457639217376708984e-01 6.943331658840179443e-02 9.655692614614963531e-03 8.319740183651447296e-03 7.311850320547819138e-03 9.226003021467477083e-05 6.016057915985584259e-03 1.749796420335769653e-02 1.037354208528995514e-02 2.050075680017471313e-03 5.873522968613542616e-05 1.403712388128042221e-02 1.784400269389152527e-02 1.539809722453355789e-02 3.615406900644302368e-02 3.508689254522323608e-02 1.773394830524921417e-02 6.195702007971704006e-04 1.551982015371322632e-03 1.081681344658136368e-03 5.853774491697549820e-03 1.629787124693393707e-02 4.381770268082618713e-03 2.276515122503042221e-03 2.408912591636180878e-02 1.001710630953311920e-02 2.867200598120689392e-02 2.263408154249191284e-03 3.738885745406150818e-03 2.106805890798568726e-02 6.528188008815050125e-03 2.242136746644973755e-02 1.575537212193012238e-02 1.483670552261173725e-03 3.861242439597845078e-03 4.390873759984970093e-02 4.171600565314292908e-02 1.140068564563989639e-02 2.609670534729957581e-02 3.633206477388739586e-03 2.471421472728252411e-02 3.315400332212448120e-02 1.502035371959209442e-02 1.958706043660640717e-02 4.754767287522554398e-03 1.265993714332580566e-02 7.526385132223367691e-03 1.135282684117555618e-02 4.508303012698888779e-03 1.809949614107608795e-02 1.539748627692461014e-02 1.738083735108375549e-02 1.292864419519901276e-02 3.696483327075839043e-03 2.641374059021472931e-02 2.086749300360679626e-02 1.167490240186452866e-02 4.537712037563323975e-02 3.167982399463653564e-02 1.909535191953182220e-02 2.325905114412307739e-02 5.004878621548414230e-03 2.822129055857658386e-03 1.824828237295150757e-02 3.994543571025133133e-03 2.646003663539886475e-02 1.161814783699810505e-03 1.788275875151157379e-02 3.698077751323580742e-03 5.223034322261810303e-02 7.163258735090494156e-03 4.410026222467422485e-02 5.635713227093219757e-03 1.318993419408798218e-02 3.609375096857547760e-03 1.605266146361827850e-02 1.174926757812500000e-02 1.405630074441432953e-02 1.913057756610214710e-03 3.806379064917564392e-02 4.339428246021270752e-02 1.717945002019405365e-02 2.340168505907058716e-02 5.880625452846288681e-03 6.600859109312295914e-03 1.927878335118293762e-02 3.310251981019973755e-02 2.115050517022609711e-02 4.780718125402927399e-03 2.033525379374623299e-03 1.311308355070650578e-03 3.482481837272644043e-02 2.689420804381370544e-02 1.090611424297094345e-02 3.858926473185420036e-03 1.137659233063459396e-02 4.472870845347642899e-03 1.517233345657587051e-02 7.949731312692165375e-03 9.375971858389675617e-04 4.022788256406784058e-03 1.252268534153699875e-02 8.252894505858421326e-03 7.010523695498704910e-03 1.403886475600302219e-03 9.228216949850320816e-04 1.856590621173381805e-02 1.116781402379274368e-02 3.709466662257909775e-03 2.870093658566474915e-02 1.147129200398921967e-02 8.904034039005637169e-04 9.614606387913227081e-03
1.426408160477876663e-02 1.471793279051780701e-02 5.027480889111757278e-03 6.943331658840179443e-02 8.457639217376708984e-01 1.622583530843257904e-02 1.156019791960716248e-02 3.759932704269886017e-03 2.113767154514789581e-02 2.680916711688041687e-02 1.345995068550109863e-02 2.818558551371097565e-02 7.250614929944276810e-03 1.292733941227197647e-02 4.037398379296064377e-03 3.511130064725875854e-02 3.060536459088325500e-02 3.239165246486663818e-02 3.928788006305694580e-02 1.329144649207592010e-02 2.042429288849234581e-03 1.319181360304355621e-02 5.166457500308752060e-03 1.361494883894920349e-02 1.067331712692975998e-02 1.471363357268273830e-03 8.562380447983741760e-03 1.422541774809360504e-02 9.039995260536670685e-03 2.968295710161328316e-03 1.921920292079448700e-02 2.517651766538619995e-03 1.558177918195724487e-02 4.388311877846717834e-03 1.487187203019857407e-02 1.375108724460005760e-03 7.197709754109382629e-03 1.766035705804824829e-02 5.547373741865158081e-02 6.301927566528320312e-02 8.017782121896743774e-03 6.234447006136178970e-03 1.664921455085277557e-02 1.919226953759789467e-03 2.766348421573638916e-02 1.750056073069572449e-02 1.890360563993453979e-02 1.584099233150482178e-02 8.387851528823375702e-03 2.247860841453075409e-02 2.170327119529247284e-03 2.183799631893634796e-03 1.478172931820154190e-02 5.966731347143650055e-03 2.816228009760379791e-02 3.540710359811782837e-02 7.182080298662185669e-03 2.639031736180186272e-03 1.376637537032365799e-02 7.482612039893865585e-03 4.586306586861610413e-02 3.683834522962570190e-02 1.401199679821729660e-02 1.054428052157163620e-02 4.343336622696369886e-04 6.861309055238962173e-03 1.419892068952322006e-02 5.111583508551120758e-03 3.840829804539680481e-02 1.609881408512592316e-02 3.633935377001762390e-02 1.503009255975484848e-02 3.993842750787734985e-02 6.646946072578430176e-03 4.646963253617286682e-02 2.354974299669265747e-02 2.619364485144615173e-02 2.347902581095695496e-02 7.778045255690813065e-03 2.165459841489791870e-02 4.813731182366609573e-03 4.041193518787622452e-03 3.021319583058357239e-02 5.308181419968605042e-02 1.820785924792289734e-02 1.471184752881526947e-02 7.048051338642835617e-03 3.438518615439534187e-03 3.267997642979025841e-03 4.146994091570377350e-03 2.409033291041851044e-02 1.368626020848751068e-02 1.829216629266738892e-02 6.169658154249191284e-03 4.047871753573417664e-02 3.549663722515106201e-02 1.286346465349197388e-03 2.047739177942276001e-02 4.075855016708374023e-03 2.991162473335862160e-04 9.030750952661037445e-03 4.720476921647787094e-03 8.253331296145915985e-03 1.530149485915899277e-02 5.230538547039031982e-03 1.396566908806562424e-02 1.102024596184492111e-02 7.337946910411119461e-03 4.390999209135770798e-03 5.515857599675655365e-03 1.530142850242555141e-03 1.009141374379396439e-02 8.823120966553688049e-03 8.028455078601837158e-03 6.838546833023428917e-04 1.268030051141977310e-02
7.959582656621932983e-02 7.233200222253799438e-02 6.221409887075424194e-03 9.655692614614963531e-03 1.622583530843257904e-02 8.457639217376708984e-01 8.559773117303848267e-02 9.973827749490737915e-03 1.345582865178585052e-02 8.114558644592761993e-03 6.306126713752746582e-02 3.873128676787018776e-03 5.180877074599266052e-02 2.719175256788730621e-02 1.546105928719043732e-02 1.001086086034774780e-03 6.373297423124313354e-03 1.586250774562358856e-02 2.200180664658546448e-02 7.199981249868869781e-03 4.341654479503631592e-03 2.930036000907421112e-02 1.332565792836248875e-03 6.596426945179700851e-03 7.103470125002786517e-05 6.949225440621376038e-03 1.714929565787315369e-02 3.539867466315627098e-03 2.930629067122936249e-02 9.128957986831665039e-03 2.585349418222904205e-02 8.533438667654991150e-03 1.448200084269046783e-02 1.252694241702556610e-02 2.045062603428959846e-03 6.542108487337827682e-03 2.049773000180721283e-02 8.471897803246974945e-03 1.883900724351406097e-02 5.179698579013347626e-03 2.481345552951097488e-03 1.596348010934889317e-03 4.789274651557207108e-03 6.922269822098314762e-04 1.159153226763010025e-02 9.535701945424079895e-03 7.271012663841247559e-02 5.340683460235595703e-02 4.530236124992370605e-03 3.679581684991717339e-03 2.037007361650466919e-02 1.870212890207767487e-02 8.430671296082437038e-04 8.678687736392021179e-03 2.070720493793487549e-02 1.114596240222454071e-02 1.238194108009338379e-02 4.245472140610218048e-03 2.162942662835121155e-03 1.693550869822502136e-02 2.640018612146377563e-02 2.280697785317897797e-02 4.869860131293535233e-03 5.388906225562095642e-03 2.620333060622215271e-02 3.282224759459495544e-02 1.139714475721120834e-02 4.799852147698402405e-03 5.249135661870241165e-03 5.177322775125503540e-03 1.673454232513904572e-02 1.794481300748884678e-03 2.364093810319900513e-02 9.909234941005706787e-03 1.239726506173610687e-02 9.359218180179595947e-03 1.003750879317522049e-02 1.205991487950086594e-02 6.193050649017095566e-03 1.018970739096403122e-02 7.548815570771694183e-03 1.130723627284169197e-03 1.980663090944290161e-02 1.814467832446098328e-02 8.514639193890616298e-05 1.357056200504302979e-02 3.126704599708318710e-03 2.008876204490661621e-02 7.001573685556650162e-03 3.914877306669950485e-03 4.051353037357330322e-02 1.997136138379573822e-02 3.471666201949119568e-02 1.117770001292228699e-02 8.989354595541954041e-03 9.380579926073551178e-03 1.570749655365943909e-02 1.229158975183963776e-02 1.123795472085475922e-02 1.091834157705307007e-02 7.625245489180088043e-03 1.244403701275587082e-02 1.301671657711267471e-02 1.067001000046730042e-02 9.897968731820583344e-03 1.102507859468460083e-02 8.330892305821180344e-04 6.206600926816463470e-03 2.025626413524150848e-02 1.296536531299352646e-02 1.005311962217092514e-02 8.918001316487789154e-03 1.773088239133358002e-03 7.879110053181648254e-04 2.693896740674972534e-02 1.277282927185297012e-02
7.098177820444107056e-02 7.021481543779373169e-02 8.020700886845588684e-03 8.319740183651447296e-03 1.156019791960716248e-02 8.559773117303848267e-02 8.457639217376708984e-01 1.235199626535177231e-02 1.110414229333400726e-02 6.084508728235960007e-03 5.982699245214462280e-02 5.357956048101186752e-03 5.624442175030708313e-02 2.322487346827983856e-02 1.184437610208988190e-02 1.310886000283062458e-03 4.419031087309122086e-03 1.052325591444969177e-02 6.264138501137495041e-03 5.235291086137294769e-03 1.106179878115653992e-02 2.824509888887405396e-02 5.322454031556844711e-03 9.448732249438762665e-03 8.497351664118468761e-04 1.701773144304752350e-03 2.021516673266887665e-02 1.148403249680995941e-02 3.366140276193618774e-02 1.305952575057744980e-02 3.090117685496807098e-02 8.085569366812705994e-03 9.585709311068058014e-03 1.778943277895450592e-02 1.445483183488249779e-03 1.150055509060621262e-02 2.159137092530727386e-02 1.170349679887294769e-02 1.640020310878753662e-02 6.015886086970567703e-03 6.409781519323587418e-03 5.542142316699028015e-03 9.956875583156943321e-04 2.057666424661874771e-03 1.917681470513343811e-02 1.986835710704326630e-02 7.061164081096649170e-02 6.047571823000907898e-02 7.656131871044635773e-03 1.306791137903928757e-02 2.981472201645374298e-02 2.145160734653472900e-02 1.455914811231195927e-03 9.177745319902896881e-03 1.360694225877523422e-02 1.465402892790734768e-03 1.394608803093433380e-02 2.056127850664779544e-04 2.164840465411543846e-03 1.557536888867616653e-02 1.673894561827182770e-02 1.350341364741325378e-02 1.777736470103263855e-03 6.337817292660474777e-03 2.876653894782066345e-02 3.913705796003341675e-02 9.148358367383480072e-03 9.202602319419384003e-03 2.453114604577422142e-03 6.463867612183094025e-04 1.419089175760746002e-02 1.216289820149540901e-03 1.957013830542564392e-02 9.486428461968898773e-03 7.333721965551376343e-03 1.030107121914625168e-02 5.435204599052667618e-03 1.072056591510772705e-02 7.423555478453636169e-03 9.021261706948280334e-03 1.207394525408744812e-02 2.948711160570383072e-03 1.636164262890815735e-02 4.944836255162954330e-03 7.495947647839784622e-03 1.542799174785614014e-02 4.976800177246332169e-03 2.234413847327232361e-02 6.359636783599853516e-03 8.036934770643711090e-03 3.934138268232345581e-02 2.141290903091430664e-02 4.228436574339866638e-02 1.373673602938652039e-02 7.755013182759284973e-03 3.283996600657701492e-03 1.448713801801204681e-02 1.328307576477527618e-02 1.628293655812740326e-02 9.054695256054401398e-03 1.005631685256958008e-02 1.766430027782917023e-02 1.416917424649000168e-02 1.202481240034103394e-02 6.418029777705669403e-03 1.324786338955163956e-02 2.975386334583163261e-03 8.971361443400382996e-03 2.099961787462234497e-02 2.022456005215644836e-02 1.484617963433265686e-02 1.297335419803857803e-02 1.316721783950924873e-03 8.818997303023934364e-04 3.191539645195007324e-02 1.186816673725843430e-02
1.060445886105298996e-02 3.986969531979411840e-04 5.803115665912628174e-02 7.311850320547819138e-03 3.759932704269886017e-03 9.973827749490737915e-03 1.235199626535177231e-02 8.457639217376708984e-01 7.621488068252801895e-03 1.093649491667747498e-02 1.298310980200767517e-02 5.236478988081216812e-03 9.671200066804885864e-03 4.176715854555368423e-03 4.985640197992324829e-02 7.963654934428632259e-04 3.513092873618006706e-03 5.085846409201622009e-03 1.574355550110340118e-02 1.293183956295251846e-02 2.476977929472923279e-02 4.926601890474557877e-03 2.082719467580318451e-03 1.284644706174731255e-03 7.619021926075220108e-03 2.046095579862594604e-02 5.333450157195329666e-03 1.642645709216594696e-02 2.017749100923538208e-02 2.438634634017944336e-02 5.670366343110799789e-03 9.225240908563137054e-03 2.704088762402534485e-02 2.113658934831619263e-02 1.523598656058311462e-02 3.668744489550590515e-02 3.264688327908515930e-02 1.164018642157316208e-02 1.213961560279130936e-02 8.582990267314016819e-04 2.559774741530418396e-02 9.469486773014068604e-03 4.173472058027982712e-03 4.345370829105377197e-02 2.209452912211418152e-03 4.722510057035833597e-04 4.570845980197191238e-03 8.670922368764877319e-03 3.980074077844619751e-03 5.048817954957485199e-03 2.417488023638725281e-03 2.568012662231922150e-02 3.386826440691947937e-02 3.963465243577957153e-02 1.328166853636503220e-02 2.304267691215500236e-04 4.293330945074558258e-03 2.487011440098285675e-02 3.267537802457809448e-02 3.549025207757949829e-02 6.080758292227983475e-03 9.056735783815383911e-03 1.193166803568601608e-02 1.173235569149255753e-02 7.164867129176855087e-04 9.468811564147472382e-03 2.299138577654957771e-03 1.457650680094957352e-02 5.065380595624446869e-03 1.923523284494876862e-02 2.324753906577825546e-03 2.011292614042758942e-02 1.634213700890541077e-02 3.112591803073883057e-04 1.167607028037309647e-02 1.344275660812854767e-02 3.498025005683302879e-03 1.211007405072450638e-02 5.548342014662921429e-04 2.435056259855628014e-03 7.452201098203659058e-02 7.121012359857559204e-02 1.150085963308811188e-02 5.157475359737873077e-03 6.397103890776634216e-03 1.024958677589893341e-02 5.046935752034187317e-02 3.984037786722183228e-02 6.633101496845483780e-03 1.147602126002311707e-02 5.666646175086498260e-03 3.132667625322937965e-03 1.006835512816905975e-02 1.791129447519779205e-02 2.052551880478858948e-02 1.377239171415567398e-02 6.085863802582025528e-03 4.603494424372911453e-03 1.388985011726617813e-02 8.340673521161079407e-03 8.242946118116378784e-03 1.746402867138385773e-02 9.841652354225516319e-04 4.623113665729761124e-03 2.699916437268257141e-02 2.623807452619075775e-02 1.865662448108196259e-02 5.354986526072025299e-03 2.386233769357204437e-02 1.498768385499715805e-02 2.361909300088882446e-02 2.584884315729141235e-02 3.947105724364519119e-03 8.479093201458454132e-03 2.866779919713735580e-03 7.242084480822086334e-03
1.929102651774883270e-02 1.522894855588674545e-02 6.349796894937753677e-03 9.226003021467477083e-05 2.113767154514789581e-02 1.345582865178585052e-02 1.110414229333400726e-02 7.621488068252801895e-03 8.457639217376708984e-01 6.719772517681121826e-02 9.232291020452976227e-03 8.848215453326702118e-03 1.111266110092401505e-02 1.629328913986682892e-02 1.062160357832908630e-02 4.547101259231567383e-02 4.132676124572753906e-02 2.861342579126358032e-02 1.027976628392934799e-02 6.414199713617563248e-03 1.330289430916309357e-02 1.051574293524026871e-02 4.153588786721229553e-02 4.511132091283798218e-02 9.502634406089782715e-03 1.188045367598533630e-02 4.689033608883619308e-03 2.506881253793835640e-03 1.465484499931335449e-02 6.625074311159551144e-04 2.484894171357154846e-02 1.208707876503467560e-02 2.865706803277134895e-03 2.942566992715001106e-03 1.320376759395003319e-03 6.316557526588439941e-03 9.744058363139629364e-03 1.145342178642749786e-02 2.408885024487972260e-02 2.919260039925575256e-02 6.584541872143745422e-03 2.916942350566387177e-02 2.845950052142143250e-02 7.437130436301231384e-03 1.289297360926866531e-02 2.865844289772212505e-04 1.160111464560031891e-02 2.311385050415992737e-02 3.251009806990623474e-02 3.526172414422035217e-02 1.600382849574089050e-02 3.884053323417901993e-03 7.096923422068357468e-03 8.946574293076992035e-03 4.014630243182182312e-02 3.777268156409263611e-02 5.901109892874956131e-03 9.423836134374141693e-03 2.285285852849483490e-03 7.648557424545288086e-03 1.990820467472076416e-02 1.211545616388320923e-02 6.237160414457321167e-04 1.264048274606466293e-02 1.114004198461771011e-02 1.315627247095108032e-02 6.844133604317903519e-03 1.297442591749131680e-03 4.943109676241874695e-02 1.813103817403316498e-02 5.169903859496116638e-02 1.332787983119487762e-02 2.211150713264942169e-03 1.235200278460979462e-02 7.892966270446777344e-03 1.416507642716169357e-02 6.548104435205459595e-02 6.373378634452819824e-02 3.122024796903133392e-02 3.233631327748298645e-02 1.433901675045490265e-02 6.664855754934251308e-04 2.707042917609214783e-02 1.218902412801980972e-02 2.653032308444380760e-03 1.370813697576522827e-02 7.458067499101161957e-03 7.372157182544469833e-03 6.661239895038306713e-04 5.062122363597154617e-03 1.513525564223527908e-02 1.902421936392784119e-02 2.807633578777313232e-02 1.218958385288715363e-02 1.680192165076732635e-02 2.181898429989814758e-02 1.340985298156738281e-02 1.501654740422964096e-02 3.285989165306091309e-02 3.300125896930694580e-02 7.195937447249889374e-03 3.355216700583696365e-03 1.401884946972131729e-02 1.593398116528987885e-02 2.400747500360012054e-02 6.006305920891463757e-04 1.280151307582855225e-02 2.733608242124319077e-03 4.752322100102901459e-03 1.484785508364439011e-02 1.043718680739402771e-02 1.721361838281154633e-02 1.050196588039398193e-02 1.366333197802305222e-02 1.153830159455537796e-02 1.810694485902786255e-02
4.796647932380437851e-03 5.745604168623685837e-03 3.327085636556148529e-03 6.016057915985584259e-03 2.680916711688041687e-02 8.114558644592761993e-03 6.084508728235960007e-03 1.093649491667747498e-02 6.719772517681121826e-02 8.457639217376708984e-01 2.273559104651212692e-03 6.346478592604398727e-03 2.993782050907611847e-03 7.695400156080722809e-03 1.368102431297302246e-02 4.258532077074050903e-02 3.848749771714210510e-02 2.241097390651702881e-02 2.349305711686611176e-02 7.852378301322460175e-03 8.435230702161788940e-03 1.036047562956809998e-02 3.797322511672973633e-02 4.686461389064788818e-02 1.076792553067207336e-02 9.725300595164299011e-03 4.626374691724777222e-03 1.345861237496137619e-02 2.900858526118099689e-04 3.959881141781806946e-03 1.699524931609630585e-02 1.190315373241901398e-02 2.054044976830482483e-03 1.273957826197147369e-02 8.676790632307529449e-03 4.388278815895318985e-03 8.219178998842835426e-04 1.051288470625877380e-02 2.651442028582096100e-02 4.000895842909812927e-02 4.220993723720312119e-03 2.454986050724983215e-02 4.104744270443916321e-02 1.149921771138906479e-02 2.943581668660044670e-03 9.124292060732841492e-03 2.962074009701609612e-03 1.450108923017978668e-02 2.550584077835083008e-02 5.072375386953353882e-02 1.322499383240938187e-02 7.148200180381536484e-03 1.092679053544998169e-02 1.295069605112075806e-02 3.537321090698242188e-02 5.506381392478942871e-02 7.409792859107255936e-03 1.754701137542724609e-02 9.714529849588871002e-03 1.471938658505678177e-02 2.124172262847423553e-02 2.383828535676002502e-02 1.912889652885496616e-03 1.267417147755622864e-02 6.459514610469341278e-03 5.124248564243316650e-03 6.766876205801963806e-03 5.588720086961984634e-03 4.365871101617813110e-02 1.090339384973049164e-02 4.961592331528663635e-02 1.504193805158138275e-02 1.759691163897514343e-03 1.242305804044008255e-02 7.826031185686588287e-03 1.834206469357013702e-02 5.524254217743873596e-02 6.687989830970764160e-02 1.765024662017822266e-02 4.011016339063644409e-02 1.632599905133247375e-02 1.782373874448239803e-03 1.742919720709323883e-02 2.003014832735061646e-02 9.803974069654941559e-03 1.704375632107257843e-02 1.133957318961620331e-02 4.802044015377759933e-03 1.293180603533983231e-02 3.227135865017771721e-03 7.629524450749158859e-03 9.854184463620185852e-03 2.093324251472949982e-02 4.501508548855781555e-03 1.744059100747108459e-02 2.622520178556442261e-02 7.144690025597810745e-03 1.662342809140682220e-02 2.926759608089923859e-02 3.468307107686996460e-02 7.524541579186916351e-03 9.178061969578266144e-03 7.793318945914506912e-03 1.263558212667703629e-02 2.504448965191841125e-02 4.425149876624345779e-03 1.675092056393623352e-02 5.213075783103704453e-03 7.238572463393211365e-03 1.714416034519672394e-02 9.498589672148227692e-03 1.448593568056821823e-02 1.067643519490957260e-02 2.028794027864933014e-02 7.853121496737003326e-03 1.037567202001810074e-02
7.380393892526626587e-02 6.313627213239669800e-02 7.652117405086755753e-03 1.749796420335769653e-02 1.345995068550109863e-02 6.306126713752746582e-02 5.982699245214462280e-02 1.298310980200767517e-02 9.232291020452976227e-03 2.273559104651212692e-03 8.457639217376708984e-01 8.427103981375694275e-03 5.520117282867431641e-02 1.167175173759460449e-02 1.482472755014896393e-02 9.129209443926811218e-03 9.578868746757507324e-03 2.113107033073902130e-02 3.884784411638975143e-03 1.097186189144849777e-02 1.136052422225475311e-02 4.005479067564010620e-02 7.996868342161178589e-03 1.224656775593757629e-02 1.055560819804668427e-02 2.729695523157715797e-03 2.204435132443904877e-02 3.375387936830520630e-02 5.338910594582557678e-02 2.690375223755836487e-02 2.305684238672256470e-02 1.064626406878232956e-02 6.020816043019294739e-03 1.655841059982776642e-02 7.650834158994257450e-04 1.707408763468265533e-02 2.287448011338710785e-02 1.478456798940896988e-02 7.605408318340778351e-03 9.294102201238274574e-04 4.139421507716178894e-03 1.376366149634122849e-02 1.252492051571607590e-02 1.043165568262338638e-03 1.664734259247779846e-02 8.450748282484710217e-04 6.039411202073097229e-02 3.507656604051589966e-02 3.676536725834012032e-03 1.045147050172090530e-02 2.252192003652453423e-03 1.661879068706184626e-04 1.739275641739368439e-02 7.062914315611124039e-03 1.701447926461696625e-02 3.324714023619890213e-03 8.945899899117648602e-04 1.555303763598203659e-02 1.977655477821826935e-02 2.638082765042781830e-02 1.800560392439365387e-02 2.819881774485111237e-04 2.043249551206827164e-03 9.844352025538682938e-04 5.002875626087188721e-02 4.096878319978713989e-02 1.345553807914257050e-02 1.265338808298110962e-02 1.682089874520897865e-03 1.722190156579017639e-02 6.591057404875755310e-03 5.583224818110466003e-03 1.459345035254955292e-02 1.585772447288036346e-02 2.048647729679942131e-03 1.075664907693862915e-02 2.471986226737499237e-03 4.143943544477224350e-03 4.451392160262912512e-04 1.035112608224153519e-02 4.581780638545751572e-03 8.774858899414539337e-03 3.114324435591697693e-02 1.866098493337631226e-02 4.411432310007512569e-04 9.075106121599674225e-03 1.502538193017244339e-02 2.617959305644035339e-02 7.068681064993143082e-03 1.377942971885204315e-02 5.114573985338211060e-02 3.093653172254562378e-02 2.452116273343563080e-02 1.678999140858650208e-02 7.495471742004156113e-03 5.010806955397129059e-03 1.654227264225482941e-02 8.393165655434131622e-03 1.513690408319234848e-02 1.747116446495056152e-02 1.442592870444059372e-02 1.578097790479660034e-02 1.659103296697139740e-02 7.585670799016952515e-03 3.377827582880854607e-03 1.455009169876575470e-02 1.030773203819990158e-02 2.288566157221794128e-02 1.651533879339694977e-02 1.011538598686456680e-02 1.376130804419517517e-02 1.050574611872434616e-02 1.696165464818477631e-02 6.287939380854368210e-03 3.728070482611656189e-02 2.598516829311847687e-02
1.054474897682666779e-02 1.435140892863273621e-02 1.248112227767705917e-02 1.037354208528995514e-02 2.818558551371097565e-02 3.873128676787018776e-03 5.357956048101186752e-03 5.236478988081216812e-03 8.848215453326702118e-03 6.346478592604398727e-03 8.427103981375694275e-03 8.457639217376708984e-01 2.297796308994293213e-02 8.424333482980728149e-02 1.257456559687852859e-02 1.203069835901260376e-02 1.077638100832700729e-02 1.548371184617280960e-02 1.043559610843658447e-02 1.411593239754438400e-02 1.337207504548132420e-03 6.358298938721418381e-03 2.046276256442070007e-02 1.197343785315752029e-02 1.633175648748874664e-02 1.744155958294868469e-02 4.217646550387144089e-03 4.306403174996376038e-02 1.970534026622772217e-02 3.205700591206550598e-02 1.499346829950809479e-02 1.063994714058935642e-03 1.139235217124223709e-02 1.627535931766033173e-02 1.939037255942821503e-02 6.290190387517213821e-03 1.096220500767230988e-02 2.022499538725242019e-04 2.108418941497802734e-02 2.541968040168285370e-02 3.787852590903639793e-03 1.514699216932058334e-02 8.029950782656669617e-03 4.261252935975790024e-03 5.270141363143920898e-02 4.394117370247840881e-02 4.025221802294254303e-03 2.960097277536988258e-03 4.153138026595115662e-03 2.158762142062187195e-02 3.914489597082138062e-02 1.959380321204662323e-02 2.206665463745594025e-03 4.978796932846307755e-03 1.486326102167367935e-03 2.202078700065612793e-02 4.809519648551940918e-02 2.776226960122585297e-02 1.096527464687824249e-02 7.603218313306570053e-03 1.429666765034198761e-02 1.152818463742733002e-02 1.234967494383454323e-04 9.214405901730060577e-03 8.951598778367042542e-03 2.033697068691253662e-02 1.134700421243906021e-02 5.656180437654256821e-03 6.388561800122261047e-03 9.019749239087104797e-03 4.158319439738988876e-03 1.121508330106735229e-02 1.464262232184410095e-02 1.541113015264272690e-02 4.729759879410266876e-03 1.574056223034858704e-02 9.976183064281940460e-03 1.048120018094778061e-02 4.604078829288482666e-02 1.829134672880172729e-02 1.526502706110477448e-02 3.656819462776184082e-03 1.236008945852518082e-03 2.544382959604263306e-02 4.023730382323265076e-02 1.564503274857997894e-02 8.382234722375869751e-03 2.237634726043324918e-05 6.859334558248519897e-02 5.136766284704208374e-02 1.040191855281591415e-02 7.674598600715398788e-03 6.834264844655990601e-03 1.585544645786285400e-02 2.430902421474456787e-02 2.388762310147285461e-02 4.904710687696933746e-03 1.346245966851711273e-02 1.531353336758911610e-03 7.328597828745841980e-03 1.453715469688177109e-02 3.789693582803010941e-03 1.838789175963029265e-04 8.751856163144111633e-03 1.828706590458750725e-03 2.360174432396888733e-02 1.089563313871622086e-02 1.686311885714530945e-02 5.634371191263198853e-03 1.011918857693672180e-02 3.563972131814807653e-04 6.240658462047576904e-03 1.373234577476978302e-02 3.086476400494575500e-02 4.571772878989577293e-04 2.813297556713223457e-03
5.738914385437965393e-02 5.862719565629959106e-02 9.514870122075080872e-03 2.050075680017471313e-03 7.250614929944276810e-03 5.180877074599266052e-02 5.624442175030708313e-02 9.671200066804885864e-03 1.111266110092401505e-02 2.993782050907611847e-03 5.520117282867431641e-02 2.297796308994293213e-02 8.457639217376708984e-01 1.484392327256500721e-03 2.991634421050548553e-02 2.013264223933219910e-03 2.373879542574286461e-03 6.651225034147500992e-03 4.672252573072910309e-03 4.527878481894731522e-03 1.523118093609809875e-02 3.768723458051681519e-02 9.117400622926652431e-04 5.490856710821390152e-03 8.150152862071990967e-04 2.115701325237751007e-03 2.608669735491275787e-02 6.038538180291652679e-03 4.504463449120521545e-02 3.785673994570970535e-03 4.194061458110809326e-02 9.956147521734237671e-03 7.473986595869064331e-03 2.496189437806606293e-02 1.121735479682683945e-02 2.572656795382499695e-02 4.032482579350471497e-02 1.899502240121364594e-02 8.819440379738807678e-03 9.540230967104434967e-03 2.259437181055545807e-02 2.447911771014332771e-03 9.269599802792072296e-03 1.995687931776046753e-02 5.209271330386400223e-03 2.677495824173092842e-03 5.084035173058509827e-02 4.474273696541786194e-02 3.201611572876572609e-03 2.221032418310642242e-02 1.989147998392581940e-02 2.618958242237567902e-03 2.208863757550716400e-02 1.893647946417331696e-02 1.910063321702182293e-03 6.323553621768951416e-03 7.517224643379449844e-03 1.028773933649063110e-02 2.083824202418327332e-02 3.209495916962623596e-02 1.301310956478118896e-02 9.089767932891845703e-03 1.845154352486133575e-02 4.504657350480556488e-03 4.546270519495010376e-02 5.588070303201675415e-02 5.347664933651685715e-03 1.067302748560905457e-02 2.628451678901910782e-03 9.810912422835826874e-03 1.048971805721521378e-02 1.772545091807842255e-02 1.160964183509349823e-02 1.274368725717067719e-02 1.086687669157981873e-03 1.648708991706371307e-02 6.289375480264425278e-03 9.625148028135299683e-03 1.260182540863752365e-02 8.210767060518264771e-03 7.432237733155488968e-03 1.518360897898674011e-02 1.852687075734138489e-02 3.568228334188461304e-03 1.939291879534721375e-02 1.958665670827031136e-04 2.574875764548778534e-02 3.539866209030151367e-02 1.840524561703205109e-02 1.351893506944179535e-02 4.194208607077598572e-02 3.256019577383995056e-02 4.388775303959846497e-02 3.301280736923217773e-02 2.900918480008840561e-03 9.338529780507087708e-03 1.608835346996784210e-02 1.335708796977996826e-02 8.518016897141933441e-03 1.128035970032215118e-02 1.501680165529251099e-02 2.580517716705799103e-02 2.234791778028011322e-02 1.371483411639928818e-02 1.509344205260276794e-02 2.926852554082870483e-02 1.525704376399517059e-02 1.096671540290117264e-02 3.531257808208465576e-02 3.717496246099472046e-02 2.948286198079586029e-02 2.554013207554817200e-02 9.583639330230653286e-04 3.073373110964894295e-03 2.865739166736602783e-02 1.572344265878200531e-02
