8.360411524772644043e-01 7.815705239772796631e-02 4.752138629555702209e-03 7.370258215814828873e-03 1.357789151370525360e-02 7.153438776731491089e-02 6.612341850996017456e-02 8.429015055298805237e-03 5.447411444038152695e-03 1.903819106519222260e-02 6.619878858327865601e-02 2.866744622588157654e-02 4.801499843597412109e-02 3.574360860511660576e-03 3.737229481339454651e-02 6.833152379840612411e-03 1.238029653904959559e-04 5.348627921193838120e-03 1.479721162468194962e-02 8.280535228550434113e-03 8.907978422939777374e-03 3.071449697017669678e-02 1.126116234809160233e-02 3.933870699256658554e-03 5.183564964681863785e-03 1.460771262645721436e-02 1.413021888583898544e-02 1.547692902386188507e-02 2.547515556216239929e-02 1.171405334025621414e-02 5.316329770721495152e-04 5.571603775024414062e-03 3.792975330725312233e-03 8.121445775032043457e-03 3.687029937282204628e-03 2.316056983545422554e-03 5.716503597795963287e-03 1.675061509013175964e-02 7.532525341957807541e-03 1.058605685830116272e-02 8.208992891013622284e-03 1.882875896990299225e-02 1.041473634541034698e-02 2.465274650603532791e-03 2.288353256881237030e-02 2.026048675179481506e-02 6.510484218597412109e-02 4.552282020449638367e-02 2.783390134572982788e-02 6.553503917530179024e-04 8.209301158785820007e-03 4.133416805416345596e-03 1.586955040693283081e-02 6.462063640356063843e-03 2.033389918506145477e-02 8.769433014094829559e-03 1.598328963154926896e-04 1.470748614519834518e-02 2.577527053654193878e-02 2.307043410837650299e-02 5.097221583127975464e-03 3.239595564082264900e-03 1.827667118050158024e-03 2.263185335323214531e-03 4.367373511195182800e-02 1.471153926104307175e-02 4.372359719127416611e-03 1.015051454305648804e-02 1.830010302364826202e-02 7.775332313030958176e-03 5.084576550871133804e-03 1.736689155222848058e-04 1.825351826846599579e-02 4.996780306100845337e-03 1.601939462125301361e-02 8.045921102166175842e-03 1.537330448627471924e-02 1.540081948041915894e-02 1.910471171140670776e-02 3.609803691506385803e-02 6.155722774565219879e-03 1.641147956252098083e-02 1.819374412298202515e-02 1.603089185664430261e-04 1.737749949097633362e-02 3.167442977428436279e-02 2.550873532891273499e-02 2.403987944126129150e-02 1.333177182823419571e-02 8.224385674111545086e-04 3.914550691843032837e-02 2.182951383292675018e-02 1.352430693805217743e-02 1.494967006146907806e-02 1.830843649804592133e-02 1.078760437667369843e-02 8.335214108228683472e-03 1.054221950471401215e-02 1.741283200681209564e-02 6.991060450673103333e-03 4.732891917228698730e-03 5.573852453380823135e-03 1.097821723669767380e-02 9.114895015954971313e-03 7.980068214237689972e-03 1.137327868491411209e-02 7.663147989660501480e-03 3.229087218642234802e-02 2.012289827689528465e-03 2.759146504104137421e-03 2.822535671293735504e-02 1.144123263657093048e-02 3.637796500697731972e-03 4.826749209314584732e-03 1.942415349185466766e-02 1.327107101678848267e-02
7.815705239772796631e-02 8.360411524772644043e-01 4.076169803738594055e-03 7.202627137303352356e-03 2.195458626374602318e-03 6.134377792477607727e-02 6.970223039388656616e-02 6.818728987127542496e-03 1.712154038250446320e-02 2.542742993682622910e-03 6.521134823560714722e-02 2.358130179345607758e-02 6.604220718145370483e-02 1.322880270890891552e-03 3.390899673104286194e-02 1.736999675631523132e-02 1.179949380457401276e-02 1.778206042945384979e-02 9.415622334927320480e-04 2.043793443590402603e-03 5.214691627770662308e-03 2.231052517890930176e-02 1.858609169721603394e-02 1.101803965866565704e-02 2.676170086488127708e-03 1.427812315523624420e-02 2.394838072359561920e-02 7.266176864504814148e-03 2.249991148710250854e-02 1.748679438605904579e-03 1.938908826559782028e-03 2.019661478698253632e-03 9.355147369205951691e-03 3.773082746192812920e-03 9.549268521368503571e-03 9.261791594326496124e-03 1.249422226101160049e-02 4.669757094234228134e-03 1.204306539148092270e-02 4.194385837763547897e-03 1.019940059632062912e-02 1.472334004938602448e-02 1.101435720920562744e-02 1.006873324513435364e-03 1.386833842843770981e-02 1.590868271887302399e-02 5.672922730445861816e-02 5.637246370315551758e-02 2.345563471317291260e-02 8.569269441068172455e-03 1.016230453387834132e-04 1.470768242143094540e-03 9.099863469600677490e-03 1.096659619361162186e-02 1.993616484105587006e-02 1.992883719503879547e-02 1.091173267923295498e-03 1.095721963793039322e-03 2.920047380030155182e-02 1.067310757935047150e-02 1.045923959463834763e-02 1.821802230551838875e-03 7.882055826485157013e-03 1.072915550321340561e-02 4.068427905440330505e-02 1.290366984903812408e-02 1.111437752842903137e-02 7.694294210523366928e-03 2.638995274901390076e-02 5.271526984870433807e-03 4.004293121397495270e-03 7.748974603600800037e-04 1.764681749045848846e-02 2.037635771557688713e-03 1.364957913756370544e-02 1.613414380699396133e-03 2.486724406480789185e-02 2.023101318627595901e-03 1.748900860548019409e-02 2.791183441877365112e-02 4.711579997092485428e-03 1.305471826344728470e-02 1.163859292864799500e-02 1.668286975473165512e-03 8.488260209560394287e-03 1.902456209063529968e-02 1.748892851173877716e-02 1.471282634884119034e-02 2.436959184706211090e-02 2.197791356593370438e-03 3.633717074990272522e-02 2.016790769994258881e-02 1.732576079666614532e-02 1.033574342727661133e-02 2.341507747769355774e-02 2.436976414173841476e-03 1.273873914033174515e-02 8.957675658166408539e-03 1.678899303078651428e-02 1.307109370827674866e-02 1.375483255833387375e-02 8.042804896831512451e-03 1.363780722022056580e-02 4.038634244352579117e-03 3.656011074781417847e-03 5.111354403197765350e-03 1.131663005799055099e-02 2.476139925420284271e-02 9.025405161082744598e-03 2.474405337125062943e-03 2.866010181605815887e-02 1.041522063314914703e-02 7.192295044660568237e-03 1.011511217802762985e-02 2.466323412954807281e-02 1.527012977749109268e-02
4.752138629555702209e-03 4.076169803738594055e-03 8.360411524772644043e-01 1.114237774163484573e-02 1.749246008694171906e-02 1.901356317102909088e-02 1.602361537516117096e-02 5.868150293827056885e-02 2.975424565374851227e-02 3.667476354166865349e-03 1.512501388788223267e-02 5.432621110230684280e-03 2.209665626287460327e-02 4.480746574699878693e-03 3.037666343152523041e-02 1.429868768900632858e-02 8.218226023018360138e-03 1.729166693985462189e-02 3.038202645257115364e-03 6.817181594669818878e-03 6.856756750494241714e-03 3.783399239182472229e-02 2.529166266322135925e-02 1.844483613967895508e-02 2.636046847328543663e-03 5.467054434120655060e-03 3.320275247097015381e-02 7.243508007377386093e-03 5.839916411787271500e-03 5.821028724312782288e-03 1.327959634363651276e-02 1.000721752643585205e-02 3.076474647969007492e-03 1.026621926575899124e-02 2.693639136850833893e-02 1.301888842135667801e-02 8.829819969832897186e-03 8.239472284913063049e-03 1.677572540938854218e-02 5.698257591575384140e-03 2.879241656046360731e-04 2.261799573898315430e-02 1.204788777977228165e-02 3.633734583854675293e-02 9.177289903163909912e-03 3.567153355106711388e-03 1.063180528581142426e-02 1.106928102672100067e-02 2.646740525960922241e-02 1.897938735783100128e-02 1.551598962396383286e-02 4.033488221466541290e-03 2.886110160034149885e-04 1.285785227082669735e-03 2.189551107585430145e-02 2.837062440812587738e-02 4.900282714515924454e-03 1.737490855157375336e-02 7.856030948460102081e-03 5.127078853547573090e-03 1.424578763544559479e-02 1.262647937983274460e-02 1.160015468485653400e-03 1.094795577228069305e-02 1.924546062946319580e-02 8.892275393009185791e-03 5.058067385107278824e-03 1.096156798303127289e-02 1.492518931627273560e-02 1.812117057852447033e-03 3.106632037088274956e-03 3.283346444368362427e-02 1.190012414008378983e-02 1.918289624154567719e-02 1.433162018656730652e-02 3.085404261946678162e-02 2.417860738933086395e-02 4.072390031069517136e-03 2.765921503305435181e-02 9.332961402833461761e-03 6.092334911227226257e-02 3.159048408269882202e-02 3.000096604228019714e-02 4.097885452210903168e-03 2.600465714931488037e-02 2.400099067017436028e-03 4.150971397757530212e-02 1.580392196774482727e-02 1.165260653942823410e-02 1.995121315121650696e-02 5.682201124727725983e-03 3.378546983003616333e-02 8.595121325924992561e-04 1.341847889125347137e-02 2.648791484534740448e-02 2.421120740473270416e-02 2.266022376716136932e-02 3.316825255751609802e-02 1.941605471074581146e-02 2.208119817078113556e-02 1.420364528894424438e-02 1.619962509721517563e-03 2.419797517359256744e-02 2.445733360946178436e-02 1.522741094231605530e-02 5.070705432444810867e-03 1.802080683410167694e-02 2.075659576803445816e-03 1.181752420961856842e-02 1.286023017019033432e-02 7.084078155457973480e-03 1.508187782019376755e-02 9.676670655608177185e-03 1.370834093540906906e-02 1.086246222257614136e-02 3.116590902209281921e-03
7.370258215814828873e-03 7.202627137303352356e-03 1.114237774163484573e-02 8.360411524772644043e-01 5.696256831288337708e-02 1.123787842516321689e-05 5.556846037507057190e-03 1.538850367069244385e-02 2.929009869694709778e-02 6.755006033927202225e-03 4.480782663449645042e-04 8.088143542408943176e-03 2.704230370000004768e-03 4.634590819478034973e-03 1.257511321455240250e-03 2.322741597890853882e-02 1.870234310626983643e-02 3.595602884888648987e-02 2.208531275391578674e-02 4.640309605747461319e-03 4.065179731696844101e-03 1.080075465142726898e-02 1.127259433269500732e-02 1.184917055070400238e-03 1.343613583594560623e-02 4.663393367081880569e-03 2.435183618217706680e-03 2.221836894750595093e-02 1.178749278187751770e-02 1.277029793709516525e-02 1.448846608400344849e-02 3.856025636196136475e-03 2.785382792353630066e-02 2.551887417212128639e-03 2.437927760183811188e-02 1.230890583246946335e-02 1.071917265653610229e-02 8.474140428006649017e-03 4.116092249751091003e-02 2.904541604220867157e-02 1.455868687480688095e-02 2.170682139694690704e-02 1.049957424402236938e-02 2.151318080723285675e-02 5.556918680667877197e-03 1.243469398468732834e-02 1.967496937140822411e-03 3.528792178258299828e-03 1.558618806302547455e-02 6.468922831118106842e-03 2.903192117810249329e-02 1.896281167864799500e-02 1.653292961418628693e-02 8.159376680850982666e-03 3.365410119295120239e-02 7.776658050715923309e-03 3.674568235874176025e-02 1.132852490991353989e-02 2.734640147536993027e-03 1.231603790074586868e-03 4.831185191869735718e-02 2.602756768465042114e-02 2.864197455346584320e-02 3.482177481055259705e-02 8.990877307951450348e-03 7.799415849149227142e-03 3.091447753831744194e-03 8.016476407647132874e-03 4.049425199627876282e-02 5.962274037301540375e-03 3.394846245646476746e-02 2.838235720992088318e-02 5.341054499149322510e-02 1.979471743106842041e-02 4.774519056081771851e-02 3.313256427645683289e-02 3.567082434892654419e-02 1.390881650149822235e-02 2.074713446199893951e-02 7.072308566421270370e-03 6.487920414656400681e-03 2.033577114343643188e-02 4.532570391893386841e-02 4.104753583669662476e-02 3.799958853051066399e-03 9.689741767942905426e-03 1.723192399367690086e-03 8.094410877674818039e-04 4.248097166419029236e-02 2.625822462141513824e-02 6.843243725597858429e-03 1.749004982411861420e-02 2.833878097590059042e-04 9.202446788549423218e-03 4.304666444659233093e-02 1.790761016309261322e-02 7.388853002339601517e-03 2.490069344639778137e-02 2.923172898590564728e-02 1.892834901809692383e-02 7.245949469506740570e-03 1.037226710468530655e-02 8.948724716901779175e-03 1.016961783170700073e-02 1.608470827341079712e-02 6.996625103056430817e-03 2.069767937064170837e-02 1.449818722903728485e-02 2.347384393215179443e-02 2.464014664292335510e-02 2.703953301534056664e-03 9.180679917335510254e-03 7.215838879346847534e-03 7.491040509194135666e-03 2.305742725729942322e-02 2.603280358016490936e-03
1.357789151370525360e-02 2.195458626374602318e-03 1.749246008694171906e-02 5.696256831288337708e-02 8.360411524772644043e-01 1.944158691912889481e-03 7.901249453425407410e-03 8.537316462025046349e-04 2.001146040856838226e-02 4.148607607930898666e-03 4.971556831151247025e-03 1.958421198651194572e-03 1.601344719529151917e-02 3.588260384276509285e-03 9.765569120645523071e-03 5.000429693609476089e-03 3.339295042678713799e-03 2.575315348803997040e-02 1.532453950494527817e-02 6.562012713402509689e-03 1.253938768059015274e-02 1.273640617728233337e-02 3.741051303222775459e-03 4.395903088152408600e-03 5.700224079191684723e-03 7.056354661472141743e-04 1.039693411439657211e-02 1.671378128230571747e-02 2.523896843194961548e-02 1.417710538953542709e-02 2.244178391993045807e-02 8.606117218732833862e-03 1.436215266585350037e-02 1.604199223220348358e-02 2.456158399581909180e-02 1.078434754163026810e-02 4.831173922866582870e-03 5.546514410525560379e-03 2.315958775579929352e-02 2.865412831306457520e-02 4.939218517392873764e-03 1.643748395144939423e-02 1.038246788084506989e-02 1.585666276514530182e-02 6.579962093383073807e-03 1.025078538805246353e-02 2.022600965574383736e-03 1.135002449154853821e-02 2.144902572035789490e-02 9.157810360193252563e-03 3.314959257841110229e-02 3.135405853390693665e-02 9.631193242967128754e-03 2.099007181823253632e-02 3.237713873386383057e-02 8.511655032634735107e-03 1.641973294317722321e-02 5.218488629907369614e-03 3.303764620795845985e-03 5.725367926061153412e-03 3.428136184811592102e-02 2.344782277941703796e-02 2.626571059226989746e-02 3.878130763769149780e-02 6.700587458908557892e-03 6.413396913558244705e-03 6.988857407122850418e-03 1.716934889554977417e-02 1.620322465896606445e-02 2.442656829953193665e-02 2.020497061312198639e-02 1.947428099811077118e-02 3.790031000971794128e-02 4.067674651741981506e-02 4.233206436038017273e-02 3.448436781764030457e-02 1.699209585785865784e-02 1.033670920878648758e-02 3.272883594036102295e-02 2.203992381691932678e-02 3.461422864347696304e-03 3.626701422035694122e-03 5.709130689501762390e-02 5.138180032372474670e-02 9.365702979266643524e-03 1.835457235574722290e-02 6.827492732554674149e-03 1.086893398314714432e-02 2.637423947453498840e-02 4.849941655993461609e-02 9.682039730250835419e-03 6.441416684538125992e-03 1.125505194067955017e-03 1.436944957822561264e-02 3.295817226171493530e-02 2.211082167923450470e-02 3.141843900084495544e-02 3.019035235047340393e-02 2.038767188787460327e-02 1.466846279799938202e-02 4.346670582890510559e-03 4.357513040304183960e-03 2.794869616627693176e-02 2.082457207143306732e-02 1.449254993349313736e-02 6.315506994724273682e-03 2.375666052103042603e-02 1.896608807146549225e-02 2.058130316436290741e-02 3.421238437294960022e-02 1.361016184091567993e-02 1.039379090070724487e-02 1.114816498011350632e-02 6.541042588651180267e-03 5.646725650876760483e-03 7.663763593882322311e-03
7.153438776731491089e-02 6.134377792477607727e-02 1.901356317102909088e-02 1.123787842516321689e-05 1.944158691912889481e-03 8.360411524772644043e-01 7.895815372467041016e-02 7.839592173695564270e-03 9.564349427819252014e-03 2.195970155298709869e-02 6.649187952280044556e-02 1.432208437472581863e-02 5.018648877739906311e-02 6.862492300570011139e-03 3.478075936436653137e-02 1.176504790782928467e-02 1.750276610255241394e-02 2.973973168991506100e-04 1.135110855102539062e-02 4.589659627526998520e-03 8.314624428749084473e-03 2.541870810091495514e-02 4.509625025093555450e-03 1.171460933983325958e-02 1.794158946722745895e-03 2.131537720561027527e-02 4.047955386340618134e-03 1.139473053626716137e-03 2.778763137757778168e-02 9.839915670454502106e-03 9.656715206801891327e-03 1.833570189774036407e-02 9.296908043324947357e-03 1.739958487451076508e-02 1.154106948524713516e-02 1.151686720550060272e-02 2.213004790246486664e-02 1.373819168657064438e-02 1.708965748548507690e-02 6.421705707907676697e-03 2.492246683686971664e-03 5.907621234655380249e-03 1.368946395814418793e-02 6.822670111432671547e-04 5.055385176092386246e-03 2.423929981887340546e-02 7.470873743295669556e-02 5.566031858325004578e-02 7.536949589848518372e-03 7.901905104517936707e-03 4.692513961344957352e-03 1.599149405956268311e-02 5.194601602852344513e-03 3.717593383044004440e-03 3.483963198959827423e-03 7.234919350594282150e-03 2.218915382400155067e-03 3.281154856085777283e-02 1.200161967426538467e-02 1.998457871377468109e-02 3.826412139460444450e-03 1.578939147293567657e-02 1.926567871123552322e-03 6.851879414170980453e-03 4.103555902838706970e-02 2.592334710061550140e-02 7.468514144420623779e-03 1.044080872088670731e-02 9.811572730541229248e-03 4.312791395932435989e-03 1.409905310720205307e-02 1.636710576713085175e-02 7.559657562524080276e-03 5.636557936668395996e-03 6.915905396454036236e-05 4.913743585348129272e-03 4.805339965969324112e-03 2.090660855174064636e-02 6.182913784869015217e-04 2.907800674438476562e-02 1.878787763416767120e-02 2.553145959973335266e-02 9.297194890677928925e-03 1.662297407165169716e-03 2.724714949727058411e-02 3.426108136773109436e-02 2.872090786695480347e-02 2.291391044855117798e-02 5.198650062084197998e-03 1.063366513699293137e-02 3.797318413853645325e-02 2.440382912755012512e-02 2.251699380576610565e-02 3.338350681588053703e-03 5.746671464294195175e-03 6.045524030923843384e-03 1.568324863910675049e-02 1.500850170850753784e-02 1.113531924784183502e-02 8.830855600535869598e-03 1.130049489438533783e-02 4.698190372437238693e-03 2.773375809192657471e-02 1.244240067899227142e-02 5.577135831117630005e-03 1.496147736907005310e-02 1.320039737038314342e-04 1.872118003666400909e-02 3.621763549745082855e-03 6.165811792016029358e-04 3.253514319658279419e-02 2.259901165962219238e-02 7.977225817739963531e-03 3.733406076207756996e-03 1.956285722553730011e-02 2.463187091052532196e-02
6.612341850996017456e-02 6.970223039388656616e-02 1.602361537516117096e-02 5.556846037507057190e-03 7.901249453425407410e-03 7.895815372467041016e-02 8.360411524772644043e-01 6.677540950477123260e-03 6.959649734199047089e-03 1.105941459536552429e-02 6.248412281274795532e-02 1.095603220164775848e-02 5.719188228249549866e-02 8.383742533624172211e-03 2.860606461763381958e-02 7.658632937818765640e-03 1.223313063383102417e-02 3.913510125130414963e-03 2.034784527495503426e-03 5.847520194947719574e-03 1.551552675664424896e-02 2.039035409688949585e-02 7.405524142086505890e-03 1.276672258973121643e-02 3.952288068830966949e-03 2.601465024054050446e-02 1.160389371216297150e-02 1.256606075912714005e-02 6.783138960599899292e-03 2.264857664704322815e-02 9.081469033844769001e-05 1.939348131418228149e-02 2.373972674831748009e-03 1.636931300163269043e-02 1.673931069672107697e-02 2.090614847838878632e-02 2.371292747557163239e-02 1.184869837015867233e-02 7.742094341665506363e-03 3.747928189113736153e-03 2.678239950910210609e-03 7.585433922940865159e-05 1.707309484481811523e-02 1.148079289123415947e-03 6.098553421907126904e-04 2.688093110918998718e-02 6.906418502330780029e-02 6.957020610570907593e-02 4.766014870256185532e-03 6.604349706321954727e-03 6.067441310733556747e-03 1.761465333402156830e-03 4.533159546554088593e-03 1.315511483699083328e-02 1.374608720652759075e-03 7.543557789176702499e-03 4.462076351046562195e-03 3.286937624216079712e-02 7.285706233233213425e-03 8.836982771754264832e-03 5.469980649650096893e-03 1.760152168571949005e-02 3.759082872420549393e-03 1.899388246238231659e-02 3.332085907459259033e-02 1.386956498026847839e-02 1.667975634336471558e-02 1.620107702910900116e-02 6.871726363897323608e-03 1.653502113185822964e-03 1.357949525117874146e-02 1.822747662663459778e-02 2.442997414618730545e-03 5.144834518432617188e-03 1.125786080956459045e-02 1.221476867794990540e-02 6.476200651377439499e-03 1.721434667706489563e-02 7.024107617326080799e-04 2.954863756895065308e-02 4.869434982538223267e-03 2.073827385902404785e-02 1.610875828191637993e-03 8.614877238869667053e-03 2.682502754032611847e-02 2.895183302462100983e-02 2.020076103508472443e-02 1.451826188713312149e-02 8.410313166677951813e-03 1.983731240034103394e-02 2.936705946922302246e-02 2.485383301973342896e-02 2.087177522480487823e-02 1.413995632901787758e-03 3.850703826174139977e-03 9.195422753691673279e-03 2.077481709420681000e-02 1.609952375292778015e-02 6.163484882563352585e-03 8.802241645753383636e-03 2.135265059769153595e-02 1.351438369601964951e-02 3.406862169504165649e-02 1.443013083189725876e-02 9.672456420958042145e-03 5.084484000690281391e-04 1.325752679258584976e-02 1.019078027456998825e-02 3.839516546577215195e-03 7.630124688148498535e-03 4.057303071022033691e-02 2.766094170510768890e-02 4.835294559597969055e-03 1.131785195320844650e-02 1.772380620241165161e-02 2.383356727659702301e-02
8.429015055298805237e-03 6.818728987127542496e-03 5.868150293827056885e-02 1.538850367069244385e-02 8.537316462025046349e-04 7.839592173695564270e-03 6.677540950477123260e-03 8.360411524772644043e-01 1.568684726953506470e-02 8.360174484550952911e-03 2.309379540383815765e-02 1.273665484040975571e-02 3.111833520233631134e-02 3.294152673333883286e-03 5.457178503274917603e-02 5.437500774860382080e-03 1.031306665390729904e-02 8.218497387133538723e-04 5.774812307208776474e-03 3.020911104977130890e-02 8.979829028248786926e-03 4.367186129093170166e-02 9.184143505990505219e-03 5.538724362850189209e-03 1.290348730981349945e-02 4.017697181552648544e-03 1.540387049317359924e-02 1.107863616198301315e-02 2.524032955989241600e-03 1.199718657881021500e-02 1.427397783845663071e-02 1.148379035294055939e-02 1.274398807436227798e-02 1.596740446984767914e-03 1.232807245105504990e-02 1.836786791682243347e-02 2.258098311722278595e-02 1.066634897142648697e-02 6.134561728686094284e-03 8.337195031344890594e-03 3.010204527527093887e-03 5.417556036263704300e-03 4.949178546667098999e-03 4.526638984680175781e-02 2.525448240339756012e-02 2.483163960278034210e-02 4.979167599231004715e-03 3.046533325687050819e-03 1.200260128825902939e-03 4.145775164943188429e-05 7.472803816199302673e-03 2.816961146891117096e-03 2.681762911379337311e-02 1.146761979907751083e-02 7.248674053698778152e-03 3.880171338096261024e-03 2.909373119473457336e-02 3.269050037488341331e-03 3.009546361863613129e-02 1.633146218955516815e-02 9.599095210433006287e-03 1.068650186061859131e-02 2.348542399704456329e-02 1.849754247814416885e-03 2.192270383238792419e-02 1.044671633280813694e-03 1.152430009096860886e-02 6.236509885638952255e-03 8.478422649204730988e-03 1.372547540813684464e-02 2.043013088405132294e-02 9.580541402101516724e-03 8.908452466130256653e-03 6.032755598425865173e-03 4.667430650442838669e-03 1.981831341981887817e-02 1.199718005955219269e-02 1.626221463084220886e-02 1.616563647985458374e-02 2.282787580043077469e-03 7.416550070047378540e-02 4.886458814144134521e-02 1.965922862291336060e-02 6.065503228455781937e-03 1.508731860667467117e-02 3.548800479620695114e-03 5.746617540717124939e-02 2.601531893014907837e-02 1.130984630435705185e-02 1.968844095245003700e-03 1.525315269827842712e-02 3.196094557642936707e-02 1.662021037191152573e-03 2.480827271938323975e-02 4.141300451010465622e-03 3.095149435102939606e-02 6.839710753411054611e-03 2.009879611432552338e-02 5.687938071787357330e-03 4.504379103309474885e-05 7.968920283019542694e-03 5.510278977453708649e-03 1.731069944798946381e-02 1.809886842966079712e-02 1.014817785471677780e-02 2.015107497572898865e-02 3.913971595466136932e-03 6.232703104615211487e-03 1.983940228819847107e-02 1.888386532664299011e-02 2.032516058534383774e-03 1.702884212136268616e-02 2.871804637834429741e-03 2.762504154816269875e-03 9.308242239058017731e-03 1.607917435467243195e-02
5.447411444038152695e-03 1.712154038250446320e-02 2.975424565374851227e-02 2.929009869694709778e-02 2.001146040856838226e-02 9.564349427819252014e-03 6.959649734199047089e-03 1.568684726953506470e-02 8.360411524772644043e-01 3.642529994249343872e-02 3.647314151749014854e-03 2.439529343973845243e-04 4.379564896225929260e-03 1.248322613537311554e-02 1.367166545242071152e-02 3.876558691263198853e-02 3.289299085736274719e-02 5.371847748756408691e-02 2.955799922347068787e-02 2.995326882228255272e-03 3.460315521806478500e-03 2.289935201406478882e-02 3.800298273563385010e-02 3.125267475843429565e-02 4.613209515810012817e-03 1.122628105804324150e-03 1.219172868877649307e-02 2.534022787585854530e-03 9.409651160240173340e-03 1.336908247321844101e-02 8.972601965069770813e-03 1.637713611125946045e-02 3.899952629581093788e-03 2.048015035688877106e-02 1.882993243634700775e-02 8.578677661716938019e-03 1.078957132995128632e-02 1.693366281688213348e-02 3.349698707461357117e-02 2.480123564600944519e-02 1.722145825624465942e-02 1.979586854577064514e-02 4.506775643676519394e-03 1.801062189042568207e-02 7.298653014004230499e-03 1.211679447442293167e-02 4.488705657422542572e-03 5.399473477154970169e-03 3.125666454434394836e-02 1.439835224300622940e-02 2.677201991900801659e-03 1.783149503171443939e-02 1.553506217896938324e-02 8.471651002764701843e-03 3.709353879094123840e-02 2.410023845732212067e-02 2.501733787357807159e-02 1.396361179649829865e-02 9.697295725345611572e-03 1.120205735787749290e-03 3.465557098388671875e-02 1.569950394332408905e-02 3.683313727378845215e-03 1.398092508316040039e-02 3.921822644770145416e-03 1.039914088323712349e-03 1.429387135431170464e-03 5.108655430376529694e-03 3.910450264811515808e-02 4.042643588036298752e-03 2.513393759727478027e-02 3.252197802066802979e-02 2.060504630208015442e-02 9.282926097512245178e-03 1.947526633739471436e-02 2.912560850381851196e-02 6.374366581439971924e-02 2.686214633285999298e-02 3.880390152335166931e-02 1.274917647242546082e-02 1.542665809392929077e-02 1.260325405746698380e-02 4.090088233351707458e-02 3.967754170298576355e-02 3.058052435517311096e-02 1.521794963628053665e-02 1.416906900703907013e-02 5.567925050854682922e-03 3.961915150284767151e-02 8.450240828096866608e-03 1.469371374696493149e-02 2.239436842501163483e-02 9.899414144456386566e-03 5.831096787005662918e-03 3.033385984599590302e-02 1.203812472522258759e-02 2.025463851168751717e-03 3.385723009705543518e-02 3.597975522279739380e-02 2.098111994564533234e-02 2.354030963033437729e-03 1.152251288294792175e-02 1.201820373535156250e-02 1.540500670671463013e-02 2.132126502692699432e-02 7.096626795828342438e-04 1.093485392630100250e-02 1.756632328033447266e-02 2.109207585453987122e-02 1.876654848456382751e-02 1.814346644096076488e-03 4.452589899301528931e-03 1.873073540627956390e-02 7.405270356684923172e-03 4.436975810676813126e-03 3.957258071750402451e-03
1.903819106519222260e-02 2.542742993682622910e-03 3.667476354166865349e-03 6.755006033927202225e-03 4.148607607930898666e-03 2.195970155298709869e-02 1.105941459536552429e-02 8.360174484550952911e-03 3.642529994249343872e-02 8.360411524772644043e-01 2.341115847229957581e-02 2.184549160301685333e-02 1.601640693843364716e-02 1.577901095151901245e-02 1.624059304594993591e-02 2.159387432038784027e-02 3.974819928407669067e-02 3.454844281077384949e-02 6.204229593276977539e-02 7.627140264958143234e-03 9.737670421600341797e-03 2.643816731870174408e-02 5.792887415736913681e-03 2.046596817672252655e-02 3.723263216670602560e-04 1.592785492539405823e-02 1.150764059275388718e-02 2.140770852565765381e-02 1.607060059905052185e-02 8.815060369670391083e-03 2.904590964317321777e-02 9.342255070805549622e-03 3.989076707512140274e-03 7.218990474939346313e-03 7.625890895724296570e-03 8.605182170867919922e-03 3.323849523440003395e-03 2.568567544221878052e-02 9.758956730365753174e-03 8.151764981448650360e-03 3.974998742341995239e-02 1.638874411582946777e-02 3.765666857361793518e-03 1.242414116859436035e-02 3.925919905304908752e-02 7.678310386836528778e-03 1.885368488729000092e-02 7.891003042459487915e-03 5.407921853475272655e-04 3.661275282502174377e-02 1.599341258406639099e-02 7.475999882444739342e-04 2.678919816389679909e-03 2.327549736946821213e-03 6.302722729742527008e-03 3.112237714231014252e-02 1.365775614976882935e-02 2.312062866985797882e-02 4.532269202172756195e-03 6.031330558471381664e-04 2.349090389907360077e-02 3.574791178107261658e-02 8.097394369542598724e-03 2.302222652360796928e-03 2.829084359109401703e-02 2.335271239280700684e-02 5.577676463872194290e-03 7.052216678857803345e-03 2.394433319568634033e-02 2.488905377686023712e-02 5.141969397664070129e-02 1.045665331184864044e-02 3.758239094167947769e-03 9.154079481959342957e-03 1.543437689542770386e-02 8.099069818854331970e-03 2.550587058067321777e-02 7.408432662487030029e-02 7.639838848263025284e-03 5.294194445013999939e-02 1.663110917434096336e-03 5.506801884621381760e-03 3.119806759059429169e-03 2.996406704187393188e-02 1.493038143962621689e-02 5.199308320879936218e-02 2.885417779907584190e-03 1.390913873910903931e-02 1.436994224786758423e-02 1.472817361354827881e-02 8.075717836618423462e-03 3.257851814851164818e-03 1.806130073964595795e-02 1.910086721181869507e-02 1.313850469887256622e-02 2.306289039552211761e-03 1.697644218802452087e-02 6.339312531054019928e-03 9.713856503367424011e-03 1.903540827333927155e-02 2.721319906413555145e-03 3.062853356823325157e-03 3.681463422253727913e-03 2.194214984774589539e-02 2.589178271591663361e-03 5.576296825893223286e-04 1.168891601264476776e-02 1.713359728455543518e-02 3.041731193661689758e-03 8.855634368956089020e-03 8.217617869377136230e-03 2.908972278237342834e-02 1.929310522973537445e-02 9.694101288914680481e-03 2.827811287716031075e-03 2.515875175595283508e-02
6.619878858327865601e-02 6.521134823560714722e-02 1.512501388788223267e-02 4.480782663449645042e-04 4.971556831151247025e-03 6.649187952280044556e-02 6.248412281274795532e-02 2.309379540383815765e-02 3.647314151749014854e-03 2.341115847229957581e-02 8.360411524772644043e-01 1.906237751245498657e-02 6.010320410132408142e-02 4.181264899671077728e-03 4.521067813038825989e-02 4.094358999282121658e-03 3.774082055315375328e-03 4.000209271907806396e-03 6.754962261766195297e-03 1.521364040672779083e-02 1.241460908204317093e-02 3.348793461918830872e-02 5.674663465470075607e-03 2.156605245545506477e-03 1.388402376323938370e-02 8.582394570112228394e-03 1.318722590804100037e-02 7.807296700775623322e-03 3.372038900852203369e-02 2.775190165266394615e-03 8.641794323921203613e-03 6.564866751432418823e-03 1.752747967839241028e-02 6.864029914140701294e-03 8.447955362498760223e-03 6.633420940488576889e-03 2.187747508287429810e-03 1.359257847070693970e-02 8.211527019739151001e-03 7.054077927023172379e-03 2.946183551102876663e-03 1.001918688416481018e-02 8.120707236230373383e-03 2.458421280607581139e-03 1.201720535755157471e-02 2.645463868975639343e-02 6.158425286412239075e-02 4.865437373518943787e-02 1.713408157229423523e-02 5.894704256206750870e-03 5.590244196355342865e-03 4.233859013766050339e-03 2.663027122616767883e-02 1.024181302636861801e-02 1.832525059580802917e-02 1.714844815433025360e-02 5.114388652145862579e-03 1.598897762596607208e-02 3.762670978903770447e-02 2.762156352400779724e-02 6.659080274403095245e-03 5.867830943316221237e-03 2.211818238720297813e-03 6.297448184341192245e-03 5.890444293618202209e-02 2.136454917490482330e-02 1.494074007496237755e-03 6.706445012241601944e-03 1.821956969797611237e-02 7.808147929608821869e-03 5.565711762756109238e-03 1.803952455520629883e-02 8.161881007254123688e-03 1.162607129663228989e-02 2.669386798515915871e-03 1.212917361408472061e-02 9.508808143436908722e-03 2.315616607666015625e-02 1.450144918635487556e-04 3.675115853548049927e-02 2.349835261702537537e-02 2.545559592545032501e-02 2.408985601505264640e-04 5.838017445057630539e-03 1.893204450607299805e-02 2.987466007471084595e-02 3.245306015014648438e-02 1.991877518594264984e-02 1.211913861334323883e-02 1.172498799860477448e-02 3.627730906009674072e-02 3.062714450061321259e-02 1.908179000020027161e-02 8.283755742013454437e-03 6.294475868344306946e-03 4.633575677871704102e-03 2.666728943586349487e-02 1.659645326435565948e-02 1.575590670108795166e-02 3.703428083099424839e-04 3.007072664331644773e-04 8.997203782200813293e-03 2.770070172846317291e-02 1.155096292495727539e-02 1.181197352707386017e-02 1.331677008420228958e-02 4.286813084036111832e-03 2.687657438218593597e-02 1.861331239342689514e-02 6.433439906686544418e-03 3.163194656372070312e-02 2.516352571547031403e-02 2.954467432573437691e-03 5.471853073686361313e-03 7.661920506507158279e-03 2.335136942565441132e-02
2.866744622588157654e-02 2.358130179345607758e-02 5.432621110230684280e-03 8.088143542408943176e-03 1.958421198651194572e-03 1.432208437472581863e-02 1.095603220164775848e-02 1.273665484040975571e-02 2.439529343973845243e-04 2.184549160301685333e-02 1.906237751245498657e-02 8.360411524772644043e-01 2.149703539907932281e-02 7.497243583202362061e-02 6.868288386613130569e-03 3.864529728889465332e-02 2.904373779892921448e-02 2.360362187027931213e-02 3.779279440641403198e-02 8.209788240492343903e-03 6.461378186941146851e-03 6.522654555737972260e-03 3.369604796171188354e-02 3.011737577617168427e-02 1.718552783131599426e-02 2.065268903970718384e-02 6.376556586474180222e-03 6.892507523298263550e-02 7.471143268048763275e-03 6.032025068998336792e-02 4.538526292890310287e-03 2.319401828572154045e-03 1.257254742085933685e-02 1.874992065131664276e-02 1.896642148494720459e-02 4.920464707538485527e-04 7.344939280301332474e-03 2.043118327856063843e-02 2.587727271020412445e-02 2.665799669921398163e-02 1.093222061172127724e-03 9.035930037498474121e-03 7.564215455204248428e-03 1.165525801479816437e-02 4.860683903098106384e-02 2.850254252552986145e-02 1.949301920831203461e-02 1.327787805348634720e-02 1.275957562029361725e-02 5.950074642896652222e-03 4.785101627930998802e-04 2.945623709820210934e-04 1.777419634163379669e-02 7.367351208813488483e-04 1.510945800691843033e-02 4.821048118174076080e-03 1.840868964791297913e-02 2.368787117302417755e-02 2.514962106943130493e-02 1.428345125168561935e-02 9.760704822838306427e-03 7.593879476189613342e-03 6.913663819432258606e-03 1.424525864422321320e-02 9.382675401866436005e-03 9.797555394470691681e-03 1.653877436183393002e-03 1.012306287884712219e-02 2.718049101531505585e-02 1.838642731308937073e-02 3.253779839724302292e-03 8.972671814262866974e-03 3.820316120982170105e-02 1.739234663546085358e-02 3.838547691702842712e-02 1.130468584597110748e-02 1.680533960461616516e-02 9.768863674253225327e-04 1.748352497816085815e-02 3.860063478350639343e-02 2.034212835133075714e-02 1.374514028429985046e-02 2.678351476788520813e-03 2.832618076354265213e-03 2.951848786324262619e-03 1.357862638542428613e-04 9.736477513797581196e-04 2.203251235187053680e-03 1.041119173169136047e-02 1.793719083070755005e-02 1.079642586410045624e-02 1.120414771139621735e-02 9.456483647227287292e-03 3.047802252694964409e-03 1.080158632248640060e-02 1.216484233736991882e-02 9.160860441625118256e-03 5.521334242075681686e-03 1.257985946722328663e-03 9.407416917383670807e-03 1.373304752632975578e-03 4.794930107891559601e-03 5.593239329755306244e-04 5.256875418126583099e-03 6.908521056175231934e-03 1.219927147030830383e-02 1.306183286942541599e-03 1.062742527574300766e-02 1.083927229046821594e-02 6.331892218440771103e-03 5.327152553945779800e-03 5.564240273088216782e-03 5.120978225022554398e-03 1.426697615534067154e-02 3.492220118641853333e-02 5.592610687017440796e-03
4.801499843597412109e-02 6.604220718145370483e-02 2.209665626287460327e-02 2.704230370000004768e-03 1.601344719529151917e-02 5.018648877739906311e-02 5.719188228249549866e-02 3.111833520233631134e-02 4.379564896225929260e-03 1.601640693843364716e-02 6.010320410132408142e-02 2.149703539907932281e-02 8.360411524772644043e-01 1.527863438241183758e-03 4.013800993561744690e-02 1.402486860752105713e-02 7.340143434703350067e-03 7.372500840574502945e-04 8.298335596919059753e-03 4.599041130859404802e-04 1.082121627405285835e-03 3.301144391298294067e-02 1.009686477482318878e-02 8.973770891316235065e-04 9.804219938814640045e-03 8.693287149071693420e-03 8.421611972153186798e-03 8.683493360877037048e-03 1.533494424074888229e-02 1.286188256926834583e-03 8.395700715482234955e-03 4.870766308158636093e-03 2.634918317198753357e-03 3.327094484120607376e-03 1.382437907159328461e-02 1.264825463294982910e-02 1.338266767561435699e-02 4.507252480834722519e-03 1.385105587542057037e-02 3.503162646666169167e-03 2.556924941018223763e-03 2.547880401834845543e-03 2.189348079264163971e-02 1.034850534051656723e-02 8.143845945596694946e-03 1.673810184001922607e-02 5.089532956480979919e-02 5.856907740235328674e-02 8.863986469805240631e-03 7.018752861768007278e-03 1.525959372520446777e-02 2.065764740109443665e-02 1.245541032403707504e-02 1.589138992130756378e-02 1.243775337934494019e-02 1.070006191730499268e-02 9.980292990803718567e-03 1.235298113897442818e-03 2.785969339311122894e-02 3.290687687695026398e-03 8.820374496281147003e-03 6.049159448593854904e-03 6.982996594160795212e-03 1.613750867545604706e-02 5.031682923436164856e-02 2.466476708650588989e-02 8.643623441457748413e-03 8.832016959786415100e-03 1.259420067071914673e-02 1.685742661356925964e-02 7.233551703393459320e-03 1.941302977502346039e-02 7.296529598534107208e-03 2.637247927486896515e-02 4.691283393185585737e-04 1.823862642049789429e-02 3.224991727620363235e-03 1.917628012597560883e-02 1.158670987933874130e-02 4.429420828819274902e-02 1.629080064594745636e-02 2.099850773811340332e-02 1.437473390251398087e-02 1.373085938394069672e-02 1.096202712506055832e-02 1.726480945944786072e-02 2.078268304467201233e-02 1.187365688383579254e-02 1.484142243862152100e-02 2.553410641849040985e-02 3.172751143574714661e-02 3.054132685065269470e-02 2.754974924027919769e-02 2.374895475804805756e-02 1.822358230128884315e-03 1.682048104703426361e-02 4.000001773238182068e-02 1.635079458355903625e-02 9.673088788986206055e-03 3.153694095090031624e-03 6.725498475134372711e-03 4.759643226861953735e-03 3.478019684553146362e-02 1.375068724155426025e-02 4.063725471496582031e-03 5.491414107382297516e-03 1.457306277006864548e-02 1.015679817646741867e-02 1.466977037489414215e-02 1.400284003466367722e-02 3.573741763830184937e-02 2.197033725678920746e-02 1.326074358075857162e-02 2.180507220327854156e-02 2.876997366547584534e-02 1.533110253512859344e-02
