8.628894686698913574e-01 7.420276105403900146e-02 2.292188815772533417e-03 2.701502991840243340e-03 1.352355815470218658e-02 5.762107670307159424e-02 5.808871239423751831e-02 1.574780046939849854e-02 3.837662981823086739e-03 1.588777825236320496e-02 4.520566388964653015e-02 5.817648489028215408e-03 5.068520829081535339e-02 2.120166085660457611e-02 1.768389530479907990e-02 3.514863178133964539e-02 3.398861363530158997e-02 2.187422476708889008e-02 2.469477709382772446e-03 2.793164551258087158e-02 3.613467141985893250e-02 1.610070094466209412e-02 2.205712534487247467e-02 2.174272947013378143e-02 1.708795316517353058e-02 1.178838964551687241e-02 8.783038705587387085e-03 2.492361143231391907e-02 2.336485078558325768e-03 2.657583169639110565e-02 6.410459056496620178e-03 3.088281117379665375e-02 2.517665503546595573e-03 2.719301357865333557e-02 5.942849908024072647e-03 3.679804503917694092e-02 3.181297332048416138e-02 5.543775114347226918e-05 1.320018526166677475e-02 8.514453656971454620e-03 2.689492888748645782e-02 4.871326964348554611e-03 6.452810484915971756e-04 2.411225438117980957e-02 6.560087669640779495e-03 5.974216386675834656e-03 2.231889963150024414e-02 3.576695173978805542e-02 2.508244244381785393e-03 9.436113759875297546e-03 6.802535150200128555e-03 9.280205704271793365e-03 1.437802426517009735e-02 1.315140072256326675e-02 3.262251848354935646e-03 1.270416006445884705e-02 4.051985684782266617e-03 3.490446833893656731e-04 7.257121149450540543e-03 4.169588442891836166e-03 1.373559888452291489e-02 8.666877634823322296e-03 1.444328948855400085e-02 2.150642219930887222e-03 5.143526475876569748e-03 4.844851791858673096e-03 1.933457329869270325e-02 1.820089481770992279e-02 2.337470836937427521e-02 5.746077280491590500e-03 1.963174715638160706e-02 2.197230421006679535e-02 2.566391415894031525e-02 1.276106294244527817e-02 2.937919273972511292e-02 1.277116406708955765e-02 5.680037662386894226e-03 1.270995382219552994e-02 1.065386272966861725e-02 4.701208963524550200e-04 9.198329411447048187e-03 7.000012788921594620e-03 1.992627792060375214e-02 1.411668304353952408e-02 5.396332708187401295e-04 6.980836042203009129e-04 4.744996316730976105e-03 1.476220320910215378e-02 3.286167746409773827e-03 3.995387232862412930e-04 1.307097147218883038e-03 7.923802360892295837e-03 6.153662223368883133e-03 1.594152860343456268e-02 3.526596724987030029e-02 3.801722452044487000e-02 1.532790437340736389e-02 1.093757338821887970e-02 1.613242737948894501e-02 4.594272468239068985e-03 2.454684861004352570e-02 2.550089918076992035e-02 1.462761312723159790e-02 8.388576097786426544e-03 2.733194269239902496e-03 7.072665262967348099e-03 3.394459560513496399e-02 1.391509082168340683e-02 2.528486400842666626e-02 8.875248022377490997e-03 2.227579802274703979e-02 2.567061223089694977e-02 8.816065266728401184e-03 4.589586518704891205e-03 2.324471808969974518e-02 8.121564052999019623e-03
7.420276105403900146e-02 8.628894686698913574e-01 4.745849291794002056e-04 4.066249821335077286e-03 6.499388720840215683e-03 5.392244830727577209e-02 6.487115472555160522e-02 4.245579708367586136e-03 1.461235806345939636e-04 1.647460088133811951e-02 3.080898709595203400e-02 2.440889511490240693e-04 5.352557450532913208e-02 1.909903436899185181e-02 6.060984451323747635e-04 4.042841494083404541e-02 3.822769224643707275e-02 1.560903433710336685e-02 7.574112969450652599e-04 2.986802347004413605e-02 4.056220129132270813e-02 4.214462824165821075e-03 1.873959414660930634e-02 2.196955308318138123e-02 1.767158694565296173e-02 8.340585976839065552e-03 4.419096221681684256e-04 2.131572365760803223e-02 9.033700451254844666e-03 2.638730034232139587e-02 3.413996426388621330e-03 3.179631382226943970e-02 1.146267633885145187e-03 2.608715929090976715e-02 7.616461720317602158e-03 3.370002284646034241e-02 2.838278375566005707e-02 6.001680740155279636e-04 1.560784038156270981e-02 1.047885697335004807e-02 2.531166188418865204e-02 2.508020726963877678e-03 1.145444810390472412e-03 1.714872568845748901e-02 1.148457080125808716e-02 8.198646828532218933e-03 9.089336730539798737e-03 3.242566809058189392e-02 2.591311931610107422e-03 1.906811818480491638e-02 2.209070837125182152e-03 5.444767419248819351e-03 1.143149845302104950e-02 6.122996564954519272e-03 6.981874350458383560e-03 1.820064894855022430e-02 1.026184484362602234e-02 9.070026688277721405e-03 6.976014119572937489e-04 1.650674967095255852e-03 7.524812128394842148e-03 5.917496513575315475e-03 2.397696860134601593e-02 1.818414311856031418e-03 1.444212626665830612e-02 4.593373741954565048e-03 2.055558562278747559e-02 2.202811278402805328e-02 2.289405837655067444e-02 2.621612744405865669e-03 1.931835711002349854e-02 1.490313187241554260e-02 2.143819630146026611e-02 3.985600080341100693e-03 2.442421205341815948e-02 8.095402270555496216e-03 2.731437329202890396e-03 1.253232453018426895e-02 1.688173785805702209e-02 1.316753798164427280e-03 3.874643705785274506e-03 3.552772104740142822e-03 1.668896526098251343e-02 9.266967885196208954e-03 1.924638985656201839e-03 7.409171201288700104e-03 9.431769140064716339e-03 5.528658628463745117e-03 1.349314302206039429e-02 4.495742730796337128e-03 9.689603000879287720e-03 1.522141508758068085e-03 4.694449016824364662e-04 1.032667234539985657e-02 4.251173511147499084e-02 4.252209886908531189e-02 3.214464988559484482e-03 3.062862437218427658e-03 1.315741147845983505e-02 4.860502202063798904e-03 2.784753777086734772e-02 2.892888151109218597e-02 3.809069516137242317e-03 2.120613353326916695e-03 3.128287615254521370e-03 1.039669755846261978e-02 3.561630845069885254e-02 1.741701923310756683e-02 2.878698147833347321e-02 1.883225701749324799e-02 1.883553341031074524e-02 1.767618022859096527e-02 4.422365222126245499e-03 4.792732186615467072e-03 2.761292830109596252e-02 1.731764758005738258e-03
2.292188815772533417e-03 4.745849291794002056e-04 8.628894686698913574e-01 5.423691589385271072e-03 8.451288565993309021e-03 5.836969707161188126e-03 1.106258016079664230e-03 4.126058518886566162e-02 4.708364605903625488e-03 5.357426707632839680e-04 6.628908682614564896e-03 1.632265560328960419e-02 1.415728824213147163e-03 6.831950042396783829e-03 1.960603334009647369e-02 1.148649724200367928e-03 3.081077011302113533e-03 8.506868034601211548e-03 2.794992411509156227e-03 2.633347176015377045e-03 5.326833575963973999e-03 3.171494603157043457e-02 6.237890105694532394e-03 9.444057010114192963e-03 1.903569139540195465e-02 3.051767358556389809e-03 2.476154640316963196e-02 1.242588646709918976e-02 3.360091010108590126e-03 1.225408166646957397e-02 1.632729358971118927e-02 8.020046167075634003e-03 1.367266476154327393e-02 1.075973850674927235e-03 1.380028552375733852e-03 1.028772164136171341e-02 1.876398548483848572e-02 2.337259240448474884e-02 3.354905173182487488e-02 1.114116609096527100e-02 8.934566751122474670e-03 5.083656869828701019e-03 6.870139390230178833e-03 2.834800444543361664e-02 5.317768082022666931e-03 6.104860920459032059e-03 1.491536200046539307e-02 4.466239362955093384e-03 6.120457313954830170e-03 1.974371261894702911e-02 1.554025430232286453e-02 1.836218871176242828e-02 7.024581078439950943e-03 5.383364856243133545e-03 1.346107572317123413e-02 9.696987457573413849e-03 1.847862452268600464e-02 2.755121560767292976e-03 3.872054629027843475e-03 2.556520514190196991e-03 4.378246609121561050e-03 8.755846647545695305e-04 6.456514820456504822e-03 1.290965476073324680e-03 8.561408612877130508e-04 9.256618097424507141e-03 8.850251324474811554e-04 3.335714107379317284e-03 5.304157268255949020e-03 1.309868041425943375e-02 8.815240114927291870e-03 9.925085119903087616e-03 5.427582655102014542e-03 1.529223006218671799e-02 7.560613448731601238e-04 1.625048927962779999e-02 4.537632688879966736e-03 3.793922718614339828e-03 3.143728245049715042e-03 7.360322866588830948e-03 4.725096374750137329e-02 3.843235969543457031e-02 1.093527674674987793e-02 1.626023207791149616e-03 1.304403226822614670e-02 3.056363435462117195e-03 2.829854749143123627e-02 2.103927358984947205e-02 1.786075159907341003e-02 5.595518741756677628e-03 1.317409705370664597e-02 2.360648848116397858e-02 2.707338193431496620e-03 2.056138776242733002e-02 5.779618397355079651e-03 3.311858978122472763e-03 3.043606691062450409e-02 3.588843718171119690e-02 9.633220732212066650e-03 4.283760790713131428e-04 8.643915876746177673e-03 4.324868787080049515e-03 2.709151804447174072e-02 4.075793176889419556e-02 8.319918997585773468e-03 1.873791217803955078e-02 9.469256736338138580e-03 2.460298361256718636e-03 1.500257756561040878e-02 8.638846687972545624e-03 4.648661240935325623e-03 4.057511687278747559e-04 1.324233692139387131e-02 4.541286267340183258e-03 1.623362675309181213e-02 2.335938252508640289e-02
2.701502991840243340e-03 4.066249821335077286e-03 5.423691589385271072e-03 8.628894686698913574e-01 7.938327640295028687e-02 1.470935763791203499e-03 1.444111461751163006e-03 1.088764332234859467e-02 1.217002514749765396e-02 6.962242536246776581e-03 1.415331382304430008e-02 4.498071037232875824e-03 1.045894436538219452e-02 6.078684702515602112e-03 1.119734439998865128e-02 2.683505183085799217e-03 1.838943222537636757e-03 2.083384990692138672e-02 4.200784489512443542e-02 1.441971771419048309e-02 1.649809814989566803e-02 9.032486937940120697e-03 3.177823266014456749e-03 2.415920374915003777e-03 5.233502946794033051e-03 3.359941532835364342e-03 2.352680079638957977e-02 6.696588825434446335e-03 1.749991811811923981e-02 1.084266789257526398e-02 6.819461123086512089e-05 1.137962331995368004e-03 2.489641122519969940e-02 2.868061652407050133e-03 3.560544922947883606e-03 2.535048173740506172e-03 1.962603069841861725e-03 1.945167779922485352e-02 2.420136705040931702e-02 2.474814839661121368e-02 3.035917133092880249e-02 1.546539738774299622e-02 6.802470888942480087e-03 2.955355215817689896e-03 1.004376541823148727e-02 1.686958479695022106e-03 8.147401735186576843e-03 4.480704199522733688e-03 1.668296754360198975e-02 4.130370914936065674e-03 1.092858053743839264e-02 8.836003020405769348e-03 3.789186477661132812e-03 1.299966312944889069e-02 1.509816944599151611e-02 9.329295717179775238e-03 2.397161908447742462e-02 1.011297013610601425e-02 1.661164499819278717e-02 1.685596257448196411e-02 3.328896686434745789e-02 3.720756620168685913e-02 2.721182815730571747e-02 2.324654161930084229e-02 1.776614226400852203e-02 1.610521227121353149e-02 4.565146286040544510e-03 2.328698057681322098e-03 1.453601848334074020e-02 3.022163361310958862e-02 1.654196158051490784e-02 3.519737720489501953e-02 4.023832082748413086e-02 2.498925104737281799e-02 2.677234262228012085e-02 2.491884306073188782e-02 1.573588326573371887e-02 1.242800801992416382e-02 1.012372411787509918e-02 2.757450798526406288e-03 1.645128056406974792e-02 1.311290543526411057e-02 4.428934678435325623e-02 4.074775055050849915e-02 1.650886377319693565e-03 8.381521329283714294e-03 1.598531566560268402e-02 1.366088073700666428e-02 1.430456247180700302e-02 9.971715509891510010e-03 6.205365061759948730e-03 1.922940276563167572e-02 1.075835200026631355e-03 2.288654819130897522e-02 4.044075962156057358e-03 4.922640509903430939e-03 1.704655960202217102e-02 1.229582540690898895e-02 8.891511708498001099e-03 1.903222990222275257e-03 1.982799032703042030e-03 6.751951877959072590e-04 1.827862113714218140e-02 1.176345534622669220e-02 2.147857286036014557e-02 1.328486483544111252e-02 1.846714131534099579e-02 3.891709074378013611e-02 1.414202153682708740e-02 3.059758991003036499e-02 3.614979237318038940e-02 3.242733329534530640e-02 8.710779249668121338e-03 5.516368895769119263e-03 1.931948214769363403e-02 2.036247774958610535e-02
1.352355815470218658e-02 6.499388720840215683e-03 8.451288565993309021e-03 7.938327640295028687e-02 8.628894686698913574e-01 1.536449883133172989e-02 1.472484320402145386e-02 1.195112988352775574e-02 2.004225365817546844e-02 1.924185454845428467e-02 1.985927484929561615e-02 4.217850975692272186e-03 1.590875908732414246e-02 1.971425022929906845e-03 1.021006423979997635e-02 3.003142075613141060e-03 6.815934553742408752e-03 2.712478861212730408e-02 5.051514506340026855e-02 1.167644653469324112e-02 9.529806673526763916e-03 4.628424532711505890e-03 6.880992441438138485e-04 2.322555519640445709e-03 4.517758265137672424e-03 1.054038014262914658e-02 1.769173517823219299e-02 1.527405227534472942e-03 1.229622121900320053e-02 2.656237920746207237e-03 4.117082338780164719e-03 1.471796258556423709e-05 1.880860142409801483e-02 1.203115098178386688e-03 7.117011584341526031e-03 7.097124122083187103e-03 6.769260391592979431e-03 1.200702320784330368e-02 1.581118814647197723e-02 3.470778837800025940e-02 2.960277721285820007e-02 1.755455695092678070e-02 2.832714933902025223e-03 1.017331052571535110e-02 1.547571551054716110e-02 5.965464282780885696e-03 1.333388686180114746e-02 1.141948625445365906e-02 7.196891121566295624e-03 4.821728914976119995e-03 7.551623042672872543e-03 6.587436422705650330e-03 3.793533833231776953e-04 8.771747350692749023e-03 1.474638190120458603e-02 8.963275700807571411e-03 1.534800138324499130e-02 2.495185239240527153e-03 1.230971980839967728e-02 1.578440889716148376e-02 2.892002649605274200e-02 3.801644220948219299e-02 2.159497886896133423e-02 1.372042484581470490e-02 9.471884928643703461e-03 1.172623876482248306e-02 7.402616553008556366e-03 8.019683882594108582e-04 1.757212914526462555e-02 3.113316744565963745e-02 2.433615550398826599e-02 3.847247734665870667e-02 3.791377693414688110e-02 2.600821107625961304e-02 3.376921638846397400e-02 2.765877731144428253e-02 1.977084390819072723e-02 1.815257221460342407e-02 9.907975792884826660e-03 8.989986963570117950e-03 1.374922040849924088e-02 1.688835956156253815e-02 5.406777933239936829e-02 5.288315936923027039e-02 2.435948001220822334e-03 4.385865293443202972e-03 1.049908809363842010e-02 9.231965988874435425e-03 9.996481239795684814e-03 2.856550505384802818e-03 6.329810246825218201e-03 1.785856857895851135e-02 2.151329768821597099e-03 1.976929791271686554e-02 9.606827981770038605e-03 1.330927945673465729e-02 1.427637785673141479e-02 1.609951257705688477e-02 1.245632860809564590e-02 3.031073370948433876e-03 1.421407330781221390e-03 3.061685943976044655e-03 1.154652237892150879e-02 2.837429987266659737e-03 7.753017358481884003e-03 6.334865465760231018e-03 9.836161509156227112e-03 2.661676704883575439e-02 1.188488397747278214e-02 2.816443890333175659e-02 3.719658404588699341e-02 3.618345037102699280e-02 1.125338207930326462e-02 1.154624973423779011e-03 2.599072828888893127e-02 2.806389518082141876e-02
5.762107670307159424e-02 5.392244830727577209e-02 5.836969707161188126e-03 1.470935763791203499e-03 1.536449883133172989e-02 8.628894686698913574e-01 7.519700378179550171e-02 7.252342766150832176e-04 1.336759794503450394e-02 1.709300465881824493e-02 4.094029217958450317e-02 2.303505130112171173e-02 3.928551822900772095e-02 3.774964809417724609e-02 1.188011933118104935e-02 3.543004393577575684e-02 3.727931529283523560e-02 1.994942501187324524e-02 5.461811088025569916e-03 2.046637795865535736e-02 3.641219809651374817e-02 2.838028740370646119e-05 3.363585844635963440e-02 3.663057833909988403e-02 1.724132709205150604e-02 1.395718753337860107e-02 1.404254324734210968e-02 3.488019481301307678e-02 1.013527810573577881e-02 3.272544592618942261e-02 1.430801860988140106e-02 2.338641695678234100e-02 9.017440490424633026e-03 2.324510365724563599e-02 1.879733870737254620e-03 2.436127513647079468e-02 2.400602586567401886e-02 4.693924856837838888e-04 5.139706772752106190e-04 3.664924763143062592e-03 1.596743240952491760e-02 1.301844511181116104e-02 1.148439478129148483e-02 1.732322573661804199e-02 1.085069309920072556e-02 4.329944495111703873e-03 5.252845212817192078e-02 4.577431455254554749e-02 2.789599355310201645e-03 1.437961310148239136e-02 6.385975517332553864e-03 1.043732091784477234e-02 5.352857988327741623e-03 6.616553291678428650e-03 4.088773392140865326e-03 1.713187061250209808e-02 2.703513950109481812e-03 1.578261610120534897e-03 5.250158719718456268e-03 9.725584648549556732e-03 5.736256949603557587e-03 8.663592860102653503e-03 1.025695540010929108e-02 7.466287352144718170e-04 4.504242911934852600e-03 1.254217815585434437e-03 2.396992035210132599e-02 2.177385799586772919e-02 2.520528249442577362e-02 1.135521568357944489e-02 1.768470183014869690e-02 3.603859571740031242e-03 2.085311152040958405e-02 8.558704517781734467e-03 2.109696157276630402e-02 3.950386308133602142e-03 1.043014507740736008e-02 8.722256869077682495e-03 6.148844491690397263e-03 8.448977954685688019e-03 1.872286316938698292e-03 3.804126288741827011e-03 2.102879807353019714e-02 2.661849604919552803e-03 1.673133485019207001e-02 2.000198885798454285e-02 4.912593401968479156e-03 1.142918597906827927e-02 1.483966596424579620e-02 1.273703668266534805e-02 1.012127567082643509e-02 2.501561539247632027e-03 1.063137594610452652e-02 8.055169600993394852e-04 1.356523763388395309e-02 1.896248012781143188e-02 3.087905701249837875e-03 2.713190857321023941e-03 1.559964194893836975e-02 1.114655937999486923e-02 5.151326302438974380e-03 1.151029486209154129e-02 1.292392052710056305e-02 1.923972158692777157e-03 8.673668839037418365e-03 8.580114692449569702e-03 1.941690407693386078e-02 1.056515518575906754e-02 1.734200306236743927e-02 1.014225650578737259e-02 6.500195246189832687e-03 1.572714373469352722e-02 1.715511828660964966e-02 1.111014652997255325e-02 1.601466163992881775e-02 7.611938752233982086e-03
5.808871239423751831e-02 6.487115472555160522e-02 1.106258016079664230e-03 1.444111461751163006e-03 1.472484320402145386e-02 7.519700378179550171e-02 8.628894686698913574e-01 1.694076228886842728e-03 3.488195128738880157e-03 1.664012297987937927e-02 3.540264070034027100e-02 1.159968879073858261e-02 4.850549250841140747e-02 3.131603077054023743e-02 1.200380269438028336e-03 3.732249140739440918e-02 3.682066500186920166e-02 1.072220969945192337e-02 8.196853101253509521e-03 2.728039957582950592e-02 3.952521458268165588e-02 9.062692523002624512e-03 3.030861355364322662e-02 3.477814793586730957e-02 1.856457814574241638e-02 1.131709199398756027e-02 1.473128981888294220e-02 2.640052139759063721e-02 1.549107488244771957e-02 2.801419980823993683e-02 1.813421025872230530e-02 2.626122906804084778e-02 1.584567478857934475e-03 2.535966597497463226e-02 7.859895937144756317e-03 2.152035757899284363e-02 2.094079554080963135e-02 9.183013811707496643e-03 4.897587466984987259e-03 1.016075722873210907e-02 1.496724318712949753e-02 9.873825125396251678e-03 7.032549940049648285e-03 1.712356321513652802e-02 5.461184773594141006e-03 1.624669181182980537e-03 3.919545933604240417e-02 5.110350996255874634e-02 1.199542777612805367e-03 1.428338885307312012e-02 1.082897558808326721e-02 1.458268892019987106e-02 5.088572390377521515e-03 1.793015981093049049e-03 7.325004786252975464e-03 1.223737560212612152e-02 1.012952998280525208e-02 6.330419797450304031e-03 9.003488230518996716e-04 3.647337900474667549e-03 7.390493992716073990e-03 7.255032658576965332e-03 1.765303127467632294e-02 5.773735232651233673e-03 1.458219997584819794e-02 7.419385481625795364e-03 2.490392141044139862e-02 2.504812367260456085e-02 2.170064300298690796e-02 1.217404007911682129e-02 1.482594385743141174e-02 3.454974852502346039e-03 1.955770142376422882e-02 9.596112184226512909e-03 2.168953977525234222e-02 4.791540093719959259e-03 3.234086791053414345e-03 5.879742559045553207e-03 2.149901352822780609e-03 1.396131352521479130e-03 2.712895395234227180e-03 5.255413241684436798e-03 1.851602643728256226e-02 2.842008369043469429e-03 1.365976966917514801e-02 1.936580799520015717e-02 7.039430551230907440e-03 3.990619909018278122e-03 4.016290418803691864e-03 3.020466305315494537e-03 4.946185799781233072e-05 8.776615373790264130e-03 4.538016859441995621e-03 3.961754497140645981e-03 2.281103655695915222e-02 2.538039162755012512e-02 3.518560260999947786e-04 1.390860881656408310e-02 1.577630266547203064e-02 1.505871862173080444e-02 6.403188686817884445e-03 1.197523623704910278e-02 8.084452711045742035e-03 4.618907347321510315e-03 5.638135597109794617e-03 1.602493040263652802e-02 1.821307465434074402e-02 2.113595791161060333e-02 1.366113871335983276e-02 1.891369931399822235e-02 1.312259864062070847e-02 1.561237219721078873e-02 1.570693776011466980e-02 7.886738516390323639e-03 2.019557915627956390e-02 7.349524646997451782e-03
1.574780046939849854e-02 4.245579708367586136e-03 4.126058518886566162e-02 1.088764332234859467e-02 1.195112988352775574e-02 7.252342766150832176e-04 1.694076228886842728e-03 8.628894686698913574e-01 7.258347235620021820e-03 7.531389594078063965e-03 1.436735037714242935e-02 1.052887830883264542e-02 2.309761196374893188e-02 4.713634494692087173e-03 6.411048769950866699e-02 5.566149484366178513e-03 1.460891216993331909e-04 4.434164613485336304e-03 1.249867863953113556e-02 8.481546305119991302e-03 2.308027353137731552e-03 4.650100320577621460e-02 5.091395229101181030e-03 2.445011166855692863e-03 5.260328762233257294e-03 2.019523410126566887e-03 4.138099029660224915e-02 1.814434304833412170e-03 1.515156961977481842e-02 7.451010169461369514e-04 8.890343829989433289e-03 6.312182638794183731e-03 2.760787028819322586e-03 1.631131768226623535e-02 1.007731631398200989e-02 2.939294092357158661e-02 3.540411219000816345e-02 1.846314780414104462e-02 2.546999603509902954e-02 2.810619585216045380e-02 2.223251760005950928e-02 3.540536155924201012e-03 8.042138069868087769e-03 2.339530177414417267e-02 7.931256666779518127e-03 4.252716898918151855e-03 9.275384247303009033e-03 1.710984623059630394e-03 8.709684014320373535e-03 8.410850539803504944e-03 4.356406629085540771e-03 5.173039156943559647e-03 2.088979631662368774e-02 2.932467870414257050e-02 1.291787717491388321e-02 8.931973949074745178e-03 7.175019942224025726e-03 2.798230852931737900e-03 1.646986603736877441e-02 1.238416507840156555e-02 2.178525365889072418e-02 1.986525394022464752e-02 4.848442040383815765e-03 9.037889540195465088e-04 8.610162883996963501e-03 1.681706123054027557e-02 2.949916524812579155e-03 5.523647181689739227e-03 6.419719196856021881e-03 2.825468964874744415e-02 1.117039751261472702e-02 2.754304185509681702e-02 1.418995670974254608e-02 3.768967092037200928e-02 1.832340657711029053e-02 2.890505827963352203e-02 3.508969210088253021e-03 1.177536696195602417e-02 1.029038336127996445e-02 4.946130793541669846e-03 5.745424330234527588e-02 4.690698161721229553e-02 2.096572145819664001e-02 1.891695894300937653e-02 2.023300342261791229e-02 1.558077987283468246e-02 4.490749165415763855e-02 4.247663542628288269e-02 1.273639779537916183e-02 3.381191054359078407e-03 8.800162002444267273e-03 2.878372743725776672e-02 6.628131493926048279e-03 2.945828624069690704e-02 1.770347729325294495e-02 1.648307591676712036e-02 3.125410154461860657e-02 2.985460497438907623e-02 1.108372025191783905e-02 7.744635455310344696e-03 1.873283088207244873e-02 2.188350446522235870e-02 1.908976212143898010e-02 2.617495134472846985e-02 2.889538742601871490e-02 1.462315302342176437e-02 2.083659358322620392e-02 7.872111164033412933e-03 2.137707360088825226e-02 1.103165652602910995e-02 1.998300105333328247e-02 2.534060180187225342e-02 2.951345173642039299e-03 1.639443635940551758e-02 1.229679584503173828e-02 2.927730791270732880e-02
3.837662981823086739e-03 1.461235806345939636e-04 4.708364605903625488e-03 1.217002514749765396e-02 2.004225365817546844e-02 1.336759794503450394e-02 3.488195128738880157e-03 7.258347235620021820e-03 8.628894686698913574e-01 4.053718224167823792e-02 1.916066929697990417e-02 2.898589521646499634e-02 8.524399250745773315e-03 2.085727453231811523e-02 8.808009326457977295e-03 1.692496240139007568e-02 1.683094538748264313e-02 3.855520114302635193e-02 3.050171397626399994e-02 4.026268608868122101e-03 6.792992353439331055e-03 1.292068604379892349e-02 2.419275231659412384e-02 2.236893959343433380e-02 1.856834441423416138e-02 1.197764743119478226e-02 6.279842462390661240e-03 2.498397044837474823e-02 1.512586977332830429e-02 2.168899402022361755e-02 8.109106682240962982e-03 1.331638079136610031e-02 2.709190919995307922e-02 7.231163326650857925e-03 1.693872921168804169e-02 1.267163269221782684e-02 7.248947862535715103e-03 2.185335906688123941e-04 1.236271578818559647e-02 8.048763498663902283e-03 6.285354495048522949e-03 3.384571522474288940e-02 2.218326739966869354e-02 1.491613918915390968e-03 3.099759109318256378e-02 1.776730641722679138e-02 2.085306681692600250e-02 1.268115080893039703e-02 3.905577957630157471e-02 2.921854332089424133e-02 5.845668260008096695e-03 9.020815603435039520e-03 1.800598017871379852e-02 1.263473462313413620e-02 4.473207518458366394e-02 3.184475377202033997e-02 2.940892614424228668e-02 1.836561411619186401e-02 1.892556436359882355e-02 1.899071224033832550e-02 1.977319084107875824e-02 2.201175317168235779e-02 9.136145934462547302e-03 1.916994154453277588e-02 1.603177562355995178e-02 1.157232839614152908e-02 1.069257594645023346e-02 6.346620619297027588e-03 3.821589052677154541e-02 1.472196634858846664e-02 3.633558750152587891e-02 1.498450152575969696e-02 1.983633637428283691e-02 2.108415961265563965e-02 2.132625505328178406e-02 2.083945274353027344e-02 5.275502800941467285e-02 4.086770862340927124e-02 3.588530048727989197e-02 3.457395732402801514e-02 1.038689725100994110e-02 9.845656342804431915e-03 2.831992693245410919e-02 2.678835764527320862e-02 1.616785302758216858e-02 2.402232773602008820e-02 1.553998887538909912e-02 1.630989834666252136e-02 3.418465331196784973e-02 3.053942508995532990e-02 2.714429050683975220e-02 1.588960550725460052e-02 1.169257424771785736e-02 9.792423807084560394e-03 4.870644304901361465e-03 7.696074433624744415e-03 1.451762020587921143e-02 1.447612512856721878e-02 2.215542644262313843e-02 1.115804072469472885e-02 9.809415787458419800e-03 8.402447216212749481e-03 7.991588208824396133e-04 9.830762632191181183e-03 1.616271771490573883e-02 1.039295177906751633e-02 8.189655840396881104e-03 1.430493965744972229e-02 7.753744721412658691e-03 1.656763441860675812e-02 4.847401287406682968e-03 1.432107295840978622e-02 2.027340792119503021e-02 1.760877668857574463e-02 2.414596825838088989e-02 1.825871132314205170e-02
1.588777825236320496e-02 1.647460088133811951e-02 5.357426707632839680e-04 6.962242536246776581e-03 1.924185454845428467e-02 1.709300465881824493e-02 1.664012297987937927e-02 7.531389594078063965e-03 4.053718224167823792e-02 8.628894686698913574e-01 1.092390157282352448e-02 2.452825754880905151e-02 1.221817452460527420e-02 2.778223529458045959e-02 1.021807183860801160e-04 2.740410715341567993e-02 2.912679128348827362e-02 2.150833420455455780e-02 2.509770542383193970e-02 1.438017841428518295e-02 1.920394971966743469e-02 9.005395695567131042e-03 3.108998201787471771e-02 3.179727122187614441e-02 1.925393007695674896e-02 1.423443574458360672e-02 1.104439143091440201e-03 2.852260507643222809e-02 1.212597358971834183e-02 2.804423123598098755e-02 3.495666198432445526e-03 1.830044761300086975e-02 1.238220743834972382e-02 2.068069390952587128e-02 1.531218551099300385e-02 1.665248349308967590e-02 1.740392670035362244e-02 2.901318715885281563e-03 1.205356093123555183e-03 1.730009168386459351e-02 1.124135125428438187e-02 3.108097240328788757e-02 2.393401414155960083e-02 4.826553165912628174e-03 2.859967201948165894e-02 2.351509593427181244e-02 1.127584930509328842e-02 1.581853628158569336e-02 2.526906318962574005e-02 4.045651108026504517e-02 7.982666604220867157e-03 1.577891595661640167e-02 9.084644727408885956e-03 9.746420197188854218e-03 2.744033932685852051e-02 4.500866308808326721e-02 1.411247719079256058e-02 1.318777073174715042e-02 7.176018785685300827e-03 1.595469750463962555e-02 1.400992088019847870e-02 2.455170452594757080e-02 9.801660198718309402e-04 1.414789166301488876e-02 8.121424354612827301e-03 7.247779052704572678e-03 1.366508472710847855e-02 1.803209446370601654e-02 3.633580356836318970e-02 1.200405694544315338e-02 4.110595583915710449e-02 1.315556094050407410e-02 1.849272847175598145e-02 2.045807614922523499e-02 2.542739175260066986e-02 1.332610100507736206e-02 3.521917760372161865e-02 4.785004630684852600e-02 3.125920891761779785e-02 4.634977132081985474e-02 8.905668742954730988e-03 1.035333983600139618e-02 1.816611178219318390e-02 2.701138518750667572e-02 1.830165088176727295e-02 3.804902359843254089e-02 4.142161458730697632e-03 1.158275455236434937e-02 2.284374460577964783e-02 2.890975028276443481e-02 1.549457851797342300e-02 1.198770292103290558e-02 6.903996225446462631e-03 8.901000954210758209e-03 1.334515400230884552e-02 2.261334471404552460e-02 1.353924162685871124e-02 3.436766797676682472e-03 2.480796165764331818e-02 2.119064144790172577e-02 2.114186063408851624e-02 2.322954684495925903e-02 2.816720400005578995e-03 7.251476868987083435e-03 1.339779421687126160e-02 5.445095244795084000e-03 2.372620999813079834e-02 8.659272454679012299e-03 2.375528402626514435e-02 1.083704084157943726e-02 1.095084100961685181e-02 1.236666925251483917e-02 2.236658148467540741e-02 2.300348505377769470e-02 1.830400153994560242e-02 2.069131843745708466e-02
4.520566388964653015e-02 3.080898709595203400e-02 6.628908682614564896e-03 1.415331382304430008e-02 1.985927484929561615e-02 4.094029217958450317e-02 3.540264070034027100e-02 1.436735037714242935e-02 1.916066929697990417e-02 1.092390157282352448e-02 8.628894686698913574e-01 1.761582493782043457e-02 5.147170647978782654e-02 2.157744392752647400e-02 2.354648523032665253e-02 1.410361006855964661e-02 1.571678929030895233e-02 2.776200324296951294e-02 6.457622628659009933e-03 6.983054336160421371e-03 1.994645781815052032e-02 1.447651535272598267e-02 1.577585376799106598e-02 1.560801174491643906e-02 1.131485868245363235e-02 1.712392829358577728e-02 1.604287419468164444e-03 1.170199736952781677e-02 2.462787739932537079e-02 1.472328789532184601e-02 1.697001792490482330e-02 2.046654932200908661e-02 2.636462263762950897e-02 1.904954575002193451e-02 1.524163037538528442e-02 2.557718381285667419e-02 1.475266646593809128e-02 3.313414519652724266e-03 4.581977555062621832e-04 5.851136986166238785e-03 1.295542065054178238e-02 1.177201326936483383e-02 1.121601462364196777e-02 1.057603862136602402e-02 1.662097498774528503e-02 1.515034958720207214e-02 4.326671361923217773e-02 4.203038290143013000e-02 9.632918052375316620e-03 7.517056539654731750e-03 5.483371671289205551e-03 9.309671819210052490e-03 2.890912443399429321e-02 3.074454143643379211e-02 1.537165138870477676e-02 1.488040108233690262e-02 1.198837906122207642e-02 2.217735722661018372e-02 2.884664945304393768e-02 2.537948824465274811e-02 2.158396691083908081e-02 1.327425986528396606e-02 6.882433313876390457e-03 2.106338739395141602e-02 3.139348700642585754e-02 3.232975304126739502e-02 6.983719766139984131e-03 5.394257605075836182e-03 1.871183700859546661e-02 1.159275509417057037e-02 1.890510693192481995e-02 1.962813548743724823e-02 2.381961606442928314e-02 9.229829534888267517e-03 2.599577791988849640e-02 1.323472522199153900e-02 1.788525097072124481e-02 1.431930158287286758e-02 5.936567205935716629e-03 5.508159287273883820e-03 1.690961048007011414e-02 1.674805954098701477e-02 2.465724945068359375e-02 1.667558774352073669e-02 2.974380040541291237e-03 6.947481306269764900e-04 2.968449704349040985e-02 3.076455742120742798e-02 1.072880532592535019e-02 1.206439733505249023e-02 3.145860508084297180e-02 2.271917834877967834e-02 3.009926341474056244e-02 2.082083746790885925e-02 7.301154080778360367e-03 8.958539925515651703e-03 1.623732410371303558e-02 1.156451459974050522e-02 9.119478985667228699e-03 5.048574879765510559e-03 1.282700244337320328e-02 1.703177578747272491e-02 1.870898157358169556e-02 7.211100310087203979e-03 1.302705518901348114e-02 1.707961596548557281e-02 1.989575847983360291e-02 1.316081080585718155e-02 1.383576355874538422e-02 1.733871363103389740e-02 2.069008909165859222e-02 2.976422384381294250e-02 1.138236559927463531e-02 6.889043375849723816e-03 1.741162687540054321e-02 4.509069956839084625e-03
5.817648489028215408e-03 2.440889511490240693e-04 1.632265560328960419e-02 4.498071037232875824e-03 4.217850975692272186e-03 2.303505130112171173e-02 1.159968879073858261e-02 1.052887830883264542e-02 2.898589521646499634e-02 2.452825754880905151e-02 1.761582493782043457e-02 8.628894686698913574e-01 5.263572558760643005e-03 5.496522039175033569e-02 1.533207367174327374e-03 1.824215985834598541e-02 2.007731609046459198e-02 1.314029749482870102e-02 9.593208320438861847e-03 1.180949807167053223e-02 1.966040767729282379e-02 1.168962771771475673e-04 4.168884828686714172e-02 3.835157305002212524e-02 2.727726101875305176e-02 2.472558617591857910e-02 9.925055317580699921e-03 4.219540208578109741e-02 1.598898787051439285e-03 4.253659397363662720e-02 1.252956921234726906e-03 1.374181173741817474e-02 1.673990115523338318e-02 1.737488992512226105e-02 2.770615369081497192e-02 5.732445861212909222e-04 5.078689428046345711e-04 3.500673221424221992e-03 2.672634646296501160e-02 6.260431837290525436e-03 1.252699829638004303e-02 3.828292712569236755e-02 3.740184009075164795e-02 1.692347042262554169e-02 5.198802798986434937e-02 3.682082518935203552e-02 4.023927822709083557e-02 2.427298575639724731e-02 1.967331022024154663e-02 3.040545433759689331e-02 2.540291473269462585e-02 2.722289040684700012e-02 8.734884671866893768e-03 1.128461025655269623e-02 2.177829295396804810e-02 2.715823240578174591e-02 2.541870996356010437e-02 2.133914642035961151e-02 8.439360186457633972e-03 2.277016080915927887e-02 2.671208698302507401e-03 3.593859437387436628e-04 4.260961432009935379e-03 2.160337753593921661e-02 1.222275197505950928e-02 2.349369460716843605e-03 2.349777147173881531e-02 2.339601516723632812e-02 2.374383993446826935e-02 1.129644457250833511e-02 1.794611476361751556e-02 1.119564287364482880e-02 9.712299332022666931e-03 4.140195902436971664e-03 1.197477802634239197e-02 1.024841610342264175e-02 3.138351067900657654e-02 2.418489381670951843e-02 4.939593374729156494e-02 3.917066752910614014e-02 8.240590803325176239e-03 1.128615066409111023e-02 5.113210063427686691e-03 1.985898008570075035e-03 3.601281344890594482e-02 3.552728891372680664e-02 3.033419838175177574e-03 5.182882770895957947e-03 4.175259545445442200e-02 4.086527600884437561e-02 3.645172715187072754e-02 9.136125299846753478e-05 1.890080422163009644e-02 6.928625516593456268e-03 1.367435231804847717e-02 4.868780728429555893e-03 4.539338406175374985e-03 1.285778125748038292e-03 2.485246025025844574e-02 2.697468362748622894e-02 9.006780572235584259e-03 1.293373294174671173e-02 9.181788191199302673e-04 7.762437686324119568e-03 3.789132693782448769e-03 1.130126509815454483e-02 8.093670010566711426e-03 4.505750723183155060e-03 1.054505445063114166e-02 2.051407238468527794e-03 8.137909695506095886e-03 1.175964353024028242e-04 3.595119714736938477e-02 4.203255847096443176e-02 4.129339475184679031e-03 1.544773112982511520e-03
5.068520829081535339e-02 5.352557450532913208e-02 1.415728824213147163e-03 1.045894436538219452e-02 1.590875908732414246e-02 3.928551822900772095e-02 4.850549250841140747e-02 2.309761196374893188e-02 8.524399250745773315e-03 1.221817452460527420e-02 5.147170647978782654e-02 5.263572558760643005e-03 8.628894686698913574e-01 1.822407916188240051e-02 2.541328407824039459e-02 2.148514613509178162e-02 1.827442087233066559e-02 1.709751039743423462e-02 1.233555725775659084e-03 1.531254500150680542e-02 2.473501302301883698e-02 1.894479803740978241e-02 1.209957804530858994e-02 1.404483523219823837e-02 1.105534750968217850e-02 1.673266477882862091e-02 9.097222238779067993e-03 7.998947054147720337e-03 1.818654872477054596e-02 1.451484579592943192e-02 2.284969575703144073e-02 2.299151942133903503e-02 1.216456759721040726e-02 1.974260434508323669e-02 1.182338967919349670e-02 3.045619837939739227e-02 2.229352109134197235e-02 2.662881044670939445e-03 8.515573106706142426e-03 1.149256341159343719e-02 1.989481411874294281e-02 8.035109378397464752e-03 4.091618116945028305e-03 1.169874053448438644e-02 7.728420197963714600e-03 1.543567422777414322e-02 2.650325745344161987e-02 4.970167577266693115e-02 4.993865266442298889e-03 9.104317985475063324e-03 2.595006953924894333e-03 5.743210203945636749e-03 2.601104043424129486e-02 2.426504157483577728e-02 2.316610916750505567e-04 1.143955253064632416e-02 1.927487552165985107e-03 1.627406105399131775e-02 1.274001691490411758e-02 1.760951057076454163e-02 1.733444444835186005e-02 8.815336041152477264e-03 6.324352230876684189e-03 1.537186652421951294e-02 1.777019165456295013e-02 3.159828856587409973e-02 8.903152309358119965e-03 1.072426326572895050e-02 1.590751297771930695e-02 1.528032217174768448e-02 1.635585725307464600e-02 2.841583639383316040e-02 2.574421092867851257e-02 1.360736973583698273e-02 2.827190421521663666e-02 2.297984622418880463e-02 9.812599048018455505e-03 1.212395261973142624e-02 7.850411348044872284e-03 6.828343030065298080e-04 2.101943269371986389e-02 7.604250684380531311e-03 2.411966398358345032e-02 1.726510375738143921e-02 2.864164889615494758e-05 1.510798610979691148e-04 2.053369954228401184e-02 3.257972002029418945e-02 4.731701221317052841e-03 4.893071483820676804e-03 1.602902263402938843e-02 2.099901624023914337e-02 2.713987044990062714e-02 3.055037744343280792e-02 2.171002887189388275e-02 2.199810370802879333e-02 1.591803133487701416e-02 1.286553032696247101e-02 9.869609959423542023e-03 5.457994062453508377e-03 2.099477313458919525e-02 2.468020096421241760e-02 1.566372625529766083e-02 8.926925249397754669e-03 8.879651315510272980e-03 5.555793642997741699e-03 2.841036580502986908e-02 6.019001826643943787e-03 2.192752808332443237e-02 1.044023409485816956e-02 2.610898390412330627e-02 3.312306478619575500e-02 5.909503903239965439e-03 8.107257308438420296e-04 2.229671925306320190e-02 1.071283034980297089e-02
