8.461905121803283691e-01 5.708244815468788147e-02 1.991270482540130615e-02 7.776386570185422897e-03 8.578641340136528015e-03 6.298276782035827637e-02 4.189550876617431641e-02 1.690214499831199646e-03 3.811943577602505684e-03 1.120329019613564014e-03 5.706458538770675659e-02 3.693211823701858521e-02 6.749264895915985107e-02 3.394563868641853333e-02 2.581933327019214630e-02 1.884143054485321045e-02 2.462761104106903076e-02 1.443133782595396042e-02 2.730547264218330383e-02 6.304873968474566936e-04 9.589610621333122253e-03 3.146287053823471069e-02 1.196721754968166351e-02 6.631596945226192474e-03 1.360859721899032593e-02 2.060411870479583740e-02 2.541350200772285461e-02 3.299459815025329590e-02 2.310327254235744476e-02 2.455765008926391602e-02 4.463171120733022690e-03 2.073840238153934479e-03 2.774578053504228592e-03 6.341508124023675919e-03 7.658929564058780670e-03 3.348448127508163452e-02 2.002659998834133148e-02 2.002261392772197723e-02 3.367330133914947510e-02 5.396708380430936813e-03 5.594406742602586746e-03 1.444454211741685867e-02 9.128697216510772705e-03 8.643588982522487640e-03 6.924099288880825043e-03 6.620524916797876358e-03 6.238352134823799133e-02 8.226641453802585602e-03 1.835269038565456867e-03 1.874169893562793732e-02 8.204723708331584930e-03 9.175171144306659698e-03 1.419901475310325623e-02 1.047119684517383575e-02 6.005546078085899353e-03 1.839972846210002899e-02 7.227195892482995987e-03 1.490382011979818344e-02 2.186926640570163727e-02 2.446590363979339600e-02 5.799128673970699310e-03 9.395760484039783478e-03 1.979803293943405151e-02 1.387408003211021423e-02 1.428162958472967148e-02 2.027546986937522888e-02 1.414721552282571793e-02 9.900062344968318939e-03 2.816223353147506714e-02 4.611690063029527664e-03 2.563686110079288483e-02 4.374173469841480255e-03 1.285101938992738724e-02 5.589859094470739365e-03 3.027523681521415710e-02 7.045460399240255356e-03 2.356464602053165436e-02 1.611128076910972595e-02 8.645813912153244019e-03 1.031357701867818832e-02 1.974781602621078491e-02 5.235712975263595581e-03 9.186766110360622406e-03 1.219584606587886810e-02 1.345524378120899200e-02 2.669649198651313782e-03 4.891833756119012833e-03 2.627445012331008911e-02 2.346827462315559387e-02 1.223235763609409332e-02 1.138976123183965683e-02 1.726887747645378113e-02 2.047004364430904388e-02 2.355809696018695831e-02 2.231174707412719727e-02 7.227142807096242905e-03 3.646023105829954147e-03 6.404747720807790756e-03 3.137421561405062675e-03 2.005169517360627651e-04 1.464912295341491699e-02 2.563694259151816368e-03 1.132018119096755981e-02 1.314260181970894337e-03 7.832085713744163513e-03 1.394919212907552719e-02 4.296698141843080521e-03 2.069925889372825623e-03 4.067713394761085510e-03 7.085350807756185532e-04 1.204740628600120544e-02 2.293018251657485962e-02 1.655555889010429382e-02 1.353765558451414108e-02 1.078844070434570312e-02 1.350675616413354874e-02
5.708244815468788147e-02 8.461905121803283691e-01 1.991456933319568634e-02 1.480423379689455032e-02 1.868083141744136810e-02 6.243902444839477539e-02 5.307720601558685303e-02 1.001832541078329086e-02 1.470901444554328918e-02 1.365119870752096176e-02 4.715976119041442871e-02 3.661942481994628906e-02 5.372618511319160461e-02 4.294350743293762207e-02 2.428741194307804108e-02 2.219096571207046509e-02 3.043479286134243011e-02 2.101127617061138153e-02 2.748453430831432343e-02 1.270484365522861481e-02 1.337598729878664017e-02 3.742067888379096985e-02 2.156491950154304504e-02 1.724667847156524658e-02 8.940004743635654449e-03 2.842500992119312286e-02 1.779785007238388062e-02 3.170624375343322754e-02 1.405541505664587021e-02 3.062879107892513275e-02 9.161428548395633698e-03 3.296477952972054482e-03 1.273571047931909561e-03 4.652789328247308731e-03 1.019955240190029144e-02 3.794456273317337036e-02 2.552197873592376709e-02 5.740728229284286499e-03 1.841858029365539551e-02 1.194041408598423004e-02 6.516610272228717804e-03 9.126103483140468597e-03 1.125668920576572418e-02 1.250096037983894348e-02 8.359829895198345184e-03 8.899770677089691162e-03 4.872260242700576782e-02 3.384558251127600670e-03 4.232030827552080154e-03 1.330181956291198730e-02 3.167849965393543243e-03 1.101930346339941025e-02 7.378931157290935516e-03 1.521272491663694382e-02 1.451847236603498459e-02 5.580475553870201111e-03 7.039718329906463623e-03 2.017065137624740601e-02 1.900197565555572510e-02 2.416248060762882233e-02 1.157393679022789001e-02 1.975495601072907448e-03 4.958184435963630676e-03 1.775322668254375458e-02 1.249462924897670746e-02 4.494579508900642395e-03 9.788027033209800720e-03 9.208636358380317688e-03 2.719115838408470154e-02 5.027198698371648788e-03 2.831825055181980133e-02 1.111146993935108185e-02 1.402079686522483826e-02 7.746697869151830673e-03 2.041166462004184723e-02 1.262100320309400558e-02 2.388615533709526062e-02 1.728591881692409515e-02 5.754000041633844376e-03 2.029243158176541328e-03 9.946516714990139008e-03 1.119918379117734730e-04 1.909577473998069763e-02 1.389714796096086502e-02 1.230120845139026642e-02 4.127879627048969269e-03 2.319359220564365387e-02 1.573407277464866638e-02 1.311148330569267273e-02 1.682427711784839630e-02 5.723702255636453629e-03 2.797293290495872498e-02 1.729348860681056976e-02 5.438918713480234146e-03 6.841390393674373627e-03 1.179467304609715939e-03 3.215800679754465818e-04 4.046101821586489677e-04 5.321085453033447266e-03 2.974302740767598152e-03 3.811953589320182800e-03 8.033181540668010712e-03 1.222584978677332401e-03 5.317044910043478012e-03 9.912188164889812469e-03 8.335494436323642731e-03 1.073493040166795254e-03 6.630643038079142570e-04 2.003515698015689850e-02 2.609657123684883118e-03 2.090926095843315125e-02 2.977165579795837402e-02 1.528175733983516693e-02 1.428657583892345428e-02 6.786962971091270447e-03 2.008318156003952026e-02
1.991270482540130615e-02 1.991456933319568634e-02 8.461905121803283691e-01 2.305638976395130157e-02 2.614112570881843567e-03 1.592986285686492920e-02 1.835720799863338470e-02 4.102316871285438538e-02 6.913345772773027420e-03 3.921095281839370728e-03 1.714864932000637054e-02 1.346906740218400955e-02 1.003810763359069824e-02 1.076626684516668320e-02 1.439230702817440033e-02 2.674323320388793945e-02 2.127924375236034393e-02 3.576608374714851379e-02 3.331493213772773743e-02 7.879395037889480591e-03 6.456433795392513275e-03 8.462605183012783527e-04 1.004920620471239090e-02 1.580169610679149628e-02 1.545365806668996811e-02 1.273166108876466751e-02 1.157863810658454895e-02 2.002355828881263733e-02 1.383200660347938538e-02 1.050224155187606812e-02 1.387561112642288208e-02 2.154391258955001831e-02 2.759324200451374054e-02 2.316106110811233521e-02 3.421128913760185242e-02 3.714536433108150959e-04 8.967294706963002682e-04 2.156856656074523926e-02 3.832631558179855347e-02 9.048187057487666607e-04 1.970323547720909119e-02 2.677263109944760799e-04 5.469050258398056030e-03 3.319252654910087585e-02 9.113411419093608856e-03 4.178224131464958191e-03 2.069904655218124390e-02 2.949811890721321106e-02 1.775614544749259949e-02 2.614646591246128082e-02 9.381448850035667419e-03 3.446340328082442284e-03 4.860741086304187775e-03 9.104792028665542603e-03 3.176784142851829529e-02 3.207416087388992310e-02 1.973833702504634857e-02 1.203302945941686630e-02 5.973160732537508011e-03 3.345122328028082848e-03 3.910510614514350891e-02 2.854568883776664734e-02 2.818483160808682442e-03 5.636857356876134872e-03 3.610223298892378807e-03 2.297098515555262566e-03 7.663958705961704254e-03 1.439336687326431274e-02 1.531268842518329620e-02 3.389766498003154993e-04 1.871223188936710358e-02 1.608817838132381439e-02 1.979202218353748322e-02 7.077879738062620163e-03 1.464643795043230057e-02 2.067629620432853699e-02 5.754665937274694443e-03 2.449619350954890251e-03 1.291730161756277084e-02 1.771603897213935852e-02 4.810980707406997681e-02 2.065849304199218750e-02 3.593255579471588135e-02 3.365124389529228210e-02 5.475126206874847412e-03 8.565884083509445190e-03 1.654087565839290619e-02 9.483373141847550869e-04 6.482905242592096329e-03 1.571455970406532288e-03 1.835088059306144714e-02 9.394072927534580231e-03 2.524186484515666962e-02 7.482463028281927109e-03 7.337115821428596973e-04 4.121447913348674774e-03 1.560248341411352158e-02 1.569124311208724976e-02 8.410577662289142609e-03 1.532929297536611557e-02 1.548293745145201683e-03 6.475985515862703323e-03 1.534811314195394516e-02 1.681904681026935577e-02 2.592366188764572144e-02 2.763713710010051727e-02 2.044362947344779968e-02 2.234393358230590820e-02 2.778146602213382721e-02 2.390064066275954247e-03 5.880068987607955933e-03 2.871264005079865456e-03 3.277571871876716614e-03 4.291967954486608505e-03 3.214096883311867714e-03 4.487927071750164032e-03
7.776386570185422897e-03 1.480423379689455032e-02 2.305638976395130157e-02 8.461905121803283691e-01 2.511221915483474731e-02 2.708610845729708672e-03 9.665478020906448364e-03 2.035294473171234131e-02 2.732586860656738281e-02 3.088487684726715088e-02 2.470022626221179962e-02 5.733240395784378052e-03 1.253730151802301407e-02 2.145807817578315735e-02 1.964883645996451378e-03 3.837285935878753662e-02 3.540352359414100647e-02 5.361352488398551941e-02 9.441429749131202698e-03 2.421098202466964722e-02 3.493119264021515846e-03 1.858594128862023354e-03 7.167574018239974976e-03 1.890435442328453064e-02 1.550539396703243256e-02 7.847396656870841980e-03 1.008750777691602707e-02 8.301664493046700954e-04 2.883071545511484146e-03 5.454512778669595718e-03 4.255380947142839432e-03 1.341849006712436676e-02 2.199059911072254181e-02 1.098085474222898483e-02 1.820678589865565300e-03 1.383083220571279526e-02 8.096791803836822510e-03 5.604895297437906265e-03 3.056589048355817795e-03 2.506213262677192688e-02 1.970760524272918701e-02 1.657044887542724609e-02 1.395733095705509186e-02 7.088593672960996628e-03 9.774306090548634529e-04 4.949699621647596359e-03 1.890436001121997833e-02 1.101531524909660220e-04 8.792283944785594940e-03 3.455294528976082802e-03 1.769892498850822449e-02 2.348779467865824699e-03 9.559541940689086914e-03 5.081144627183675766e-03 4.743648320436477661e-02 2.297587692737579346e-02 1.867018826305866241e-02 3.730175783857703209e-03 2.191391400992870331e-02 1.521723810583353043e-02 6.942266970872879028e-02 2.360471896827220917e-02 1.362872216850519180e-02 5.876130890101194382e-04 2.746588736772537231e-02 3.031315840780735016e-02 1.457151770591735840e-02 1.050205621868371964e-02 1.380038261413574219e-02 5.112855229526758194e-03 2.057769894599914551e-02 6.222283001989126205e-03 8.449702709913253784e-02 1.749848760664463043e-02 6.656579673290252686e-03 1.081846887245774269e-03 1.046157628297805786e-02 1.759511977434158325e-02 2.091709524393081665e-02 1.640518568456172943e-02 3.054080065339803696e-03 7.614789996296167374e-03 7.165671885013580322e-02 1.219101250171661377e-02 3.856767201796174049e-03 2.842243062332272530e-03 6.044584326446056366e-03 2.106611616909503937e-03 1.038234122097492218e-02 1.224703807383775711e-02 5.720464512705802917e-03 1.341121084988117218e-02 4.209805279970169067e-03 9.648985229432582855e-03 1.213709730654954910e-02 2.761773997917771339e-03 7.687862031161785126e-03 5.261442158371210098e-03 8.808922022581100464e-03 1.989690586924552917e-02 8.257145062088966370e-03 1.187352370470762253e-02 9.066561236977577209e-03 5.820736289024353027e-03 2.131170406937599182e-02 1.545100565999746323e-02 6.304855924099683762e-03 4.529482685029506683e-03 1.535351667553186417e-02 9.405877441167831421e-03 3.558415628504008055e-04 5.249969661235809326e-03 1.258239499293267727e-03 7.518702652305364609e-03 9.761858731508255005e-03 1.896661147475242615e-02
8.578641340136528015e-03 1.868083141744136810e-02 2.614112570881843567e-03 2.511221915483474731e-02 8.461905121803283691e-01 5.531054921448230743e-03 9.077700786292552948e-03 6.402550265192985535e-03 2.218604087829589844e-02 3.532117605209350586e-02 7.440665736794471741e-03 1.076651923358440399e-02 8.417046628892421722e-03 1.566873677074909210e-02 1.394490431994199753e-02 3.238565474748611450e-02 3.425858169794082642e-02 2.629309147596359253e-02 1.345937605947256088e-02 1.098722871392965317e-02 1.120301708579063416e-02 1.806890033185482025e-02 4.744403529912233353e-03 1.870802976191043854e-02 7.826766930520534515e-03 5.771315190941095352e-03 6.943759508430957794e-03 2.243942208588123322e-02 1.250125002115964890e-03 1.880191639065742493e-02 2.634929958730936050e-03 5.653847940266132355e-03 1.226496882736682892e-02 1.191088836640119553e-02 1.099556032568216324e-02 5.390367005020380020e-03 1.430716738104820251e-02 2.146306214854121208e-03 1.894581317901611328e-02 4.499483853578567505e-02 8.509417995810508728e-03 1.759106665849685669e-02 1.418594270944595337e-02 4.665896296501159668e-03 2.995429933071136475e-02 2.764501981437206268e-02 7.179930340498685837e-03 1.150341331958770752e-02 1.731235906481742859e-02 2.432286739349365234e-02 1.444194279611110687e-02 6.254002451896667480e-03 7.204069755971431732e-03 1.454511843621730804e-02 1.363742444664239883e-02 1.034930162131786346e-02 8.740930352360010147e-04 2.248559705913066864e-02 3.244382387492805719e-04 1.188154984265565872e-02 9.977949783205986023e-03 2.227963134646415710e-02 5.645657423883676529e-03 1.716220565140247345e-02 3.303575562313199043e-03 4.418605472892522812e-03 1.366054359823465347e-02 1.651403866708278656e-02 3.478333353996276855e-02 3.806050494313240051e-02 3.813776001334190369e-02 2.614279091358184814e-02 2.107239328324794769e-02 3.728549927473068237e-02 3.713222593069076538e-02 2.124763652682304382e-02 3.204884007573127747e-02 4.241007566452026367e-02 2.683597989380359650e-02 3.200708702206611633e-02 6.130467518232762814e-04 3.741536987945437431e-03 2.874562144279479980e-02 1.077377703040838242e-02 4.919551778584718704e-03 1.757413893938064575e-02 1.750259473919868469e-02 2.665673382580280304e-04 1.469911076128482819e-02 2.931319363415241241e-02 1.340461988002061844e-02 2.487168833613395691e-02 8.703024126589298248e-03 1.537810452282428741e-02 1.657513529062271118e-02 2.081011980772018433e-02 2.937166951596736908e-02 1.944953389465808868e-02 6.080973427742719650e-03 1.123782712966203690e-02 4.084148444235324860e-03 1.042628008872270584e-02 1.415605284273624420e-02 1.647395826876163483e-02 5.185407120734453201e-03 5.658545065671205521e-03 2.289384230971336365e-02 1.476716808974742889e-02 2.503966912627220154e-03 3.513506054878234863e-02 1.482535153627395630e-02 8.773916400969028473e-03 7.942422293126583099e-03 1.349066756665706635e-02 1.148716360330581665e-02 2.337301708757877350e-02
6.298276782035827637e-02 6.243902444839477539e-02 1.592986285686492920e-02 2.708610845729708672e-03 5.531054921448230743e-03 8.461905121803283691e-01 6.470320373773574829e-02 4.228751175105571747e-03 1.704810559749603271e-02 8.699832484126091003e-03 4.902224615216255188e-02 4.462712630629539490e-02 4.955583810806274414e-02 4.834901914000511169e-02 2.263939008116722107e-02 2.375557832419872284e-02 2.987534552812576294e-02 9.629352949559688568e-03 2.686043828725814819e-02 7.967134937644004822e-03 1.616101525723934174e-02 3.131312504410743713e-02 2.800290659070014954e-02 1.776248030364513397e-02 1.582087390124797821e-02 2.563991397619247437e-02 1.624221727252006531e-02 2.928388677537441254e-02 3.810913860797882080e-02 3.853069618344306946e-02 2.653830684721469879e-02 8.849656209349632263e-03 1.326751708984375000e-02 3.791474737226963043e-03 3.069800091907382011e-03 3.733513504266738892e-02 1.533980946987867355e-02 4.056091420352458954e-03 1.641469821333885193e-02 2.873434219509363174e-03 3.451621392741799355e-03 3.108590142801403999e-03 4.106315784156322479e-03 6.024104077368974686e-03 1.200282294303178787e-02 1.359939761459827423e-02 5.861763656139373779e-02 1.164714153856039047e-02 6.306287250481545925e-04 2.276213839650154114e-02 9.386609308421611786e-03 3.009052015841007233e-03 5.445784423500299454e-03 1.163886990980245173e-04 1.194315496832132339e-02 1.751370914280414581e-02 1.260162214748561382e-03 9.393129497766494751e-03 4.349670838564634323e-03 6.864815950393676758e-03 4.763209261000156403e-03 2.774296328425407410e-03 6.214873399585485458e-03 8.460940443910658360e-04 7.302955258637666702e-03 7.158858235925436020e-03 2.085366472601890564e-02 1.635642163455486298e-02 2.798839658498764038e-02 1.092338748276233673e-02 2.718731947243213654e-02 4.176445305347442627e-03 5.402500741183757782e-03 1.846462604589760303e-03 2.150190435349941254e-02 6.744443904608488083e-03 2.884978242218494415e-02 1.891519688069820404e-02 4.037959501147270203e-03 1.641659252345561981e-02 2.154937386512756348e-02 1.685045845806598663e-02 7.106371223926544189e-03 5.764197558164596558e-03 2.034822106361389160e-02 5.393763538450002670e-03 3.866932820528745651e-03 7.859973236918449402e-03 2.658075094223022461e-02 1.359437778592109680e-02 1.894486322999000549e-02 1.560087781399488449e-02 4.552820697426795959e-03 1.258047856390476227e-02 1.083323545753955841e-02 4.080387763679027557e-03 1.419706828892230988e-02 3.045554039999842644e-03 2.473305445164442062e-03 6.222642958164215088e-03 6.084880325943231583e-03 6.937672384083271027e-03 4.437264986336231232e-03 2.660383470356464386e-03 1.660271361470222473e-02 2.484621107578277588e-02 1.086908276192843914e-03 1.392098236829042435e-02 1.605320721864700317e-02 1.300898659974336624e-02 8.641646243631839752e-03 2.739428542554378510e-02 1.221481524407863617e-02 2.513102022930979729e-03 9.255140088498592377e-03 1.667367853224277496e-02
4.189550876617431641e-02 5.307720601558685303e-02 1.835720799863338470e-02 9.665478020906448364e-03 9.077700786292552948e-03 6.470320373773574829e-02 8.461905121803283691e-01 3.107544267550110817e-03 2.044937014579772949e-02 1.568993553519248962e-02 5.739368498325347900e-02 2.289910055696964264e-02 3.931167349219322205e-02 3.579246252775192261e-02 4.983864258974790573e-03 3.242598846554756165e-02 3.135875985026359558e-02 5.395246669650077820e-03 1.096570305526256561e-02 9.438084438443183899e-03 1.794971711933612823e-02 9.380854666233062744e-03 3.515088930726051331e-02 3.198253363370895386e-02 2.065036445856094360e-02 1.971725001931190491e-02 1.150849368423223495e-02 4.578774329274892807e-03 2.339413948357105255e-02 3.101848810911178589e-02 2.438469417393207550e-02 2.307299897074699402e-02 1.083358377218246460e-02 1.400980167090892792e-02 3.368572331964969635e-03 3.952069580554962158e-02 2.901780046522617340e-02 1.241060160100460052e-02 1.217360328882932663e-02 7.740184199064970016e-03 6.359068676829338074e-03 2.439184347167611122e-03 9.191534481942653656e-03 1.320567075163125992e-02 8.271646685898303986e-03 1.338695641607046127e-02 4.097664728760719299e-02 6.563689094036817551e-03 1.054076012223958969e-02 1.634302735328674316e-02 1.484034489840269089e-02 1.082016248255968094e-02 5.189172225072979927e-04 2.026289468631148338e-03 2.506573218852281570e-03 1.128321606665849686e-02 2.453073859214782715e-03 2.596394624561071396e-03 9.426902979612350464e-04 6.162969861179590225e-03 3.175025340169668198e-03 8.351190015673637390e-03 1.535033714026212692e-02 8.503012359142303467e-04 5.885413382202386856e-03 1.062075980007648468e-02 2.279067784547805786e-02 1.723973266780376434e-02 1.950050704181194305e-02 1.638505421578884125e-02 1.776801049709320068e-02 7.591038476675748825e-03 1.364141888916492462e-02 8.481705561280250549e-03 1.136662717908620834e-02 1.679751463234424591e-02 2.128763869404792786e-02 1.834379509091377258e-02 8.988789282739162445e-03 7.678261026740074158e-03 1.819540187716484070e-02 2.232655510306358337e-02 8.731204085052013397e-03 2.962075872346758842e-03 1.869662478566169739e-02 6.922863423824310303e-03 4.492607899010181427e-03 3.368311095982789993e-03 1.585493609309196472e-02 9.861424565315246582e-03 7.588682230561971664e-03 1.083975471556186676e-02 4.496029112488031387e-03 9.267466142773628235e-03 1.793607487343251705e-03 5.804623011499643326e-03 2.068994380533695221e-02 7.900749333202838898e-03 1.206960342824459076e-02 3.942665352951735258e-04 5.857073701918125153e-03 1.608838513493537903e-02 1.633743196725845337e-02 2.020718762651085854e-03 2.349422499537467957e-02 2.360384538769721985e-02 6.459821946918964386e-03 1.948376372456550598e-02 2.045802026987075806e-02 1.425843313336372375e-02 1.354831270873546600e-02 2.908759750425815582e-02 1.215475797653198242e-02 2.751462860032916069e-03 7.073312532156705856e-03 1.947631686925888062e-02
1.690214499831199646e-03 1.001832541078329086e-02 4.102316871285438538e-02 2.035294473171234131e-02 6.402550265192985535e-03 4.228751175105571747e-03 3.107544267550110817e-03 8.461905121803283691e-01 5.432589750853367150e-05 1.243405137211084366e-02 3.889772808179259300e-03 1.823651790618896484e-02 1.201517507433891296e-02 4.056426696479320526e-03 2.003064192831516266e-02 1.565961353480815887e-02 8.749690838158130646e-03 3.226589877158403397e-03 1.758790761232376099e-02 3.455591388046741486e-03 1.356689073145389557e-02 1.583213172852993011e-02 1.837036386132240295e-02 1.318109966814517975e-02 1.385867595672607422e-02 9.274835698306560516e-03 1.080944295972585678e-02 1.585793308913707733e-02 1.079359184950590134e-02 2.231159992516040802e-02 3.945528063923120499e-03 1.180519443005323410e-02 2.649965696036815643e-02 1.918395608663558960e-02 3.395827859640121460e-02 2.143503539264202118e-02 2.539637126028537750e-02 1.700214110314846039e-02 1.765909418463706970e-02 1.828806847333908081e-02 2.687136083841323853e-02 3.046613186597824097e-03 1.530881132930517197e-02 2.925774268805980682e-02 1.802045269869267941e-03 1.725589483976364136e-02 2.676837611943483353e-03 3.394681960344314575e-03 6.977654062211513519e-03 1.828360371291637421e-02 3.393375547602772713e-03 1.761559105943888426e-04 7.636671420186758041e-03 1.048768404871225357e-03 7.359063252806663513e-03 7.976880297064781189e-03 9.885554201900959015e-03 6.455158581957221031e-04 2.431110246106982231e-03 2.617527032271027565e-03 6.119460333138704300e-03 8.516914211213588715e-03 7.914881221950054169e-03 9.699109010398387909e-03 1.755140721797943115e-02 4.975621588528156281e-03 1.552260946482419968e-02 2.141469158232212067e-02 1.858820766210556030e-02 3.881831653416156769e-03 1.931315846741199493e-02 1.432061009109020233e-02 1.436389703303575516e-02 3.722274850588291883e-04 1.276545505970716476e-02 1.291150134056806564e-02 1.185452006757259369e-02 5.254678893834352493e-03 1.875773421488702297e-03 2.212811447679996490e-02 5.448042601346969604e-02 4.245453700423240662e-02 1.341784140095114708e-03 8.736988529562950134e-03 4.868737887591123581e-03 2.241391921415925026e-03 3.368968144059181213e-02 3.318575769662857056e-02 2.244656346738338470e-02 1.129514072090387344e-02 1.015093363821506500e-02 2.173816226422786713e-02 1.324611803283914924e-04 4.684686195105314255e-03 2.085492946207523346e-03 4.617831204086542130e-03 2.008386515080928802e-02 8.233827538788318634e-03 1.205016206949949265e-02 2.066320925951004028e-02 1.571623049676418304e-02 2.301149815320968628e-02 1.325101312249898911e-02 3.247511340305209160e-03 6.866117939352989197e-03 1.890481077134609222e-02 2.367209084331989288e-02 1.441773306578397751e-02 2.239535562694072723e-02 2.492714440450072289e-03 1.316962577402591705e-02 1.021183747798204422e-02 4.006861709058284760e-03 1.292040757834911346e-02 3.224205970764160156e-02 2.626270987093448639e-03
3.811943577602505684e-03 1.470901444554328918e-02 6.913345772773027420e-03 2.732586860656738281e-02 2.218604087829589844e-02 1.704810559749603271e-02 2.044937014579772949e-02 5.432589750853367150e-05 8.461905121803283691e-01 5.311803147196769714e-02 8.978070691227912903e-03 2.277626655995845795e-02 7.775433361530303955e-03 3.163448348641395569e-02 1.687540858983993530e-02 4.662004485726356506e-02 4.506444185972213745e-02 1.453635934740304947e-02 2.912355214357376099e-02 4.843573551625013351e-03 1.159157697111368179e-02 1.560875959694385529e-02 3.631613031029701233e-02 4.557439684867858887e-02 1.459759660065174103e-02 9.768477641046047211e-03 1.380209065973758698e-02 9.567012079060077667e-03 1.724202930927276611e-02 2.346105501055717468e-02 7.844014093279838562e-03 3.120659105479717255e-02 3.101508133113384247e-03 1.807463541626930237e-02 1.987628871574997902e-03 1.240843255072832108e-02 1.298209931701421738e-02 1.113306265324354172e-02 7.200646214187145233e-04 1.688868924975395203e-02 1.392481150105595589e-03 1.780039817094802856e-02 5.965329241007566452e-03 7.950645871460437775e-03 4.674153402447700500e-03 5.415756721049547195e-03 2.869309158995747566e-03 1.140982843935489655e-02 3.117602132260799408e-02 1.473614014685153961e-02 9.150310419499874115e-03 4.537075292319059372e-03 4.085134249180555344e-03 5.037316586822271347e-03 1.398948393762111664e-02 1.280747167766094208e-02 5.644556600600481033e-03 1.426989585161209106e-02 1.272164750844240189e-02 4.374639596790075302e-03 1.101439818739891052e-03 1.591434329748153687e-02 9.223214350640773773e-03 2.368232002481818199e-03 2.190596237778663635e-02 2.110294997692108154e-02 1.358864735811948776e-02 1.191281899809837341e-02 3.114525228738784790e-02 2.041348442435264587e-02 3.130811825394630432e-02 3.392191231250762939e-02 3.500799834728240967e-02 2.715619653463363647e-02 4.883117042481899261e-03 2.835141494870185852e-02 4.904676228761672974e-02 4.345601797103881836e-02 4.971978813409805298e-02 3.247677907347679138e-02 5.537193268537521362e-03 7.767150178551673889e-03 3.065378870815038681e-03 4.045098274946212769e-02 1.946216635406017303e-02 3.084370121359825134e-02 4.915075842291116714e-04 3.794454678427428007e-04 2.060288749635219574e-02 4.054361954331398010e-02 1.787946000695228577e-02 6.031899247318506241e-03 1.217013131827116013e-02 1.950669661164283752e-02 1.647116616368293762e-02 2.364753372967243195e-02 7.466665934771299362e-03 3.468317911028862000e-02 3.019645065069198608e-02 1.203680410981178284e-02 1.440118718892335892e-02 3.825916908681392670e-03 4.833037499338388443e-03 2.157156914472579956e-02 4.694351460784673691e-03 1.758488826453685760e-02 1.605671085417270660e-02 9.006474167108535767e-03 6.760068354196846485e-04 1.465614233165979385e-02 1.743209175765514374e-02 7.522492203861474991e-03 1.419480144977569580e-02 2.340172417461872101e-03 3.874814836308360100e-03 2.652966789901256561e-02
1.120329019613564014e-03 1.365119870752096176e-02 3.921095281839370728e-03 3.088487684726715088e-02 3.532117605209350586e-02 8.699832484126091003e-03 1.568993553519248962e-02 1.243405137211084366e-02 5.311803147196769714e-02 8.461905121803283691e-01 6.339330691844224930e-03 1.297138538211584091e-02 5.993077997118234634e-03 2.742240205407142639e-02 1.954405568540096283e-02 3.935182839632034302e-02 4.219523444771766663e-02 5.375149776227772236e-04 4.024737328290939331e-02 3.189857234247028828e-04 6.371522322297096252e-03 2.026725001633167267e-02 2.205882407724857330e-02 4.200101271271705627e-02 1.364240795373916626e-02 1.164336130023002625e-02 1.533367671072483063e-02 1.156918797641992569e-02 1.253511570394039154e-02 2.294793352484703064e-02 6.055593490600585938e-03 2.069417573511600494e-02 4.519649955909699202e-04 1.609839498996734619e-02 1.333906408399343491e-02 1.195708848536014557e-02 1.894270069897174835e-02 9.192874655127525330e-03 2.027881564572453499e-03 1.503838971257209778e-02 1.856605522334575653e-03 1.788594760000705719e-02 5.383647046983242035e-03 1.321164891123771667e-02 1.477595046162605286e-02 1.122939493507146835e-02 2.357385354116559029e-03 2.470408799126744270e-03 3.064274787902832031e-02 3.136525303125381470e-02 7.854517549276351929e-03 9.160405956208705902e-03 2.515310188755393028e-03 5.625103134661912918e-03 7.799039594829082489e-03 1.861709728837013245e-02 6.346159148961305618e-03 2.062354423105716705e-02 1.039037760347127914e-02 4.574024118483066559e-03 1.247104443609714508e-02 2.695037052035331726e-02 8.040183223783969879e-03 6.215064320713281631e-03 1.213828008621931076e-02 1.218723878264427185e-02 8.385458029806613922e-03 7.792151998728513718e-03 2.500266022980213165e-02 3.443930670619010925e-02 3.049763850867748260e-02 2.989787422120571136e-02 3.479700535535812378e-02 3.913111984729766846e-02 1.606465876102447510e-02 2.401360496878623962e-02 3.539231419563293457e-02 4.902204126119613647e-02 4.988414794206619263e-02 5.000020936131477356e-02 6.258498411625623703e-03 6.165343802422285080e-03 1.408418267965316772e-02 3.973616659641265869e-02 1.871347427368164062e-02 3.599222749471664429e-02 1.482714060693979263e-02 8.238772861659526825e-03 1.416832208633422852e-02 4.277872666716575623e-02 1.053222920745611191e-02 1.636431552469730377e-02 1.844032085500657558e-03 1.886721141636371613e-02 1.063668262213468552e-02 2.096244320273399353e-02 2.484427578747272491e-02 3.501802310347557068e-02 2.658267505466938019e-02 2.044702321290969849e-02 8.184717968106269836e-03 6.798315327614545822e-03 1.359980739653110504e-02 2.351450733840465546e-02 2.052298514172434807e-03 7.587661501020193100e-03 1.728657819330692291e-02 1.261686347424983978e-02 2.435302361845970154e-03 2.669100277125835419e-02 2.862975746393203735e-02 1.130677293986082077e-02 1.483777910470962524e-02 1.248846109956502914e-02 1.655459590256214142e-02 3.044285438954830170e-02
5.706458538770675659e-02 4.715976119041442871e-02 1.714864932000637054e-02 2.470022626221179962e-02 7.440665736794471741e-03 4.902224615216255188e-02 5.739368498325347900e-02 3.889772808179259300e-03 8.978070691227912903e-03 6.339330691844224930e-03 8.461905121803283691e-01 2.142788097262382507e-02 6.011445075273513794e-02 1.986112073063850403e-02 7.473093457520008087e-03 1.231346931308507919e-02 1.686653681099414825e-02 2.384708728641271591e-03 1.871101930737495422e-02 1.723768003284931183e-02 1.391421910375356674e-02 1.651602424681186676e-02 1.109754294157028198e-02 1.086134742945432663e-02 1.982959359884262085e-02 2.284750528633594513e-02 1.427928684279322624e-03 1.628678850829601288e-02 5.486281588673591614e-03 2.586499974131584167e-02 5.133163183927536011e-03 8.390534669160842896e-03 3.407329786568880081e-03 7.313644513487815857e-03 9.878358803689479828e-03 4.462372139096260071e-02 3.412525355815887451e-02 4.957742523401975632e-03 2.203232049942016602e-02 6.300117354840040207e-03 6.521794479340314865e-03 1.155877180281095207e-04 1.258879154920578003e-02 8.839413640089333057e-04 1.892254105769097805e-03 8.210851810872554779e-03 5.462434142827987671e-02 1.742939651012420654e-02 3.357145003974437714e-03 1.843751594424247742e-02 6.870405282825231552e-03 4.049560520797967911e-03 1.910574734210968018e-02 2.074619755148887634e-02 7.020063349045813084e-04 1.159285288304090500e-02 9.603333659470081329e-03 7.600488141179084778e-03 1.830208487808704376e-02 2.826426923274993896e-02 1.226178556680679321e-02 4.094109870493412018e-03 1.778920739889144897e-02 1.270765159279108047e-02 3.567625954747200012e-02 2.519132383167743683e-02 1.565646007657051086e-02 1.627545244991779327e-02 2.037087082862854004e-02 4.041412379592657089e-03 1.932395994663238525e-02 1.421413477510213852e-02 2.938503585755825043e-02 6.086098495870828629e-03 2.588062919676303864e-02 1.743239350616931915e-02 1.138035487383604050e-02 1.045341044664382935e-02 1.895890384912490845e-02 1.519390009343624115e-02 5.633741151541471481e-03 2.134253969416022301e-03 8.368569426238536835e-03 9.914705529808998108e-03 5.699227564036846161e-03 4.470013547688722610e-03 2.601402066648006439e-02 1.886108517646789551e-02 1.658800244331359863e-02 1.976281870156526566e-03 1.444453094154596329e-02 3.144943714141845703e-02 1.250668708235025406e-02 1.538958121091127396e-02 1.561970356851816177e-02 1.061717048287391663e-02 7.201528642326593399e-03 2.266948670148849487e-02 4.522948060184717178e-03 4.708155523985624313e-03 2.751812338829040527e-03 2.939088444691151381e-04 5.937277819612063468e-05 7.502911146730184555e-03 1.040673721581697464e-02 8.698042074684053659e-05 1.764278858900070190e-03 1.042631920427083969e-02 9.007503977045416832e-04 6.708961911499500275e-03 1.693666167557239532e-02 2.482316642999649048e-02 1.036156620830297470e-02 1.305276434868574142e-02 1.516864169389009476e-02 5.973784718662500381e-04
3.693211823701858521e-02 3.661942481994628906e-02 1.346906740218400955e-02 5.733240395784378052e-03 1.076651923358440399e-02 4.462712630629539490e-02 2.289910055696964264e-02 1.823651790618896484e-02 2.277626655995845795e-02 1.297138538211584091e-02 2.142788097262382507e-02 8.461905121803283691e-01 2.298550121486186981e-02 6.851311028003692627e-02 1.572396419942378998e-02 2.275433018803596497e-02 2.697930671274662018e-02 1.858762465417385101e-02 2.396507374942302704e-02 3.987737465649843216e-03 6.593861617147922516e-03 1.663501374423503876e-02 3.303194046020507812e-02 2.188103087246417999e-02 8.768921718001365662e-03 2.516990900039672852e-02 1.239557284861803055e-02 5.351060628890991211e-02 1.923882402479648590e-02 5.427482724189758301e-02 1.480632927268743515e-02 8.794663473963737488e-03 1.198709290474653244e-02 1.333059370517730713e-02 1.180770195787772536e-04 1.651982590556144714e-02 4.286870898795314133e-05 4.143320955336093903e-03 2.424375712871551514e-02 1.587973907589912415e-02 1.475395541638135910e-02 4.056531935930252075e-03 1.334774657152593136e-03 1.479809079319238663e-02 4.889983218163251877e-03 5.818815901875495911e-03 2.200637757778167725e-02 4.711338784545660019e-03 1.017948333173990250e-02 2.524406649172306061e-02 6.177451461553573608e-03 1.295594777911901474e-02 2.019095048308372498e-02 1.548539754003286362e-02 1.889835856854915619e-02 1.171956025063991547e-02 1.770794391632080078e-02 2.789155021309852600e-02 2.446453273296356201e-02 2.782195433974266052e-02 1.502972561866044998e-02 1.070502679795026779e-02 1.312157511711120605e-02 1.619170233607292175e-02 3.567956853657960892e-03 4.854827653616666794e-03 6.643013330176472664e-04 3.875576658174395561e-03 3.894500806927680969e-02 8.503722026944160461e-03 4.109404981136322021e-02 1.079586613923311234e-02 3.973776474595069885e-03 2.181815169751644135e-02 3.528863936662673950e-02 1.499192416667938232e-02 4.121671989560127258e-02 3.323375806212425232e-02 2.411141805350780487e-02 2.482685493305325508e-03 2.130310423672199249e-02 1.279444550164043903e-03 1.524634286761283875e-02 8.629639632999897003e-03 1.437260676175355911e-02 1.043461170047521591e-02 1.527652959339320660e-03 1.172002125531435013e-02 4.777587950229644775e-02 4.539123177528381348e-02 2.927125431597232819e-03 1.041820924729108810e-02 4.104426596313714981e-03 6.087706889957189560e-03 1.113881263881921768e-02 2.451020525768399239e-03 1.376345520839095116e-03 2.094325236976146698e-02 8.709327317774295807e-03 1.207481138408184052e-02 4.186653532087802887e-03 1.165417395532131195e-02 9.374924004077911377e-03 8.047222159802913666e-03 1.295804278925061226e-03 1.259231590665876865e-03 7.416864391416311264e-03 8.752602152526378632e-03 1.030725985765457153e-02 5.974229890853166580e-03 2.127275615930557251e-02 3.220623731613159180e-02 1.248653605580329895e-02 7.103804498910903931e-03 1.863157027401030064e-03 1.268922165036201477e-02
6.749264895915985107e-02 5.372618511319160461e-02 1.003810763359069824e-02 1.253730151802301407e-02 8.417046628892421722e-03 4.955583810806274414e-02 3.931167349219322205e-02 1.201517507433891296e-02 7.775433361530303955e-03 5.993077997118234634e-03 6.011445075273513794e-02 2.298550121486186981e-02 8.461905121803283691e-01 2.570125274360179901e-02 2.758973091840744019e-02 1.548189576715230942e-02 2.233916521072387695e-02 1.519621466286480427e-03 1.272598374634981155e-02 1.188056264072656631e-02 1.543175056576728821e-02 3.279910236597061157e-02 7.409228943288326263e-03 8.066269569098949432e-03 1.782058179378509521e-02 2.305207401514053345e-02 2.973771840333938599e-02 2.321099489927291870e-02 1.315457653254270554e-02 2.284324914216995239e-02 1.303451694548130035e-02 1.484007760882377625e-02 1.096894778311252594e-02 7.085140328854322433e-03 1.372034568339586258e-02 3.977544605731964111e-02 3.174203261733055115e-02 2.253645285964012146e-02 1.954726129770278931e-02 6.702989339828491211e-03 1.337890606373548508e-02 8.646957576274871826e-03 1.048945356160402298e-02 1.867680344730615616e-03 5.984877236187458038e-03 1.274269912391901016e-02 6.318966299295425415e-02 1.220155227929353714e-02 9.293986484408378601e-03 7.139408495277166367e-03 1.293473411351442337e-02 1.051243767142295837e-02 1.962998136878013611e-02 2.442111447453498840e-02 9.875129908323287964e-03 1.392270205542445183e-03 7.495606783777475357e-03 1.772082969546318054e-02 1.575324125587940216e-02 2.797080762684345245e-02 1.541617792099714279e-02 7.515810430049896240e-03 1.327794976532459259e-02 1.433219108730554581e-02 2.095513604581356049e-02 3.102534450590610504e-02 1.444973051548004150e-02 1.253521349281072617e-02 2.115189284086227417e-02 1.426407485269010067e-03 1.926542818546295166e-02 7.913925684988498688e-03 1.648819446563720703e-02 2.686185063794255257e-03 1.882256567478179932e-02 9.628733620047569275e-03 1.446282304823398590e-02 1.108919735997915268e-02 9.683649055659770966e-03 9.609457338228821754e-04 8.638711646199226379e-03 1.288349553942680359e-02 5.112380720674991608e-03 1.848955434979870915e-06 8.992120623588562012e-03 1.757959951646625996e-03 1.509078685194253922e-02 3.453630954027175903e-02 1.198878791183233261e-02 1.155027933418750763e-02 1.050980575382709503e-02 2.155894786119461060e-02 2.427069656550884247e-02 2.372193522751331329e-02 2.589742653071880341e-02 1.610180363059043884e-02 4.522833973169326782e-03 9.754308499395847321e-03 5.999265704303979874e-03 7.325539365410804749e-03 1.839814521372318268e-02 1.062991842627525330e-02 1.382577326148748398e-02 3.402793372515588999e-04 1.216762792319059372e-02 3.071855520829558372e-03 2.459673210978507996e-03 8.355308673344552517e-04 5.138595588505268097e-04 4.811221733689308167e-03 1.993491128087043762e-02 2.479929104447364807e-02 1.040356792509555817e-02 1.268327515572309494e-02 1.670503243803977966e-02 1.245361100882291794e-02
