8.376325368881225586e-01 7.428470999002456665e-02 9.158088359981775284e-04 1.297619380056858063e-02 1.960693160071969032e-03 6.121085584163665771e-02 5.862450227141380310e-02 5.551220849156379700e-03 1.797593384981155396e-02 1.315256394445896149e-02 7.351835072040557861e-02 2.794091776013374329e-02 5.594582855701446533e-02 2.310797385871410370e-02 8.254342712461948395e-03 9.155545383691787720e-03 1.180223468691110611e-02 1.030160952359437943e-02 8.365055546164512634e-03 1.518048439174890518e-02 1.012656465172767639e-02 3.570756409317255020e-03 1.884279027581214905e-02 1.739939302206039429e-02 1.515961810946464539e-02 1.210934761911630630e-02 2.051431499421596527e-02 1.313384901732206345e-02 1.355765014886856079e-02 2.335211075842380524e-02 3.332752501592040062e-03 1.326838787645101547e-02 1.738448999822139740e-02 1.321011036634445190e-02 1.849346049129962921e-02 5.765243433415889740e-03 1.598049071617424488e-03 1.587162725627422333e-02 1.170010026544332504e-02 1.297121681272983551e-02 1.298267487436532974e-02 1.553189195692539215e-02 1.322316564619541168e-02 1.181154791265726089e-02 3.738047182559967041e-02 3.674542531371116638e-02 4.144564270973205566e-02 3.806022927165031433e-02 2.437010034918785095e-02 2.893790416419506073e-02 7.372001186013221741e-03 2.740772208198904991e-03 1.307990960776805878e-02 1.093328557908535004e-02 1.771462708711624146e-02 2.558186650276184082e-02 1.348547544330358505e-02 1.856028288602828979e-02 1.409117318689823151e-02 4.140269476920366287e-03 9.791936725378036499e-03 1.049368176609277725e-02 5.782577791251242161e-04 6.142169237136840820e-03 1.215080916881561279e-02 1.375541370362043381e-02 1.440387219190597534e-02 1.234281156212091446e-02 1.364544592797756195e-02 8.688006550073623657e-03 1.630700938403606415e-02 2.487320685759186745e-03 4.432835616171360016e-03 1.394043490290641785e-02 1.139752753078937531e-02 7.925685495138168335e-03 9.234989993274211884e-03 1.225767564028501511e-02 3.000945970416069031e-02 2.368363738059997559e-02 3.406343283131718636e-03 3.963240887969732285e-03 1.558631099760532379e-02 1.359644578769803047e-03 2.864907495677471161e-02 3.999180346727371216e-02 9.100609458982944489e-03 1.545484876260161400e-03 1.814207620918750763e-02 2.283257804811000824e-02 9.309913031756877899e-03 3.416159190237522125e-03 2.549790311604738235e-03 8.829402737319469452e-03 4.001331515610218048e-03 2.732955384999513626e-03 4.345806315541267395e-03 1.890577934682369232e-02 8.176218718290328979e-03 5.351240281015634537e-03 7.490321993827819824e-03 5.992664024233818054e-03 2.487906487658619881e-03 5.867853295058012009e-03 1.195464935153722763e-02 1.121806795708835125e-03 5.655611865222454071e-03 8.222495205700397491e-03 2.057561883702874184e-03 2.194865606725215912e-02 1.258226577192544937e-02 1.911920262500643730e-03 1.991300471127033234e-02 2.177682891488075256e-02 1.218299148604273796e-03 1.576095703057944775e-03
7.428470999002456665e-02 8.376325368881225586e-01 3.966786898672580719e-03 5.838531535118818283e-03 6.881452165544033051e-03 6.062765046954154968e-02 6.317073106765747070e-02 2.135526156052947044e-04 1.833214983344078064e-02 1.386116910725831985e-02 6.519686430692672729e-02 2.590293250977993011e-02 6.833999603986740112e-02 1.606567949056625366e-02 1.123242825269699097e-02 1.024205982685089111e-02 1.705800183117389679e-02 4.978327546268701553e-03 9.806872345507144928e-03 1.927481591701507568e-02 1.190314162522554398e-02 7.300105877220630646e-03 2.071239985525608063e-02 2.129293605685234070e-02 1.039428729563951492e-02 4.301302134990692139e-03 2.868860960006713867e-02 1.870810426771640778e-02 1.793796312995254993e-03 2.572101727128028870e-02 8.827027864754199982e-03 1.540339458733797073e-02 1.849659904837608337e-02 1.590963453054428101e-02 1.560264080762863159e-02 7.851544767618179321e-03 2.881218912079930305e-03 8.086759597063064575e-03 9.554558433592319489e-03 1.776631362736225128e-02 1.063856389373540878e-02 1.553075108677148819e-02 1.656632125377655029e-02 1.397252362221479416e-02 4.444514214992523193e-02 4.368334263563156128e-02 2.917369641363620758e-02 3.476438671350479126e-02 1.824581436812877655e-02 2.869384922087192535e-02 1.560715027153491974e-02 7.083420641720294952e-03 6.737534422427415848e-03 8.319592103362083435e-03 1.187530998140573502e-02 2.130964584648609161e-02 6.317909806966781616e-03 8.642381057143211365e-03 2.277150284498929977e-03 2.926322049461305141e-04 9.350995533168315887e-03 3.385374089702963829e-03 2.804522402584552765e-03 8.655404672026634216e-03 1.755036599934101105e-02 1.413621287792921066e-02 1.475855614989995956e-02 1.338891685009002686e-02 1.383616495877504349e-02 1.891036704182624817e-02 1.554464548826217651e-02 1.787380781024694443e-03 4.028521943837404251e-03 1.945819891989231110e-02 2.468299819156527519e-03 8.410137146711349487e-03 1.163761690258979797e-02 1.795938424766063690e-02 3.094904311001300812e-02 2.484994381666183472e-02 8.808008278720080853e-04 6.898779887706041336e-03 1.602507755160331726e-02 8.897560648620128632e-03 2.070068195462226868e-02 3.112364746630191803e-02 9.206288494169712067e-03 6.646887864917516708e-03 1.488314475864171982e-02 1.279942877590656281e-02 1.242482755333185196e-02 5.766307003796100616e-03 7.052130997180938721e-03 7.752921432256698608e-03 3.366138553246855736e-03 7.339929230511188507e-03 3.618571208789944649e-03 3.080078586935997009e-02 9.751888923346996307e-03 1.040039677172899246e-02 1.266587805002927780e-02 1.004058122634887695e-02 3.328283200971782207e-04 1.521459780633449554e-02 6.225355435162782669e-03 5.568407475948333740e-03 1.095962524414062500e-02 1.168170291930437088e-02 4.786903969943523407e-03 1.429422479122877121e-02 2.354775741696357727e-02 7.164777489379048347e-04 1.647857576608657837e-02 2.315098978579044342e-02 5.837589502334594727e-03 1.695531979203224182e-02
9.158088359981775284e-04 3.966786898672580719e-03 8.376325368881225586e-01 9.925090707838535309e-03 7.954294793307781219e-03 1.558310235850512981e-03 1.311686792178079486e-04 3.319911286234855652e-02 1.808306435123085976e-03 1.478875288739800453e-03 4.357336089015007019e-03 1.739362441003322601e-02 5.014159251004457474e-03 1.226435136049985886e-02 3.534867241978645325e-02 7.561232428997755051e-03 1.521403755759820342e-04 6.181928794831037521e-03 1.581660844385623932e-02 2.378530055284500122e-02 1.430286280810832977e-02 2.815398573875427246e-02 1.780143938958644867e-02 1.799806579947471619e-02 1.240552216768264771e-02 1.203948073089122772e-02 1.670546457171440125e-02 1.868415251374244690e-02 5.434311460703611374e-04 6.729470565915107727e-03 2.215606905519962311e-02 1.793263107538223267e-02 1.764801703393459320e-02 1.747582107782363892e-02 1.757411845028400421e-02 2.449246309697628021e-02 3.240526095032691956e-02 1.605835929512977600e-02 1.410587131977081299e-02 1.026504766196012497e-02 2.932472899556159973e-02 1.326359459199011326e-03 5.727892275899648666e-04 1.648975722491741180e-02 3.002215409651398659e-03 7.614215370267629623e-03 1.044706441462039948e-02 4.094774834811687469e-03 8.443592116236686707e-03 1.420666370540857315e-02 2.010834775865077972e-02 2.895394153892993927e-02 2.567218057811260223e-02 3.772965446114540100e-02 1.387550844810903072e-03 9.640136733651161194e-03 1.251063309609889984e-02 1.295933593064546585e-02 2.021156996488571167e-02 2.426216192543506622e-02 1.029842882417142391e-03 1.329691614955663681e-03 4.534197971224784851e-03 1.695823110640048981e-02 1.141126174479722977e-02 1.597599871456623077e-02 1.260277442634105682e-02 9.430286474525928497e-03 1.592586282640695572e-03 2.442873641848564148e-02 1.813900191336870193e-03 2.369120158255100250e-02 4.222036339342594147e-03 1.488399691879749298e-02 6.168282125145196915e-03 2.391698211431503296e-02 3.264001104980707169e-03 1.239362172782421112e-03 7.593982852995395660e-03 7.651268504559993744e-03 4.092084616422653198e-02 4.324333369731903076e-02 2.112837508320808411e-03 6.813511718064546585e-03 8.666729554533958435e-03 5.525239743292331696e-03 4.179621860384941101e-02 2.358750812709331512e-02 1.643242663703858852e-03 1.767231849953532219e-03 1.215084994328208268e-04 3.521296381950378418e-02 2.486224751919507980e-03 3.162937238812446594e-02 5.502010229974985123e-03 1.082327961921691895e-02 2.452417276799678802e-02 3.973295539617538452e-02 9.197147563099861145e-03 1.263992581516504288e-02 2.204433642327785492e-02 2.458364143967628479e-02 3.417557477951049805e-02 3.102123737335205078e-02 3.360250219702720642e-02 3.532182052731513977e-02 4.530400969088077545e-03 5.867492873221635818e-03 1.631212607026100159e-02 1.409719139337539673e-02 2.064857445657253265e-02 2.224374376237392426e-02 2.223151270300149918e-03 3.042503376491367817e-04 6.177942850627005100e-04 3.596341237425804138e-02
1.297619380056858063e-02 5.838531535118818283e-03 9.925090707838535309e-03 8.376325368881225586e-01 9.103769809007644653e-02 5.304409191012382507e-03 7.215772289782762527e-03 1.764511573128402233e-03 7.152174599468708038e-03 1.915444736368954182e-03 8.940679021179676056e-03 4.511018749326467514e-03 7.778132800012826920e-03 7.686630357056856155e-03 2.408348023891448975e-03 7.837121374905109406e-03 1.226941403001546860e-02 2.925452589988708496e-02 3.299332410097122192e-02 8.163054590113461018e-04 2.636317163705825806e-03 2.627416513860225677e-02 6.811450002714991570e-04 1.053082989528775215e-03 9.534509852528572083e-03 4.973509348928928375e-03 1.151046901941299438e-02 1.512447465211153030e-02 2.268665097653865814e-02 8.747959509491920471e-03 4.303674027323722839e-02 1.004221849143505096e-02 2.529890276491641998e-02 1.136660203337669373e-02 1.743018999695777893e-02 4.089971480425447226e-04 5.966885946691036224e-03 1.211316417902708054e-02 6.738711148500442505e-02 6.510517746210098267e-02 6.513920961879193783e-04 1.094400044530630112e-02 1.038426719605922699e-02 2.321721427142620087e-02 1.471345685422420502e-02 1.901111006736755371e-02 8.569527417421340942e-03 3.979862667620182037e-03 8.218190632760524750e-03 1.004709210246801376e-02 8.040733635425567627e-03 9.559733793139457703e-03 1.882499456405639648e-02 2.954538352787494659e-02 2.516546752303838730e-03 1.903669722378253937e-02 2.530845999717712402e-02 1.290068589150905609e-02 1.320003345608711243e-02 1.761930808424949646e-02 2.141512185335159302e-02 3.724402561783790588e-02 2.464131824672222137e-02 7.854942232370376587e-03 1.853111945092678070e-02 2.330826595425605774e-02 2.421557437628507614e-03 3.136239480227231979e-03 1.480859122239053249e-03 6.177767645567655563e-03 4.475590831134468317e-04 1.008940208703279495e-02 5.583963170647621155e-02 4.767967388033866882e-03 2.148222364485263824e-02 6.128654349595308304e-03 1.549609471112489700e-03 6.002890411764383316e-03 9.306306950747966766e-03 2.600798325147479773e-04 8.605640381574630737e-03 1.982618495821952820e-02 6.497665494680404663e-02 3.626609221100807190e-02 5.783921573311090469e-03 6.435402203351259232e-03 1.434707781299948692e-03 1.071454584598541260e-02 9.942379780113697052e-03 2.099138218909502029e-03 2.868129173293709755e-03 1.741165760904550552e-03 8.050423115491867065e-03 3.492106683552265167e-03 1.866077631711959839e-02 1.355872862040996552e-02 2.089608833193778992e-02 1.590481959283351898e-02 5.759118124842643738e-03 5.620233714580535889e-03 4.951591254211962223e-04 1.836084877140820026e-03 1.601050421595573425e-02 4.968249122612178326e-04 5.042409058660268784e-03 2.074371650815010071e-02 2.169101871550083160e-02 3.335701674222946167e-02 1.422105170786380768e-02 3.008046187460422516e-02 1.221873704344034195e-02 7.788661168888211250e-04 5.075453780591487885e-03 9.828932583332061768e-03 1.231727283447980881e-02 1.112059503793716431e-02
1.960693160071969032e-03 6.881452165544033051e-03 7.954294793307781219e-03 9.103769809007644653e-02 8.376325368881225586e-01 3.338051261380314827e-03 4.583041009027510881e-04 1.392605016008019447e-03 8.904651738703250885e-03 5.173542071133852005e-03 4.954028408974409103e-04 1.089210528880357742e-02 5.385210737586021423e-03 9.175693616271018982e-03 4.853109363466501236e-03 4.465570207685232162e-03 2.071633702144026756e-03 2.165545150637626648e-02 3.918882459402084351e-02 1.779663003981113434e-02 1.041964441537857056e-02 1.068764366209506989e-02 4.751311615109443665e-03 2.423153724521398544e-03 1.084348838776350021e-02 9.812851203605532646e-04 2.333578886464238167e-03 4.463895224034786224e-03 1.509149093180894852e-02 1.815025694668292999e-03 2.371929585933685303e-02 5.752267315983772278e-03 2.664381638169288635e-03 1.804318977519869804e-03 3.480933839455246925e-03 4.302172455936670303e-03 1.554527902044355869e-03 1.855757832527160645e-02 6.683996319770812988e-02 7.841382175683975220e-02 2.245442941784858704e-03 1.196994353085756302e-02 2.044576592743396759e-02 2.227726392447948456e-02 2.470038831233978271e-02 2.137266471982002258e-02 1.046580635011196136e-02 1.028890721499919891e-03 7.292164023965597153e-03 6.759209092706441879e-03 1.647395268082618713e-02 1.996161229908466339e-02 1.023509539663791656e-02 2.468300983309745789e-02 2.544195158407092094e-03 4.618281964212656021e-03 2.350742742419242859e-02 1.348360721021890640e-02 1.349523849785327911e-02 1.813109405338764191e-02 2.184517122805118561e-02 3.281511738896369934e-02 1.370346918702125549e-02 6.204848643392324448e-03 1.662798970937728882e-02 1.296878233551979065e-02 1.835570111870765686e-02 1.908720470964908600e-02 4.196166060864925385e-03 1.904030703008174896e-02 1.873817062005400658e-03 4.579803440719842911e-03 3.729347884654998779e-02 9.132191538810729980e-03 4.293284937739372253e-02 5.391826387494802475e-03 3.352601313963532448e-03 4.954084753990173340e-03 1.415032614022493362e-02 9.368947707116603851e-03 1.251527108252048492e-02 2.348992042243480682e-03 4.270013049244880676e-02 6.889916211366653442e-02 1.527480781078338623e-02 1.071223523467779160e-02 4.966208711266517639e-03 2.707887208089232445e-03 1.034569088369607925e-02 1.064127590507268906e-02 3.402903443202376366e-03 1.414246670901775360e-02 5.272608250379562378e-04 1.863186713308095932e-03 2.165283262729644775e-02 2.363976836204528809e-02 1.395548507571220398e-02 8.517810143530368805e-03 6.046263035386800766e-03 6.389721762388944626e-03 5.321468226611614227e-03 5.715511739253997803e-03 2.150012552738189697e-02 9.900184348225593567e-03 1.248368248343467712e-02 1.439381297677755356e-02 1.744779944419860840e-02 3.949302807450294495e-02 1.468189340084791183e-02 2.395499870181083679e-02 2.068442292511463165e-02 1.558531890623271465e-03 1.840705797076225281e-02 2.318409457802772522e-02 1.110661495476961136e-02 3.493050346150994301e-03
6.121085584163665771e-02 6.062765046954154968e-02 1.558310235850512981e-03 5.304409191012382507e-03 3.338051261380314827e-03 8.376325368881225586e-01 7.759951055049896240e-02 1.887034159153699875e-04 1.615222357213497162e-02 1.879101432859897614e-02 5.108726769685745239e-02 1.167601067572832108e-02 4.385314509272575378e-02 1.066303253173828125e-02 4.378348123282194138e-03 8.099813014268875122e-03 1.076391525566577911e-02 7.306822575628757477e-03 8.625679649412631989e-03 1.754337549209594727e-02 1.448604650795459747e-02 1.317552989348769188e-03 2.209251560270786285e-02 2.389549463987350464e-02 1.027023326605558395e-02 1.051695365458726883e-02 1.970116980373859406e-02 4.471770022064447403e-03 6.368290632963180542e-03 7.840522564947605133e-03 1.236258167773485184e-02 1.176985912024974823e-02 1.624440774321556091e-02 1.101354230195283890e-02 2.594070881605148315e-02 4.516179673373699188e-03 8.824899792671203613e-03 7.272081915289163589e-03 9.006605483591556549e-03 4.858549218624830246e-03 1.497049909085035324e-02 2.220379747450351715e-02 1.888307370245456696e-02 9.957791771739721298e-04 4.291826114058494568e-02 4.407909139990806580e-02 4.345242679119110107e-02 4.426307231187820435e-02 1.780627667903900146e-02 2.928361669182777405e-02 1.685432158410549164e-02 1.302305236458778381e-02 1.584884448675438762e-04 9.665192104876041412e-03 1.044859923422336578e-02 3.203709796071052551e-02 1.021557580679655075e-02 1.439400762319564819e-02 3.245764877647161484e-03 2.337283827364444733e-02 2.969285473227500916e-03 1.063062064349651337e-02 1.037966832518577576e-02 2.192403562366962433e-02 2.134117297828197479e-02 3.096129186451435089e-02 1.504613645374774933e-02 1.485429145395755768e-02 8.920024149119853973e-03 2.264570258557796478e-02 7.160103879868984222e-03 3.540281439200043678e-03 3.320226969663053751e-04 2.534119784832000732e-02 1.063975412398576736e-02 7.372854277491569519e-03 8.096906356513500214e-03 1.457561925053596497e-02 2.513526752591133118e-02 3.158284351229667664e-02 1.324911136180162430e-02 1.629344560205936432e-02 5.290622357279062271e-03 1.361747551709413528e-02 1.362594682723283768e-02 2.268955111503601074e-02 6.253302097320556641e-03 8.745239116251468658e-03 7.361412979662418365e-03 1.539045944809913635e-02 3.049643244594335556e-03 1.029218547046184540e-02 1.202150899916887283e-02 1.250484585762023926e-02 3.156417515128850937e-04 1.056500943377614021e-03 3.884257283061742783e-03 1.871666125953197479e-02 1.929694972932338715e-02 1.532476302236318588e-02 1.252698339521884918e-02 9.159659966826438904e-03 5.538349039852619171e-03 3.645279910415410995e-03 4.638162907212972641e-03 1.253208983689546585e-02 1.671286113560199738e-02 1.757446676492691040e-02 9.999174624681472778e-03 2.352001145482063293e-02 2.687143720686435699e-02 1.312654186040163040e-02 2.180383913218975067e-02 1.909019611775875092e-02 1.416407339274883270e-02 6.607115268707275391e-03
5.862450227141380310e-02 6.317073106765747070e-02 1.311686792178079486e-04 7.215772289782762527e-03 4.583041009027510881e-04 7.759951055049896240e-02 8.376325368881225586e-01 1.987536670640110970e-03 2.234208583831787109e-02 1.666188798844814301e-02 4.669741913676261902e-02 1.676698960363864899e-02 4.758586734533309937e-02 1.111764181405305862e-02 1.120306784287095070e-03 9.232604876160621643e-03 8.756828494369983673e-03 8.084041997790336609e-03 7.454841397702693939e-03 1.725853793323040009e-02 1.670574396848678589e-02 2.944008680060505867e-03 1.793358102440834045e-02 1.933477446436882019e-02 1.410521846264600754e-02 1.356980018317699432e-02 1.195114105939865112e-02 2.913936274126172066e-03 4.985564388334751129e-03 1.294717565178871155e-02 9.023109450936317444e-03 1.534563861787319183e-02 2.277539297938346863e-02 1.358103007078170776e-02 2.581816725432872772e-02 7.184532471001148224e-03 4.868120886385440826e-03 7.941495627164840698e-03 1.081702671945095062e-02 7.420084439218044281e-03 1.361276488751173019e-02 2.481277845799922943e-02 2.433625981211662292e-02 1.364029361866414547e-03 3.899962827563285828e-02 3.669533133506774902e-02 4.279067367315292358e-02 5.785853415727615356e-02 2.422659099102020264e-02 3.045293688774108887e-02 1.508019492030143738e-02 9.850290603935718536e-03 4.771395586431026459e-03 9.192472323775291443e-03 1.707981154322624207e-02 3.353515639901161194e-02 1.653685979545116425e-02 1.329425070434808731e-02 4.582275170832872391e-03 1.569915190339088440e-02 5.937898531556129456e-03 9.756455197930335999e-03 1.156371925026178360e-02 2.038212865591049194e-02 1.947823725640773773e-02 2.454627305269241333e-02 1.926413737237453461e-02 1.994320750236511230e-02 1.317475736141204834e-02 1.373737212270498276e-02 6.295945029705762863e-03 5.325898993760347366e-03 2.560093067586421967e-03 2.094831503927707672e-02 1.658211834728717804e-02 4.131191410124301910e-03 1.521158311516046524e-02 1.199361868202686310e-02 3.575522452592849731e-02 3.143582865595817566e-02 1.150435209274291992e-02 1.305005513131618500e-02 1.635932736098766327e-02 1.116397883743047714e-02 1.966305635869503021e-02 2.558615058660507202e-02 2.753990236669778824e-03 3.811024362221360207e-03 1.640709117054939270e-02 1.796862669289112091e-02 1.989338546991348267e-03 5.231353454291820526e-03 7.517699850723147392e-04 9.966643527150154114e-03 1.206959038972854614e-02 7.467845454812049866e-03 1.148177962750196457e-02 1.401239447295665741e-02 1.720572635531425476e-02 1.361121237277984619e-02 5.268156528472900391e-03 8.213176392018795013e-03 4.497902933508157730e-03 1.546405255794525146e-03 1.028962992131710052e-02 1.354132685810327530e-02 1.824817270971834660e-03 1.904932595789432526e-02 2.416630974039435387e-03 1.862768456339836121e-02 1.906380243599414825e-02 9.073107503354549408e-03 2.831776440143585205e-02 2.742424421012401581e-02 2.116044238209724426e-02 1.824428909458220005e-03
5.551220849156379700e-03 2.135526156052947044e-04 3.319911286234855652e-02 1.764511573128402233e-03 1.392605016008019447e-03 1.887034159153699875e-04 1.987536670640110970e-03 8.376325368881225586e-01 2.004514820873737335e-02 1.847222819924354553e-02 1.013064477592706680e-02 1.885576546192169189e-02 1.167579740285873413e-02 1.962401345372200012e-02 5.432125180959701538e-02 1.013189833611249924e-02 1.622472330927848816e-02 1.385928504168987274e-02 3.820452140644192696e-03 1.007405109703540802e-02 1.129791140556335449e-02 2.372069098055362701e-02 1.855799369513988495e-02 1.832271367311477661e-02 1.677026040852069855e-02 6.768564227968454361e-03 2.130450308322906494e-02 2.026328444480895996e-02 1.245454233139753342e-02 1.035357173532247543e-02 7.126425392925739288e-03 1.650741323828697205e-02 1.017734315246343613e-02 1.624006219208240509e-02 1.628533378243446350e-02 1.923087239265441895e-02 2.524970844388008118e-02 1.835591718554496765e-02 1.531158946454524994e-02 1.136870495975017548e-02 2.440623752772808075e-02 2.369669452309608459e-02 2.063026465475559235e-02 1.449644193053245544e-02 4.885992966592311859e-04 8.512562140822410583e-03 4.300576169043779373e-03 2.859799889847636223e-03 1.494969241321086884e-02 2.306624781340360641e-03 1.855234801769256592e-02 2.903835475444793701e-02 1.822230778634548187e-02 2.413485012948513031e-02 1.619835011661052704e-02 1.487203291617333889e-03 8.375596255064010620e-03 7.665533572435379028e-03 6.371421739459037781e-03 2.000060491263866425e-02 1.339891552925109863e-02 8.242089301347732544e-03 4.986487329006195068e-03 4.444224294275045395e-03 1.198630779981613159e-02 1.344341039657592773e-02 1.273626182228326797e-02 5.898621864616870880e-03 1.148192398250102997e-02 2.586222440004348755e-02 9.173067286610603333e-03 1.082670968025922775e-02 6.413002964109182358e-03 2.312636747956275940e-02 8.585711941123008728e-03 1.691899076104164124e-02 1.550254505127668381e-02 1.931397058069705963e-02 6.615543738007545471e-03 1.091046910732984543e-02 5.700915306806564331e-02 3.851236402988433838e-02 6.815018597990274429e-03 4.400722216814756393e-03 7.626592181622982025e-03 8.591019548475742340e-03 5.093691125512123108e-02 4.157536476850509644e-02 1.257383264601230621e-02 1.038982253521680832e-02 4.801617469638586044e-03 2.213284932076931000e-02 5.196855869144201279e-03 2.065506018698215485e-02 1.005999278277158737e-02 1.842182129621505737e-02 2.017019689083099365e-02 8.115877397358417511e-03 1.775874197483062744e-02 2.531245909631252289e-02 2.291524223983287811e-02 2.264829911291599274e-02 3.327635303139686584e-02 2.038161829113960266e-02 1.673083379864692688e-02 2.550003118813037872e-02 2.336133643984794617e-02 1.282131392508745193e-02 3.140997886657714844e-02 1.237921789288520813e-02 7.091500330716371536e-03 2.833805792033672333e-02 1.444068644195795059e-02 1.937270537018775940e-02 3.859920543618500233e-04 7.844251580536365509e-03
1.797593384981155396e-02 1.833214983344078064e-02 1.808306435123085976e-03 7.152174599468708038e-03 8.904651738703250885e-03 1.615222357213497162e-02 2.234208583831787109e-02 2.004514820873737335e-02 8.376325368881225586e-01 4.923225194215774536e-02 1.232910621911287308e-02 3.907619416713714600e-02 2.018277719616889954e-02 2.607022970914840698e-02 6.738256197422742844e-04 2.988331951200962067e-02 3.081315755844116211e-02 4.284016042947769165e-02 1.014828449115157127e-03 1.418482977896928787e-02 1.482227724045515060e-02 2.460455871187150478e-04 3.534638509154319763e-02 3.610635176301002502e-02 1.349835284054279327e-02 3.950743004679679871e-03 8.172048255801200867e-03 1.375841815024614334e-02 3.947040066123008728e-03 1.097861677408218384e-02 2.296861959621310234e-03 2.851583808660507202e-02 1.916133239865303040e-02 2.102973498404026031e-02 1.865036040544509888e-02 2.734664827585220337e-02 1.593218557536602020e-02 1.768108340911567211e-03 9.729853831231594086e-03 1.083909813314676285e-02 5.176146514713764191e-03 3.663876652717590332e-02 2.748187258839607239e-02 5.808068905025720596e-03 2.959846332669258118e-02 1.407293137162923813e-02 2.170069329440593719e-02 3.389724716544151306e-02 2.988839335739612579e-02 1.974224299192428589e-02 1.019472535699605942e-02 7.054512389004230499e-03 9.546821936964988708e-03 3.716408042237162590e-03 4.713998362421989441e-02 1.823182404041290283e-02 1.911593414843082428e-02 1.470852759666740894e-03 9.454816579818725586e-03 8.441488258540630341e-03 3.583120554685592651e-02 1.011348888278007507e-02 1.197444740682840347e-03 3.713276237249374390e-03 6.590850651264190674e-03 1.450505224056541920e-03 1.249208673834800720e-02 1.317802071571350098e-02 4.206353798508644104e-02 1.786758541129529476e-03 2.465314976871013641e-02 1.296033803373575211e-02 2.678781282156705856e-03 3.095185849815607071e-03 5.945644807070493698e-03 9.100749157369136810e-03 6.757289171218872070e-02 4.630286991596221924e-02 4.897508397698402405e-02 2.653186582028865814e-02 1.018850971013307571e-02 2.354166470468044281e-03 3.620667383074760437e-02 2.161005325615406036e-02 2.012123353779315948e-02 2.638950943946838379e-02 3.724759910255670547e-03 2.633173251524567604e-03 3.673964738845825195e-02 1.114043593406677246e-02 3.036229871213436127e-03 9.216859005391597748e-03 2.161372825503349304e-02 5.933778593316674232e-04 8.744249120354652405e-03 9.624608792364597321e-03 8.819063194096088409e-03 1.043667737394571304e-02 4.147282615303993225e-02 3.411851450800895691e-02 2.048118412494659424e-02 1.897797919809818268e-02 5.717838648706674576e-03 7.034047972410917282e-03 1.414450444281101227e-02 9.334485046565532684e-03 2.014898695051670074e-02 1.708109304308891296e-02 1.413229014724493027e-02 1.607899786904454231e-03 1.050252700224518776e-03 9.892857633531093597e-03 1.436445955187082291e-02 1.909783668816089630e-02 2.025212720036506653e-02 5.298276897519826889e-03
1.315256394445896149e-02 1.386116910725831985e-02 1.478875288739800453e-03 1.915444736368954182e-03 5.173542071133852005e-03 1.879101432859897614e-02 1.666188798844814301e-02 1.847222819924354553e-02 4.923225194215774536e-02 8.376325368881225586e-01 9.038837626576423645e-03 3.718831017613410950e-02 1.199690718203783035e-02 4.097089171409606934e-02 6.751672481186687946e-04 2.172852121293544769e-02 2.474601194262504578e-02 2.685199119150638580e-02 2.887639030814170837e-02 2.296690456569194794e-02 2.176922559738159180e-02 1.620830618776381016e-03 3.132130578160285950e-02 3.799842298030853271e-02 2.564073167741298676e-02 1.463630329817533493e-02 2.780307317152619362e-03 7.200080901384353638e-03 2.141029573976993561e-02 1.740136742591857910e-02 1.064788363873958588e-02 2.664020098745822906e-02 2.082502469420433044e-02 2.465559914708137512e-02 1.483418885618448257e-02 5.318621639162302017e-03 6.213176995515823364e-03 1.321919541805982590e-02 9.191193967126309872e-04 5.760274143540300429e-05 1.707768416963517666e-03 4.037837684154510498e-02 3.306620940566062927e-02 8.021408692002296448e-03 3.055623173713684082e-02 2.973832003772258759e-02 5.509931594133377075e-03 1.658586785197257996e-02 2.904356271028518677e-02 3.113473951816558838e-02 7.051457185298204422e-03 6.797761656343936920e-03 2.562587149441242218e-03 6.920266430824995041e-03 3.942833840847015381e-02 2.285857498645782471e-02 1.951124891638755798e-02 8.153497241437435150e-03 4.216725472360849380e-03 9.906140156090259552e-03 3.244615346193313599e-02 2.442311495542526245e-02 3.629701444879174232e-03 4.570111632347106934e-03 1.521297614090144634e-03 4.875908140093088150e-03 2.000177092850208282e-02 1.819117739796638489e-02 3.475379571318626404e-02 1.949972938746213913e-03 3.038081154227256775e-02 9.629494161345064640e-04 1.299943192861974239e-03 5.997341126203536987e-03 1.221464044647291303e-04 6.877360399812459946e-03 4.307589679956436157e-02 6.083468720316886902e-02 3.893690928816795349e-02 4.930961877107620239e-02 1.459080446511507034e-02 8.322115987539291382e-03 1.716591045260429382e-02 2.994565293192863464e-02 1.803587190806865692e-02 3.618986532092094421e-02 1.471454306738451123e-04 1.741250307532027364e-04 2.111528813838958740e-02 2.934850193560123444e-02 1.963583938777446747e-02 4.678026307374238968e-03 2.910633804276585579e-03 8.465248160064220428e-03 1.198106631636619568e-02 7.351758889853954315e-03 1.163301896303892136e-02 1.453677378594875336e-02 2.982156910002231598e-02 2.511682733893394470e-02 1.827099919319152832e-02 1.786660216748714447e-02 9.156689979135990143e-03 9.925059042870998383e-03 1.212035538628697395e-03 1.182773243635892868e-02 1.838675327599048615e-02 1.344897318631410599e-02 2.065431699156761169e-02 2.230857353424653411e-04 4.197148140519857407e-03 4.942282103002071381e-03 2.558454498648643494e-02 2.285822294652462006e-02 2.529921941459178925e-02 9.658013470470905304e-03
7.351835072040557861e-02 6.519686430692672729e-02 4.357336089015007019e-03 8.940679021179676056e-03 4.954028408974409103e-04 5.108726769685745239e-02 4.669741913676261902e-02 1.013064477592706680e-02 1.232910621911287308e-02 9.038837626576423645e-03 8.376325368881225586e-01 2.232056483626365662e-02 7.533016055822372437e-02 1.470355596393346786e-02 1.678660139441490173e-02 1.374532934278249741e-02 2.073004841804504395e-02 6.134066265076398849e-03 4.336342215538024902e-03 1.217926014214754105e-02 1.246447488665580750e-02 3.534716321155428886e-03 2.193440310657024384e-02 1.964921317994594574e-02 8.532936684787273407e-03 6.389138754457235336e-03 3.214154765009880066e-02 2.020521275699138641e-02 5.736615043133497238e-03 2.318211458623409271e-02 7.860717363655567169e-03 1.625745929777622223e-02 1.133317034691572189e-02 1.853998005390167236e-02 1.589898765087127686e-02 8.348053321242332458e-03 1.037117652595043182e-02 1.335324626415967941e-02 6.963647902011871338e-03 1.329856738448143005e-02 4.692002665251493454e-03 1.444740127772092819e-02 5.862821824848651886e-03 7.141244597733020782e-03 2.049361914396286011e-02 2.886009775102138519e-02 4.513153433799743652e-02 3.568689152598381042e-02 2.012451551854610443e-02 2.683525346219539642e-02 1.372498553246259689e-02 9.293462149798870087e-03 5.231528542935848236e-03 1.215799804776906967e-02 1.829661615192890167e-02 1.930232346057891846e-02 1.100967265665531158e-02 1.359503436833620071e-02 7.393046747893095016e-03 4.139650147408246994e-03 1.590927876532077789e-02 8.544985204935073853e-03 4.637664649635553360e-03 1.030925940722227097e-02 8.480587974190711975e-03 8.972748182713985443e-03 1.297932118177413940e-02 1.479769404977560043e-02 1.747889444231987000e-02 1.209072303026914597e-02 1.927095279097557068e-02 5.945061799138784409e-03 1.516368612647056580e-02 2.186612039804458618e-02 1.789463683962821960e-02 4.999933764338493347e-03 9.303780272603034973e-03 1.165303494781255722e-02 1.631015539169311523e-02 1.850650273263454437e-02 5.254691932350397110e-03 9.525276720523834229e-03 1.077821664512157440e-02 3.960795234888792038e-03 2.122230082750320435e-02 2.708966843783855438e-02 1.777926273643970490e-02 1.038073282688856125e-02 2.152644284069538116e-02 1.862340793013572693e-02 2.521918155252933502e-02 1.220279280096292496e-02 1.067193318158388138e-02 2.335177967324852943e-03 6.915079429745674133e-03 1.857493072748184204e-02 6.287843454629182816e-03 1.581037417054176331e-02 1.357286330312490463e-02 8.749971166253089905e-03 1.383715402334928513e-02 1.547877117991447449e-02 1.798061886802315712e-03 6.124683190137147903e-03 6.989561021327972412e-03 9.361834265291690826e-03 1.946797012351453304e-03 2.090207068249583244e-03 5.640882533043622971e-03 1.765904016792774200e-02 1.051262393593788147e-02 2.241523005068302155e-03 8.083003573119640350e-03 1.005617901682853699e-02 5.351755302399396896e-03 7.011574227362871170e-03
2.794091776013374329e-02 2.590293250977993011e-02 1.739362441003322601e-02 4.511018749326467514e-03 1.089210528880357742e-02 1.167601067572832108e-02 1.676698960363864899e-02 1.885576546192169189e-02 3.907619416713714600e-02 3.718831017613410950e-02 2.232056483626365662e-02 8.376325368881225586e-01 2.221384458243846893e-02 5.942980945110321045e-02 5.676428321748971939e-03 2.577454783022403717e-02 2.515018172562122345e-02 3.017273172736167908e-02 1.070784404873847961e-02 2.695606835186481476e-02 2.447927370667457581e-02 7.629159837961196899e-03 3.906596079468727112e-02 4.025449976325035095e-02 3.198565170168876648e-02 2.269784919917583466e-02 5.303970538079738617e-03 3.581003844738006592e-02 9.937773458659648895e-03 3.569781780242919922e-02 3.377352375537157059e-03 3.055647760629653931e-02 2.595897205173969269e-02 2.542996034026145935e-02 2.181615121662616730e-02 1.495919656008481979e-02 1.265019830316305161e-02 7.045663427561521530e-03 3.232074435800313950e-03 1.448195427656173706e-02 3.649815451353788376e-03 2.444309927523136139e-02 1.729522086679935455e-02 2.843590918928384781e-04 3.410337120294570923e-02 2.781979925930500031e-02 1.243396755307912827e-02 2.024931274354457855e-02 2.780604362487792969e-02 1.877981051802635193e-02 1.931691356003284454e-02 1.892887614667415619e-02 6.838317494839429855e-03 3.435802645981311798e-03 3.029443323612213135e-02 1.186710037291049957e-02 2.737429365515708923e-02 2.233212999999523163e-02 2.023236826062202454e-03 1.291749253869056702e-02 2.406868711113929749e-02 1.173734292387962341e-02 2.444296842440962791e-04 9.821247309446334839e-03 5.165014415979385376e-03 4.638681188225746155e-03 2.691208571195602417e-02 2.164121903479099274e-02 3.164869174361228943e-02 6.482388824224472046e-03 2.777473255991935730e-02 7.705352269113063812e-03 2.211445011198520660e-03 2.046324312686920166e-03 1.437745639123022556e-03 4.053704906255006790e-03 3.487992659211158752e-02 3.728755563497543335e-02 3.418457135558128357e-02 3.136912733316421509e-02 9.428304620087146759e-03 1.097385678440332413e-02 1.185091957449913025e-02 2.616709331050515175e-03 3.300175443291664124e-02 4.297477379441261292e-02 8.206908591091632843e-03 3.361521987244486809e-03 3.502121195197105408e-02 2.904239855706691742e-02 1.319584809243679047e-02 1.428881194442510605e-02 5.866945721209049225e-04 1.145336311310529709e-02 1.417109929025173187e-02 1.072047045454382896e-03 4.126243293285369873e-03 3.914759028702974319e-03 2.267666906118392944e-02 1.998447068035602570e-02 2.536259777843952179e-02 2.476620674133300781e-02 5.467451177537441254e-03 5.440814886242151260e-03 1.085608173161745071e-02 1.080654747784137726e-02 1.970392279326915741e-02 3.959697671234607697e-03 2.575515583157539368e-02 9.490692056715488434e-03 1.509480760432779789e-03 6.295874714851379395e-03 1.898507215082645416e-02 2.286247536540031433e-02 1.290542632341384888e-02 1.041103713214397430e-02
5.594582855701446533e-02 6.833999603986740112e-02 5.014159251004457474e-03 7.778132800012826920e-03 5.385210737586021423e-03 4.385314509272575378e-02 4.758586734533309937e-02 1.167579740285873413e-02 2.018277719616889954e-02 1.199690718203783035e-02 7.533016055822372437e-02 2.221384458243846893e-02 8.376325368881225586e-01 1.118662115186452866e-02 2.682822197675704956e-02 1.297384500503540039e-02 1.111833937466144562e-02 2.304245717823505402e-02 8.149073459208011627e-03 1.180929876863956451e-02 1.113840285688638687e-02 9.885251522064208984e-03 2.148161083459854126e-02 2.063477411866188049e-02 7.364267017692327499e-03 6.003274116665124893e-03 1.648025959730148315e-02 2.221857570111751556e-02 4.974218609277158976e-05 2.477677538990974426e-02 5.859266384504735470e-04 1.894077099859714508e-02 1.788623817265033722e-02 2.229777164757251740e-02 1.570456661283969879e-02 2.271719044074416161e-03 2.509971149265766144e-03 3.174852812662720680e-03 1.792580634355545044e-02 2.293102070689201355e-02 1.786504755727946758e-03 1.487014070153236389e-02 9.713595733046531677e-03 5.310682579874992371e-03 2.510130032896995544e-02 2.422530204057693481e-02 3.336146846413612366e-02 4.091822728514671326e-02 1.895815692842006683e-02 3.031622245907783508e-02 1.218259427696466446e-02 1.026379503309726715e-02 7.765810005366802216e-03 2.453830093145370483e-02 2.263996750116348267e-02 2.359946630895137787e-02 5.967712495476007462e-03 6.406584288924932480e-03 1.151896547526121140e-02 1.233772374689579010e-02 1.844519376754760742e-02 1.394580863416194916e-02 9.883095510303974152e-03 1.169416867196559906e-02 1.551479217596352100e-03 7.070868741720914841e-03 1.261360757052898407e-02 1.809082552790641785e-02 1.896039210259914398e-02 1.336010522209107876e-03 1.502781640738248825e-02 2.098271623253822327e-03 1.724094711244106293e-02 5.663157440721988678e-03 3.632579697296023369e-03 1.041668280959129333e-02 1.651659794151782990e-02 9.003978222608566284e-03 2.828629873692989349e-02 2.501177415251731873e-02 1.080581359565258026e-02 2.135891467332839966e-03 2.138559147715568542e-02 6.291291676461696625e-03 1.834928058087825775e-02 2.531676180660724640e-02 2.437124587595462799e-02 2.606014907360076904e-02 2.411117032170295715e-02 1.670219562947750092e-02 1.995009928941726685e-02 1.506112143397331238e-02 1.610153540968894958e-02 1.940976642072200775e-02 1.096572540700435638e-02 8.494099893141537905e-05 8.266615681350231171e-03 6.692902650684118271e-03 1.151562482118606567e-02 9.601928293704986572e-03 5.003058817237615585e-03 1.038355473428964615e-02 2.673113485798239708e-03 1.091115362942218781e-02 1.410785038024187088e-02 1.110420748591423035e-02 3.436804283410310745e-03 3.777077188715338707e-03 6.287548691034317017e-03 6.867105141282081604e-03 8.448695763945579529e-03 1.740335952490568161e-03 7.242444436997175217e-03 1.479259599000215530e-02 5.650376901030540466e-03 1.245149038732051849e-02
