8.353611230850219727e-01 8.970552682876586914e-02 1.565486192703247070e-02 3.937069850508123636e-04 2.221107017248868942e-03 8.024382591247558594e-02 6.151402741670608521e-02 1.528044603765010834e-02 1.402446627616882324e-02 1.986888609826564789e-02 6.186300888657569885e-02 2.140074968338012695e-02 5.533722043037414551e-02 2.758817374706268311e-02 2.866820804774761200e-02 3.014462441205978394e-02 2.864550054073333740e-02 2.514468692243099213e-02 4.322271328419446945e-03 2.802520617842674255e-02 3.070229431614279747e-03 2.719822525978088379e-02 2.098895050585269928e-02 1.709154061973094940e-02 1.827134750783443451e-02 2.431619912385940552e-02 1.067672669887542725e-02 1.954898424446582794e-02 3.902187570929527283e-03 1.435309089720249176e-02 9.447669610381126404e-03 1.891518756747245789e-02 2.012031897902488708e-02 1.505788415670394897e-02 2.084699273109436035e-02 5.888353101909160614e-03 8.466139435768127441e-03 1.360193546861410141e-02 2.022765018045902252e-02 1.473285816609859467e-02 9.327865554951131344e-04 1.549255382269620895e-02 8.205085759982466698e-04 1.490651722997426987e-02 9.198596701025962830e-03 5.388815188780426979e-04 7.677977532148361206e-02 4.512384533882141113e-02 7.664519944228231907e-04 7.099034264683723450e-03 1.636098138988018036e-02 1.367640070384368300e-04 1.371088810265064240e-02 1.075612567365169525e-02 1.993262581527233124e-02 1.218712329864501953e-02 2.260345779359340668e-02 1.286740694195032120e-02 1.878478936851024628e-02 1.532227173447608948e-02 2.730949409306049347e-02 2.054319903254508972e-02 5.498971324414014816e-03 5.965190008282661438e-03 1.806848123669624329e-02 1.953962026163935661e-03 1.439897459931671619e-03 5.263017490506172180e-03 2.038433030247688293e-02 6.650340277701616287e-03 1.367642171680927277e-02 1.128210220485925674e-02 1.335491426289081573e-02 3.557402407750487328e-03 1.984973065555095673e-02 9.905683808028697968e-03 8.945305831730365753e-03 1.163625344634056091e-02 1.086522638797760010e-02 2.371007809415459633e-03 1.595334894955158234e-02 2.206339314579963684e-02 2.822131663560867310e-02 1.289642322808504105e-02 2.300975378602743149e-03 1.472219708375632763e-03 2.781705744564533234e-02 1.705185323953628540e-02 9.958258830010890961e-03 1.005471497774124146e-02 2.529391087591648102e-02 2.123965322971343994e-02 7.556231226772069931e-03 9.747485630214214325e-03 1.904582604765892029e-02 1.854383200407028198e-02 5.559503566473722458e-03 3.977403510361909866e-03 1.992226578295230865e-03 3.287690924480557442e-03 1.114914100617170334e-02 1.150458678603172302e-02 1.489453599788248539e-03 6.701142992824316025e-03 4.131652880460023880e-03 3.884438658133149147e-03 9.137614630162715912e-03 1.059152465313673019e-02 1.489952020347118378e-02 1.532803941518068314e-02 4.273944359738379717e-04 1.439954526722431183e-02 1.717331260442733765e-02 6.571478676050901413e-03 2.985740080475807190e-03 1.223036646842956543e-02
8.970552682876586914e-02 8.353611230850219727e-01 8.927111513912677765e-03 1.136784255504608154e-02 9.718497283756732941e-03 8.034297823905944824e-02 6.584902852773666382e-02 1.180251128971576691e-02 1.625170744955539703e-02 1.961364224553108215e-02 5.483788624405860901e-02 2.173017896711826324e-02 6.244063377380371094e-02 3.199990093708038330e-02 2.733274549245834351e-02 2.697746828198432922e-02 2.729937992990016937e-02 1.416746061295270920e-02 2.004539564950391650e-04 2.765330299735069275e-02 1.337520498782396317e-02 2.495457604527473450e-02 1.940254308283329010e-02 1.463574636727571487e-02 1.651390455663204193e-02 3.456797450780868530e-02 8.190402761101722717e-03 2.135990746319293976e-02 1.185540109872817993e-03 1.994244940578937531e-02 6.400464102625846863e-03 1.645144075155258179e-02 1.372742094099521637e-02 1.208731159567832947e-02 1.646937429904937744e-02 8.606822229921817780e-03 6.613702978938817978e-03 1.576814986765384674e-02 2.375343814492225647e-02 1.995825022459030151e-02 2.668214961886405945e-03 1.766501367092132568e-02 5.397595930844545364e-03 8.225462399423122406e-03 9.553560055792331696e-03 3.924429882317781448e-03 7.377298921346664429e-02 5.709613114595413208e-02 5.944652017205953598e-03 5.614886526018381119e-03 1.963396556675434113e-02 2.227910095825791359e-03 6.060858257114887238e-03 2.092763781547546387e-02 1.455166749656200409e-02 1.047591958194971085e-02 1.534274965524673462e-02 1.365499291568994522e-02 8.730980567634105682e-03 1.675842702388763428e-02 1.289151143282651901e-02 5.085457116365432739e-03 4.492866806685924530e-03 4.635547287762165070e-03 1.383591443300247192e-02 3.490533679723739624e-03 2.368554938584566116e-03 1.777677214704453945e-03 1.384848076850175858e-02 5.137718748301267624e-03 1.059395354241132736e-02 1.263794209808111191e-02 2.182688796892762184e-03 5.853546099388040602e-05 1.283957716077566147e-02 7.462146691977977753e-03 5.741598550230264664e-03 1.135085802525281906e-02 1.466521527618169785e-02 2.809313125908374786e-03 1.212130486965179443e-02 2.062162198126316071e-02 2.449274063110351562e-02 9.677289053797721863e-03 1.875085639767348766e-03 1.373834675177931786e-03 2.214262634515762329e-02 1.317780744284391403e-02 1.068596076220273972e-02 1.266581472009420395e-02 2.423289790749549866e-02 1.617747358977794647e-02 1.753474585711956024e-02 6.695537362247705460e-03 2.037198655307292938e-02 1.752592436969280243e-02 4.291969351470470428e-03 2.903632121160626411e-03 2.920377533882856369e-03 3.737041959539055824e-03 1.725899800658226013e-02 1.703676767647266388e-02 2.403705380856990814e-03 1.055796863511204720e-03 3.342240117490291595e-03 1.929549151100218296e-03 1.649918779730796814e-02 1.562753343023359776e-03 1.736910454928874969e-02 1.595441438257694244e-02 6.628817413002252579e-03 1.236308738589286804e-02 1.527811773121356964e-02 1.700290711596608162e-03 7.542476058006286621e-03 1.773219369351863861e-02
1.565486192703247070e-02 8.927111513912677765e-03 8.353611230850219727e-01 9.758482687175273895e-03 1.732181198894977570e-02 1.570866006659343839e-04 1.179305254481732845e-03 5.431910604238510132e-02 1.841958612203598022e-02 4.383420106023550034e-03 2.742878347635269165e-02 1.180941006168723106e-03 5.771494936197996140e-03 1.420770306140184402e-03 1.879143528640270233e-02 4.343662876635789871e-03 9.942070581018924713e-03 4.558005370199680328e-03 1.130341086536645889e-02 2.128530852496623993e-02 1.628920063376426697e-02 2.255627186968922615e-03 1.800302043557167053e-02 1.962547376751899719e-02 2.162302611395716667e-03 5.980694666504859924e-03 1.435562502592802048e-02 1.114625949412584305e-02 7.739906199276447296e-03 1.454766932874917984e-02 1.730879303067922592e-03 2.272515185177326202e-02 2.769254520535469055e-02 1.443434506654739380e-02 4.315435886383056641e-02 2.773770596832036972e-03 7.645979057997465134e-03 4.193617962300777435e-03 3.446635976433753967e-02 9.068877436220645905e-03 6.613618694245815277e-03 3.929625672753900290e-04 9.698956273496150970e-03 2.823553420603275299e-02 2.904443070292472839e-03 9.484380483627319336e-03 7.700154092162847519e-03 5.417594686150550842e-03 1.677319221198558807e-02 8.694810792803764343e-03 4.661592189222574234e-03 1.230887137353420258e-04 1.789995282888412476e-02 1.678478345274925232e-02 1.772079989314079285e-02 9.606924839317798615e-03 1.831951900385320187e-03 7.768983487039804459e-03 4.777481779456138611e-02 2.828827314078807831e-02 1.226442400366067886e-02 1.426515751518309116e-03 9.784224443137645721e-03 2.785097062587738037e-02 2.965989708900451660e-02 2.149983681738376617e-02 1.483548618853092194e-02 1.643890328705310822e-02 7.646721205674111843e-04 1.243332587182521820e-02 3.709095995873212814e-03 1.703581190668046474e-03 5.986408796161413193e-03 1.964090205729007721e-02 2.624045358970761299e-03 2.060092613101005554e-02 3.761467756703495979e-03 2.348972251638770103e-03 8.542029187083244324e-03 1.622348558157682419e-03 8.298325538635253906e-02 7.648659497499465942e-02 7.206480484455823898e-03 9.367359452880918980e-04 2.633028198033571243e-03 7.273528026416897774e-04 5.907179787755012512e-02 5.160867795348167419e-02 5.842365790158510208e-03 3.580070100724697113e-03 8.977475576102733612e-03 2.183801494538784027e-02 6.156297749839723110e-04 3.010030649602413177e-02 1.381891546770930290e-03 8.495696820318698883e-03 2.726642414927482605e-03 1.454110164195299149e-02 7.533757947385311127e-03 4.774209577590227127e-03 1.510707661509513855e-02 1.180389150977134705e-02 4.112673923373222351e-03 1.944912038743495941e-02 4.385996982455253601e-02 3.468588367104530334e-02 1.670036092400550842e-02 2.689531072974205017e-02 1.502761803567409515e-02 1.705762743949890137e-02 7.628207094967365265e-03 2.412437088787555695e-02 2.280854154378175735e-03 1.916636247187852859e-03 4.862893372774124146e-03 5.658600945025682449e-03
3.937069850508123636e-04 1.136784255504608154e-02 9.758482687175273895e-03 8.353611230850219727e-01 8.373075723648071289e-02 1.182187441736459732e-02 3.351044654846191406e-02 4.406091757118701935e-03 3.054679557681083679e-02 1.528203766793012619e-02 1.331966370344161987e-03 1.575428806245326996e-02 1.314219832420349121e-02 1.464436203241348267e-02 8.684317581355571747e-03 1.756747998297214508e-02 2.467511221766471863e-02 3.905327618122100830e-02 1.876140013337135315e-02 2.320714294910430908e-02 2.250769734382629395e-02 2.148934407159686089e-03 5.280565470457077026e-03 5.775350145995616913e-03 1.768061518669128418e-02 1.269253902137279510e-02 8.679138496518135071e-03 3.881002543494105339e-03 1.578475534915924072e-02 5.177909042686223984e-03 5.758394952863454819e-03 1.033025979995727539e-02 2.093067765235900879e-02 2.394598349928855896e-02 2.641450427472591400e-02 6.377206183969974518e-03 1.436977647244930267e-02 1.074285898357629776e-02 5.579194519668817520e-03 5.803401116281747818e-03 1.856025191955268383e-03 3.050362318754196167e-02 6.616986356675624847e-03 1.250839442946016788e-03 2.977280691266059875e-02 7.149918237701058388e-04 1.516495738178491592e-02 1.364477351307868958e-02 3.042340278625488281e-02 1.311898231506347656e-02 2.398560056462883949e-03 1.645428314805030823e-02 2.979905717074871063e-02 1.720199920237064362e-02 2.552018128335475922e-02 1.672132313251495361e-02 2.442147023975849152e-02 1.521902810782194138e-02 4.094970971345901489e-02 9.427618235349655151e-03 4.811617732048034668e-02 1.529078371822834015e-02 4.288584366440773010e-02 3.926928341388702393e-02 2.660626918077468872e-02 3.295008791610598564e-03 1.719916798174381256e-02 1.841860450804233551e-02 1.305416971445083618e-02 1.035496965050697327e-02 8.070411160588264465e-03 1.869751024059951305e-03 6.637746095657348633e-02 1.685659750364720821e-03 3.526021167635917664e-02 1.237297151237726212e-02 4.962475225329399109e-02 1.360403723083436489e-03 2.903418242931365967e-02 1.057027745991945267e-02 2.932853298261761665e-03 4.202924668788909912e-03 2.133812569081783295e-02 2.511996589601039886e-02 9.593502618372440338e-03 1.057914830744266510e-02 2.298443811014294624e-03 3.127804491668939590e-03 2.811888977885246277e-02 1.225438318215310574e-03 2.006232365965843201e-02 5.252495175227522850e-04 4.494799650274217129e-04 1.798703218810260296e-03 1.007254421710968018e-02 1.669517159461975098e-02 5.547588225454092026e-03 3.360319649800658226e-03 2.636869996786117554e-02 2.478562062606215477e-03 1.658385060727596283e-02 2.029632590711116791e-02 7.938984781503677368e-04 8.331167511641979218e-03 1.716951257549226284e-03 1.771714724600315094e-02 2.937408722937107086e-02 4.102005809545516968e-02 2.279384247958660126e-02 2.759296819567680359e-02 2.066030399873852730e-03 5.186465103179216385e-03 2.045389730483293533e-03 6.005991715937852859e-03 1.996716298162937164e-02 3.186051733791828156e-03
2.221107017248868942e-03 9.718497283756732941e-03 1.732181198894977570e-02 8.373075723648071289e-02 8.353611230850219727e-01 9.763532318174839020e-03 2.734239585697650909e-02 2.115121809765696526e-03 2.051228843629360199e-02 2.411982510238885880e-03 9.629188105463981628e-03 1.967621594667434692e-02 1.096027716994285583e-02 7.971617160364985466e-04 6.280773319303989410e-03 1.133877690881490707e-02 1.358113996684551239e-02 3.132104873657226562e-02 3.036940656602382660e-02 1.552591193467378616e-02 2.354365959763526917e-02 1.632036990486085415e-03 1.491537131369113922e-02 5.482564680278301239e-03 1.497383601963520050e-02 8.374510332942008972e-03 1.622509211301803589e-03 9.019764140248298645e-03 1.617259345948696136e-02 2.887971932068467140e-03 8.086243644356727600e-03 1.437864080071449280e-02 8.869386278092861176e-03 1.782819814980030060e-02 3.213284164667129517e-02 5.640662275254726410e-03 8.370121940970420837e-03 1.231357641518115997e-02 1.217750925570726395e-02 2.899529412388801575e-03 1.515230687800794840e-04 1.669573225080966949e-02 1.124126464128494263e-02 3.253517672419548035e-03 2.248456515371799469e-02 6.342706736177206039e-03 1.294759288430213928e-02 1.455621421337127686e-02 2.714135497808456421e-02 9.001282043755054474e-03 1.653491519391536713e-02 1.455898955464363098e-02 3.511224314570426941e-02 7.373528089374303818e-03 1.746292971074581146e-02 3.260579891502857208e-03 2.815841138362884521e-02 3.554392978549003601e-02 3.790241852402687073e-02 8.911232464015483856e-03 3.877878934144973755e-02 2.617854811251163483e-02 3.620747104287147522e-02 4.390557110309600830e-02 2.480735443532466888e-02 1.275746733881533146e-03 2.174112945795059204e-02 2.153662592172622681e-02 1.849668286740779877e-02 1.155948452651500702e-02 2.733786404132843018e-02 7.119255606085062027e-03 5.524115264415740967e-02 8.044523419812321663e-04 4.406871646642684937e-02 9.263555402867496014e-04 3.408195450901985168e-02 1.416311319917440414e-02 2.603288367390632629e-02 9.021580219268798828e-03 1.536812284030020237e-03 5.579192657023668289e-03 1.655923202633857727e-02 3.249189257621765137e-02 1.166502386331558228e-02 1.044684182852506638e-02 8.301155641674995422e-03 5.747252143919467926e-03 3.049797378480434418e-02 1.753351651132106781e-02 2.084504999220371246e-02 4.371659888420253992e-04 1.258847885765135288e-03 5.662309704348444939e-04 7.973271422088146210e-03 1.265830360352993011e-02 1.094541233032941818e-02 9.503157809376716614e-03 1.343433652073144913e-02 4.142932593822479248e-03 2.514438144862651825e-02 2.401551790535449982e-02 1.054492313414812088e-02 2.356815896928310394e-02 1.009748689830303192e-02 1.095510274171829224e-02 3.858461603522300720e-02 3.979316726326942444e-02 2.264150232076644897e-02 3.066718950867652893e-02 6.570652592927217484e-03 4.509950522333383560e-03 1.403947919607162476e-02 1.335870381444692612e-02 1.463043503463268280e-02 8.194619789719581604e-03
8.024382591247558594e-02 8.034297823905944824e-02 1.570866006659343839e-04 1.182187441736459732e-02 9.763532318174839020e-03 8.353611230850219727e-01 7.717766612768173218e-02 3.442849265411496162e-03 1.662257313728332520e-02 1.737662591040134430e-02 4.051177948713302612e-02 4.343050718307495117e-02 4.851045459508895874e-02 4.904980584979057312e-02 1.620435528457164764e-02 2.466650865972042084e-02 3.000132553279399872e-02 6.032763049006462097e-03 3.309121588245034218e-03 2.049772813916206360e-02 3.483695909380912781e-03 1.652613468468189240e-02 2.272681705653667450e-02 2.503884397447109222e-02 1.735149510204792023e-02 4.171194508671760559e-02 1.597705180756747723e-03 5.674415454268455505e-02 1.070263329893350601e-02 4.736476391553878784e-02 1.574230991536751390e-04 4.287964664399623871e-03 1.335488352924585342e-02 2.649378264322876930e-03 1.720296964049339294e-02 1.664276048541069031e-02 2.197167603299021721e-03 2.168558351695537567e-02 1.181025523692369461e-02 1.353513170033693314e-02 5.174989346414804459e-03 1.354640815407037735e-02 1.349048339761793613e-03 1.586015895009040833e-02 1.013386901468038559e-02 3.849983448162674904e-03 7.816286385059356689e-02 4.775036871433258057e-02 1.561135053634643555e-02 4.845379153266549110e-04 1.211400888860225677e-02 2.261271467432379723e-03 1.449475809931755066e-02 9.244164102710783482e-04 1.421500463038682938e-02 2.239801734685897827e-02 2.177660353481769562e-02 1.409077551215887070e-02 3.045838093385100365e-03 1.531335874460637569e-03 1.366438809782266617e-02 1.499942038208246231e-02 1.580082462169229984e-03 2.296966267749667168e-03 3.550567897036671638e-03 4.523310344666242599e-03 8.561754599213600159e-03 1.061461772769689560e-02 2.502339519560337067e-02 1.125070545822381973e-02 2.587948925793170929e-02 8.264411240816116333e-03 4.786451347172260284e-03 7.348490413278341293e-03 9.606198407709598541e-03 4.449444357305765152e-03 1.010544132441282272e-02 1.706249639391899109e-02 1.578533649444580078e-02 1.584608480334281921e-02 1.375004998408257961e-03 8.577057160437107086e-03 2.370277233421802521e-02 7.845561951398849487e-03 4.304717585910111666e-04 2.607376314699649811e-03 2.799247857183218002e-03 3.028175793588161469e-03 2.256132662296295166e-02 1.997132971882820129e-02 1.651443541049957275e-02 3.856789087876677513e-03 8.968094363808631897e-03 6.166874431073665619e-03 1.830330677330493927e-02 1.977889053523540497e-02 2.999167190864682198e-04 1.359226997010409832e-03 2.124723832821473479e-04 1.715659163892269135e-03 4.196879919618368149e-03 2.272903453558683395e-03 1.188360247761011124e-02 9.871480870060622692e-05 1.022517215460538864e-02 2.765233395621180534e-03 1.007322221994400024e-02 8.803134784102439880e-03 6.591990590095520020e-03 1.817362010478973389e-02 1.402354449965059757e-03 2.126996591687202454e-02 1.408056914806365967e-02 4.700462799519300461e-03 7.840253412723541260e-03 1.626595668494701385e-02
6.151402741670608521e-02 6.584902852773666382e-02 1.179305254481732845e-03 3.351044654846191406e-02 2.734239585697650909e-02 7.717766612768173218e-02 8.353611230850219727e-01 6.582168396562337875e-03 6.930670933797955513e-04 2.680650353431701660e-02 3.755464404821395874e-02 2.341286651790142059e-02 4.665024951100349426e-02 4.541393369436264038e-02 8.468775078654289246e-03 3.308435529470443726e-02 3.564999625086784363e-02 4.999679978936910629e-03 1.824068021960556507e-03 3.558898717164993286e-02 1.505629625171422958e-02 1.226742938160896301e-02 2.227414399385452271e-02 3.020681068301200867e-02 3.035138547420501709e-02 3.691618889570236206e-02 3.164381952956318855e-03 3.024025820195674896e-02 2.089227316901087761e-03 3.015615977346897125e-02 8.932306431233882904e-03 2.285993285477161407e-02 7.652091793715953827e-03 2.499008364975452423e-02 8.336494676768779755e-03 1.661538891494274139e-02 2.722282370086759329e-04 1.667524501681327820e-02 3.375021333340555429e-05 7.467068266123533249e-03 9.985630400478839874e-03 2.395545318722724915e-02 9.342869743704795837e-03 1.367488317191600800e-02 1.899093762040138245e-02 5.250414833426475525e-03 6.838572025299072266e-02 5.403595790266990662e-02 1.993672922253608704e-02 7.344934158027172089e-03 2.249408327043056488e-02 2.013328485190868378e-02 2.694625034928321838e-02 3.371461760252714157e-03 2.387333894148468971e-03 2.240688726305961609e-02 7.380919530987739563e-03 5.010347347706556320e-03 1.884860545396804810e-02 6.482599303126335144e-03 2.177356742322444916e-03 2.183772064745426178e-02 1.839683391153812408e-02 6.534842774271965027e-03 6.122533697634935379e-03 2.295667800353839993e-04 9.724695235490798950e-03 8.442189544439315796e-03 1.260589249432086945e-02 5.079735070466995239e-03 1.276895031332969666e-02 5.130831152200698853e-03 2.155296318233013153e-02 8.727714885026216507e-04 5.072291009128093719e-03 2.053391188383102417e-02 1.350069418549537659e-02 1.567514985799789429e-02 1.995523646473884583e-02 3.145792055875062943e-03 4.287419375032186508e-03 1.474678143858909607e-02 3.510692343115806580e-02 1.446419116109609604e-02 1.701928861439228058e-02 2.564005553722381592e-02 5.024689249694347382e-03 4.593883175402879715e-03 5.729981698095798492e-03 1.963569782674312592e-02 1.008177176117897034e-02 4.773765336722135544e-03 1.174253970384597778e-02 6.399213336408138275e-03 8.736517280340194702e-03 1.790191791951656342e-02 2.330862218514084816e-03 1.116900984197854996e-02 2.382098929956555367e-03 1.026037335395812988e-02 1.385256368666887283e-02 2.123120054602622986e-02 1.008043996989727020e-02 1.267304061912000179e-03 1.408045645803213120e-02 3.215344389900565147e-03 2.025004290044307709e-02 2.158897183835506439e-02 1.797157898545265198e-02 1.470385026186704636e-02 3.809991991147398949e-03 1.857609674334526062e-02 9.255921468138694763e-04 1.287982240319252014e-02 2.693271450698375702e-02 2.232584170997142792e-02
1.528044603765010834e-02 1.180251128971576691e-02 5.431910604238510132e-02 4.406091757118701935e-03 2.115121809765696526e-03 3.442849265411496162e-03 6.582168396562337875e-03 8.353611230850219727e-01 2.199659822508692741e-03 4.672727081924676895e-03 2.903444133698940277e-02 1.256746705621480942e-02 3.147074207663536072e-02 8.371506817638874054e-03 6.879912316799163818e-02 1.579382084310054779e-02 1.363411452621221542e-02 2.920606872066855431e-03 1.293179229833185673e-03 9.617656469345092773e-03 6.163991987705230713e-03 3.682479262351989746e-02 1.706007495522499084e-02 1.050193514674901962e-02 1.124065276235342026e-02 7.040102034807205200e-03 1.085350522771477699e-03 1.427725888788700104e-02 1.044229790568351746e-02 7.013881113380193710e-03 1.753193512558937073e-02 2.707889117300510406e-02 1.966332085430622101e-02 2.195835113525390625e-02 3.598539531230926514e-02 3.437921637669205666e-03 1.530367881059646606e-02 9.135274216532707214e-03 2.919286489486694336e-02 2.710491605103015900e-02 1.315468363463878632e-02 1.001546997576951981e-02 1.816990599036216736e-02 1.174907316453754902e-03 1.454587467014789581e-02 1.018613111227750778e-02 5.277166143059730530e-03 4.106432199478149414e-03 3.395194187760353088e-03 1.046407874673604965e-02 3.853792790323495865e-03 1.608288730494678020e-03 1.713629253208637238e-02 3.530299663543701172e-02 6.097564473748207092e-04 2.720477292314171791e-03 1.094429288059473038e-02 4.956729710102081299e-03 1.320561766624450684e-02 2.960955537855625153e-02 1.354409195482730865e-02 8.000809466466307640e-04 4.006364382803440094e-03 8.891266770660877228e-03 1.834663562476634979e-02 1.684509031474590302e-02 2.453240938484668732e-02 2.505129389464855194e-02 5.588650703430175781e-03 4.079689737409353256e-03 1.808202825486660004e-02 3.091232385486364365e-03 1.728735119104385376e-02 1.535354182124137878e-02 1.829651417210698128e-03 3.587418422102928162e-02 1.061755605041980743e-02 1.329715922474861145e-02 1.475722715258598328e-02 4.210601095110177994e-03 7.210197299718856812e-02 5.823945254087448120e-02 1.731138117611408234e-02 1.892054267227649689e-02 3.677036846056580544e-03 2.763565862551331520e-04 6.608592718839645386e-02 6.410362571477890015e-02 7.548538502305746078e-03 6.695542484521865845e-03 5.041223950684070587e-03 3.723734989762306213e-02 7.687050383538007736e-03 3.949672728776931763e-02 1.750918105244636536e-02 2.766748890280723572e-02 1.506299898028373718e-02 3.831574693322181702e-02 1.270078308880329132e-02 8.063440211117267609e-03 3.001317009329795837e-02 1.922093704342842102e-02 5.434880964457988739e-03 1.931487023830413818e-02 3.761311993002891541e-02 2.392225526273250580e-02 3.551694378256797791e-02 8.641773834824562073e-03 2.616727352142333984e-02 5.675219930708408356e-03 1.235877163708209991e-02 1.328297890722751617e-02 5.687461700290441513e-03 2.778796711936593056e-03 9.293907321989536285e-03 1.050154585391283035e-02
1.402446627616882324e-02 1.625170744955539703e-02 1.841958612203598022e-02 3.054679557681083679e-02 2.051228843629360199e-02 1.662257313728332520e-02 6.930670933797955513e-04 2.199659822508692741e-03 8.353611230850219727e-01 7.778239902108907700e-03 4.052516538649797440e-03 3.937935456633567810e-02 3.605023259297013283e-03 1.480486802756786346e-02 1.214134390465915203e-03 1.016460172832012177e-02 6.036292179487645626e-04 4.700332880020141602e-02 2.728343941271305084e-03 1.488848309963941574e-02 1.179420761764049530e-02 2.432469092309474945e-02 2.727689594030380249e-02 1.512750424444675446e-02 2.728898823261260986e-02 7.516280282288789749e-03 1.783280447125434875e-02 2.182497270405292511e-02 5.650713574141263962e-03 6.084546912461519241e-03 7.389198872260749340e-04 2.742708195000886917e-03 1.172958058305084705e-03 2.499041520059108734e-02 6.385521497577428818e-03 9.380785748362541199e-03 2.967570163309574127e-02 2.792785875499248505e-02 4.283062648028135300e-03 1.212674565613269806e-02 1.986694522202014923e-02 1.820636354386806488e-02 1.419788878411054611e-02 7.108865305781364441e-03 4.520910233259201050e-02 1.266395486891269684e-02 7.653063628822565079e-03 2.227946743369102478e-02 5.434845387935638428e-02 2.109633572399616241e-02 1.828578417189419270e-03 1.212878711521625519e-02 1.697944290935993195e-02 6.849187426269054413e-03 5.170335620641708374e-02 1.036472991108894348e-02 1.485523860901594162e-02 2.033734880387783051e-02 3.198860585689544678e-02 1.411340665072202682e-02 3.201697021722793579e-02 9.272688766941428185e-04 8.096576668322086334e-03 1.020087394863367081e-02 1.348410081118345261e-02 5.112838000059127808e-03 2.043848857283592224e-02 2.239822782576084137e-02 4.235343635082244873e-02 2.192432247102260590e-02 1.675643958151340485e-02 3.321065101772546768e-03 2.539607509970664978e-02 1.142429374158382416e-02 1.361848786473274231e-02 2.447562525048851967e-03 7.259228825569152832e-02 2.097524888813495636e-02 4.600599780678749084e-02 9.452854283154010773e-03 1.749743707478046417e-02 9.757719933986663818e-03 3.096470795571804047e-02 5.111520178616046906e-03 2.664844505488872528e-02 2.228426560759544373e-02 5.038484465330839157e-03 4.410218447446823120e-03 6.102550774812698364e-02 2.270547673106193542e-02 1.793922483921051025e-02 1.875332370400428772e-02 1.069827657192945480e-02 9.526814334094524384e-03 3.171583637595176697e-03 1.254043728113174438e-02 1.139847002923488617e-02 3.385915653780102730e-03 3.178383782505989075e-02 7.899668067693710327e-03 1.343226805329322815e-02 1.064470689743757248e-02 1.440303400158882141e-02 8.973867632448673248e-03 1.229046611115336418e-04 2.141820499673485756e-03 1.972016692161560059e-02 3.565527126193046570e-02 1.842426136136054993e-02 3.145284252241253853e-03 9.444783441722393036e-03 1.520155556499958038e-02 2.210661210119724274e-02 1.798046194016933441e-02 1.073420420289039612e-02 1.038009859621524811e-02
1.986888609826564789e-02 1.961364224553108215e-02 4.383420106023550034e-03 1.528203766793012619e-02 2.411982510238885880e-03 1.737662591040134430e-02 2.680650353431701660e-02 4.672727081924676895e-03 7.778239902108907700e-03 8.353611230850219727e-01 1.729569584131240845e-02 1.803345605731010437e-02 2.255365811288356781e-02 4.485156387090682983e-02 6.318821106106042862e-03 2.606835961341857910e-02 2.970534563064575195e-02 2.016589418053627014e-02 5.278843641281127930e-02 1.901192218065261841e-02 9.832774288952350616e-03 2.382652368396520615e-03 3.434900939464569092e-02 4.378704354166984558e-02 1.487746927887201309e-02 2.222285605967044830e-02 1.128291897475719452e-02 1.476592849940061569e-02 1.951016858220100403e-02 2.231463976204395294e-02 2.004496194422245026e-02 2.499509719200432301e-04 1.068573165684938431e-02 1.616895385086536407e-02 1.048749964684247971e-02 2.932644076645374298e-02 3.715343074873089790e-03 1.605522632598876953e-02 1.098230597563087940e-03 1.107624359428882599e-02 1.213680766522884369e-02 7.846145890653133392e-03 1.002734806388616562e-02 1.289982907474040985e-02 1.138084940612316132e-02 4.182266816496849060e-02 2.054837346076965332e-02 1.897571608424186707e-02 8.858949295245110989e-04 6.398511677980422974e-02 1.367791276425123215e-02 1.462106872349977493e-02 1.183766871690750122e-02 3.525569569319486618e-03 8.802855387330055237e-03 5.328273400664329529e-02 4.366771783679723740e-03 3.513853996992111206e-02 4.472267813980579376e-03 2.871329430490732193e-03 1.204629056155681610e-02 3.275099396705627441e-02 1.519344747066497803e-02 1.046553254127502441e-02 5.709598306566476822e-03 1.313789002597332001e-02 9.492076933383941650e-03 1.391721772961318493e-03 1.895094662904739380e-02 4.929454298689961433e-04 4.157169163227081299e-02 1.765425503253936768e-02 3.289929125458002090e-03 1.633430831134319305e-03 2.951629273593425751e-02 2.532766759395599365e-02 5.810180213302373886e-03 6.728076934814453125e-02 2.138399891555309296e-02 7.358460128307342529e-02 1.958450069651007652e-03 2.434302354231476784e-03 2.390105463564395905e-02 4.752577468752861023e-02 1.212526950985193253e-02 2.753072604537010193e-02 6.146065425127744675e-04 7.731958176009356976e-04 1.230232045054435730e-02 5.838835239410400391e-02 1.913096383213996887e-02 5.194621160626411438e-03 2.132918871939182281e-02 9.464820846915245056e-03 6.709644570946693420e-03 8.989426307380199432e-03 1.621452905237674713e-02 2.678826637566089630e-02 5.396500229835510254e-03 2.016889862716197968e-02 1.612018422747496516e-05 1.526075322180986404e-02 1.122601050883531570e-02 1.522604934871196747e-02 2.390970475971698761e-02 3.658575005829334259e-03 3.209895687177777290e-03 3.188479691743850708e-03 9.549705311655998230e-03 1.011806726455688477e-02 5.131497513502836227e-03 1.965092495083808899e-02 4.929943941533565521e-03 1.489302515983581543e-02 9.548712521791458130e-03 9.636930190026760101e-03
6.186300888657569885e-02 5.483788624405860901e-02 2.742878347635269165e-02 1.331966370344161987e-03 9.629188105463981628e-03 4.051177948713302612e-02 3.755464404821395874e-02 2.903444133698940277e-02 4.052516538649797440e-03 1.729569584131240845e-02 8.353611230850219727e-01 6.112528499215841293e-03 6.193910539150238037e-02 1.533222757279872894e-02 3.749222308397293091e-02 2.853294648230075836e-02 2.619539014995098114e-02 1.949531212449073792e-02 6.865622010082006454e-03 2.228763513267040253e-02 1.137104583904147148e-03 2.262733690440654755e-02 1.434502378106117249e-02 1.622837781906127930e-02 1.600998640060424805e-02 1.823124662041664124e-02 1.322780828922986984e-02 9.154038503766059875e-03 5.302753299474716187e-02 1.130817551165819168e-02 4.841959103941917419e-02 2.165738306939601898e-02 1.662070676684379578e-02 1.835366152226924896e-02 2.272805944085121155e-02 2.378708682954311371e-03 1.192204095423221588e-02 1.096778316423296928e-03 2.159276045858860016e-02 1.215600594878196716e-02 8.773113600909709930e-03 1.703841798007488251e-02 4.612981341779232025e-03 3.936029504984617233e-03 1.267313770949840546e-02 2.480735071003437042e-03 5.375278741121292114e-02 4.427721723914146423e-02 4.470189567655324936e-03 1.837899535894393921e-02 5.854480899870395660e-03 2.633882453665137291e-03 2.539026178419589996e-02 1.253314036875963211e-02 1.239731069654226303e-02 1.880791038274765015e-02 1.498539280146360397e-02 1.540385931730270386e-02 2.818765677511692047e-02 2.013623528182506561e-02 2.719572931528091431e-02 2.704793587327003479e-02 7.389512844383716583e-03 1.527326367795467377e-02 5.894097313284873962e-02 4.007579758763313293e-02 4.950795322656631470e-03 6.440100842155516148e-04 1.319331675767898560e-02 6.943081505596637726e-03 1.286492869257926941e-02 8.810047875158488750e-04 1.080691535025835037e-02 1.236590556800365448e-03 1.664195396006107330e-02 7.501403801143169403e-03 3.774512093514204025e-03 1.075576990842819214e-02 1.365693379193544388e-02 2.198963426053524017e-03 2.993075549602508545e-02 2.657130733132362366e-02 2.512133680284023285e-02 2.219274640083312988e-02 3.573024412617087364e-03 2.911738352850079536e-03 4.751688987016677856e-02 3.296461701393127441e-02 1.401971443556249142e-03 5.946897435933351517e-03 4.503536969423294067e-02 4.050730913877487183e-02 3.230656683444976807e-02 1.794512011110782623e-02 1.884316094219684601e-02 2.768021076917648315e-02 8.030896075069904327e-03 4.882338456809520721e-03 2.983873942866921425e-03 7.541138213127851486e-03 1.841423474252223969e-02 1.904215477406978607e-02 1.073908898979425430e-02 6.033815909177064896e-03 1.666812226176261902e-03 1.011719461530447006e-02 1.073461957275867462e-02 1.482783071696758270e-02 2.014580927789211273e-02 9.005764499306678772e-03 7.800067309290170670e-03 4.805549513548612595e-03 1.620567589998245239e-02 6.936332210898399353e-04 9.717652574181556702e-04 1.024179439991712570e-02
2.140074968338012695e-02 2.173017896711826324e-02 1.180941006168723106e-03 1.575428806245326996e-02 1.967621594667434692e-02 4.343050718307495117e-02 2.341286651790142059e-02 1.256746705621480942e-02 3.937935456633567810e-02 1.803345605731010437e-02 6.112528499215841293e-03 8.353611230850219727e-01 4.218973685055971146e-03 6.874642521142959595e-02 1.289911475032567978e-02 2.359732752665877342e-03 2.720254706218838692e-03 1.697988063097000122e-02 1.075591892004013062e-02 4.381874750833958387e-04 2.430313453078269958e-02 1.450889650732278824e-02 2.693274430930614471e-02 2.266482450067996979e-02 1.617903821170330048e-02 9.720596484839916229e-03 1.033828221261501312e-02 6.188294664025306702e-02 1.059750188142061234e-02 4.353982582688331604e-02 1.300834398716688156e-02 1.590711437165737152e-02 1.872877404093742371e-02 2.409273386001586914e-02 4.279803019016981125e-03 1.716043800115585327e-02 2.019171044230461121e-02 2.469798922538757324e-02 8.309409022331237793e-03 6.059100269339978695e-04 1.559952739626169205e-02 3.515782300382852554e-03 1.550045516341924667e-02 2.505713142454624176e-02 5.606828629970550537e-02 4.113128781318664551e-02 2.015875093638896942e-02 1.639143191277980804e-02 2.653535455465316772e-02 1.716533326543867588e-03 9.283469989895820618e-03 1.031313557177782059e-02 9.616787545382976532e-03 6.107023800723254681e-04 1.850851438939571381e-02 1.327622588723897934e-02 1.767753809690475464e-02 4.219856485724449158e-02 1.125812530517578125e-02 1.937209814786911011e-02 6.516771391034126282e-03 1.564853638410568237e-02 8.948061149567365646e-04 2.021721191704273224e-02 5.202372558414936066e-03 2.736500231549143791e-03 2.950317598879337311e-02 3.264211118221282959e-02 2.652904577553272247e-02 5.224856082350015640e-03 3.200140595436096191e-02 4.335802048444747925e-03 1.401078235357999802e-02 9.634802117943763733e-03 2.287101699039340019e-03 1.007525017485022545e-03 4.072476178407669067e-02 3.077132254838943481e-02 3.509191796183586121e-02 2.118195965886116028e-02 2.800212008878588676e-03 1.081047230400145054e-03 1.713358052074909210e-02 6.401406601071357727e-03 2.566548436880111694e-02 8.570730686187744141e-03 3.508219961076974869e-03 1.639823243021965027e-02 4.185737669467926025e-02 3.339723497629165649e-02 2.429957687854766846e-02 2.150629088282585144e-02 1.028425246477127075e-02 1.395741198211908340e-02 1.509839296340942383e-02 2.189192362129688263e-02 7.257699500769376755e-03 2.409885870292782784e-03 3.753896802663803101e-03 5.593587993644177914e-04 2.308836765587329865e-02 1.922407187521457672e-02 1.818465068936347961e-02 4.533509258180856705e-03 5.863316357135772705e-03 6.661094259470701218e-03 2.149909362196922302e-02 3.077156841754913330e-02 3.048352524638175964e-02 1.567868143320083618e-02 2.929654903709888458e-03 9.116166271269321442e-03 2.416645921766757965e-02 8.082682266831398010e-03 1.575815025717020035e-03 4.929345101118087769e-03
5.533722043037414551e-02 6.244063377380371094e-02 5.771494936197996140e-03 1.314219832420349121e-02 1.096027716994285583e-02 4.851045459508895874e-02 4.665024951100349426e-02 3.147074207663536072e-02 3.605023259297013283e-03 2.255365811288356781e-02 6.193910539150238037e-02 4.218973685055971146e-03 8.353611230850219727e-01 1.752247475087642670e-02 5.203274637460708618e-02 2.435078844428062439e-02 2.586824260652065277e-02 1.798995211720466614e-02 2.005152963101863861e-02 2.084028720855712891e-02 1.969371922314167023e-03 2.910038456320762634e-02 1.121881045401096344e-02 1.274901721626520157e-02 1.672218553721904755e-02 2.813663147389888763e-02 1.195695251226425171e-02 1.462530624121427536e-02 3.699757903814315796e-02 2.824251540005207062e-02 4.679015278816223145e-02 1.524686440825462341e-02 1.073538698256015778e-02 1.429603248834609985e-02 1.835928857326507568e-02 1.490913517773151398e-02 1.050599478185176849e-02 3.749480238184332848e-03 1.377766579389572144e-02 2.549226395785808563e-03 7.827959023416042328e-03 2.841082774102687836e-02 7.737651467323303223e-03 6.395569536834955215e-03 1.931328326463699341e-02 4.465478006750345230e-03 4.547333344817161560e-02 5.155227705836296082e-02 2.522933483123779297e-02 1.886719092726707458e-02 2.219773270189762115e-02 1.377325691282749176e-02 5.531030707061290741e-03 1.730111986398696899e-02 5.694782827049493790e-03 2.079399116337299347e-02 1.414811820723116398e-03 5.290007684379816055e-03 1.634612679481506348e-03 1.509262342005968094e-02 1.065286900848150253e-02 1.732624322175979614e-02 2.812969498336315155e-03 8.520179428160190582e-03 3.489367291331291199e-02 3.911237046122550964e-02 4.745851736515760422e-03 4.789446480572223663e-03 3.524807514622807503e-03 1.393263787031173706e-02 8.527156896889209747e-03 5.010401364415884018e-03 8.846954733598977327e-05 1.207395084202289581e-02 1.443280372768640518e-02 5.659680347889661789e-03 1.088667288422584534e-02 8.125011809170246124e-03 2.862652763724327087e-02 2.819973044097423553e-03 1.986763812601566315e-02 1.904798485338687897e-02 2.856445871293544769e-02 3.650575503706932068e-02 5.840450059622526169e-03 4.266568925231695175e-03 3.518164530396461487e-02 3.411414474248886108e-02 3.840281395241618156e-03 1.331289391964673996e-02 2.713301964104175568e-02 3.399309143424034119e-02 2.978014759719371796e-02 1.588975638151168823e-02 1.292240899056196213e-02 1.963862776756286621e-02 9.954736568033695221e-03 5.599015392363071442e-03 6.268229801207780838e-03 6.369011010974645615e-03 2.129372768104076385e-02 2.137271314859390259e-02 1.064362190663814545e-02 9.903235360980033875e-03 7.021227385848760605e-03 4.649651236832141876e-03 1.915805600583553314e-02 9.675625711679458618e-03 1.915486156940460205e-02 3.096362343057990074e-03 7.758907042443752289e-03 5.498837213963270187e-03 1.554901711642742157e-02 2.798001747578382492e-03 2.798134461045265198e-03 3.966421820223331451e-03
