8.584603071212768555e-01 6.028517708182334900e-02 8.975897799246013165e-04 1.589678972959518433e-02 2.817325666546821594e-02 2.016099542379379272e-02 1.669351384043693542e-02 1.444608159363269806e-02 1.566744036972522736e-02 3.055458422750234604e-03 2.295944839715957642e-02 5.274274386465549469e-03 1.479250378906726837e-02 9.665386751294136047e-03 2.692089043557643890e-02 1.040116231888532639e-02 1.325682643800973892e-02 1.330413017421960831e-02 9.062410332262516022e-03 1.095517352223396301e-02 7.089849095791578293e-03 2.038274146616458893e-02 1.575297489762306213e-02 1.585349254310131073e-02 5.075454711914062500e-03 1.408116891980171204e-02 1.470690686255693436e-02 4.587237257510423660e-03 2.124291658401489258e-02 2.656472148373723030e-03 2.067935280501842499e-02 1.247495505958795547e-02 8.580339141190052032e-03 1.046328525990247726e-02 1.618506014347076416e-02 1.357621978968381882e-02 1.864049583673477173e-02 2.612899802625179291e-02 1.006364915519952774e-02 2.042307518422603607e-02 2.238027006387710571e-02 9.760367684066295624e-03 8.860222995281219482e-03 1.445505581796169281e-02 2.973056631162762642e-03 1.037788670510053635e-02 1.088343001902103424e-02 6.559597793966531754e-03 1.082694623619318008e-02 1.454620715230703354e-02 1.198900584131479263e-02 5.381788359954953194e-04 9.733267128467559814e-03 1.339593809098005295e-02 1.648540049791336060e-02 1.917794346809387207e-02 1.922593638300895691e-02 2.391619980335235596e-02 4.288779571652412415e-03 1.226673088967800140e-02 1.895318180322647095e-02 1.947140507400035858e-02 1.133257336914539337e-02 2.040905505418777466e-02 8.930242620408535004e-03 9.550127200782299042e-03 8.566100150346755981e-03 2.113047521561384201e-03 1.968991942703723907e-02 2.148694731295108795e-02 2.058694884181022644e-02 1.775479316711425781e-02 1.042243931442499161e-02 1.961374096572399139e-02 7.738240994513034821e-03 1.520978938788175583e-02 1.450493745505809784e-02 1.793467253446578979e-02 6.610262673348188400e-03 9.949608705937862396e-03 9.184926748275756836e-03 2.184711163863539696e-03 5.253523588180541992e-03 1.987551338970661163e-03 2.348293364048004150e-02 1.420919224619865417e-02 2.091005258262157440e-02 1.629885099828243256e-02 1.146673317998647690e-02 5.428535398095846176e-03 2.764531597495079041e-02 2.088424377143383026e-02 1.923489756882190704e-02 1.904584467411041260e-02 2.039499115198850632e-03 1.454871497116982937e-03 2.003941498696804047e-02 2.067449316382408142e-02 1.449940446764230728e-02 1.440722402185201645e-02 8.996068499982357025e-03 8.754769340157508850e-03 2.404125779867172241e-02 2.845581062138080597e-02 7.251805160194635391e-03 1.826625503599643707e-02 7.537680678069591522e-03 1.470410358160734177e-02 9.052116423845291138e-03 1.789047941565513611e-02 2.262667007744312286e-02 2.052043192088603973e-02 8.731246925890445709e-03 3.482000436633825302e-03 1.274355314671993256e-02 9.351425804197788239e-03
6.028517708182334900e-02 8.584603071212768555e-01 5.935706663876771927e-03 1.380143221467733383e-02 1.581049710512161255e-02 1.952114515006542206e-02 2.460550703108310699e-02 1.453449483960866928e-02 1.759736612439155579e-02 1.499326340854167938e-02 1.982345804572105408e-02 9.454393759369850159e-03 2.370085939764976501e-02 3.384307958185672760e-03 2.047275379300117493e-02 1.777855493128299713e-02 2.451854385435581207e-02 3.541806479915976524e-03 3.877164563164114952e-03 1.109015662223100662e-02 1.396281458437442780e-02 1.958876475691795349e-02 2.165514230728149414e-02 2.173865213990211487e-02 1.068974845111370087e-02 1.689728721976280212e-02 1.366658695042133331e-02 2.889275201596319675e-04 2.119418978691101074e-02 1.261816360056400299e-02 2.860984764993190765e-02 2.114154398441314697e-02 1.084646489471197128e-02 1.962643489241600037e-02 1.284383796155452728e-02 1.628365926444530487e-02 1.672902144491672516e-02 2.446649409830570221e-02 3.086213022470474243e-03 2.139419550076127052e-03 1.969281956553459167e-02 8.588433265686035156e-03 1.114033628255128860e-02 9.409328922629356384e-03 9.042249992489814758e-03 9.550944902002811432e-03 2.423537662252783775e-03 1.010457612574100494e-02 1.196456514298915863e-02 2.064598537981510162e-02 2.599152794573456049e-04 7.539526093751192093e-03 5.934454035013914108e-03 1.253192778676748276e-02 1.518363319337368011e-02 1.752028241753578186e-02 1.675744354724884033e-02 2.333059906959533691e-02 3.369425190612673759e-03 1.024586334824562073e-02 2.026158384978771210e-02 2.074357308447360992e-02 9.221220389008522034e-03 1.591655611991882324e-02 9.435079060494899750e-03 1.749071292579174042e-02 1.497486140578985214e-02 7.373293861746788025e-03 2.089824527502059937e-02 1.712160743772983551e-02 2.433406934142112732e-02 1.588557846844196320e-02 7.442998234182596207e-03 1.782521791756153107e-02 1.289043575525283813e-02 1.264537498354911804e-02 1.514427270740270615e-02 2.154995314776897430e-02 6.115786731243133545e-03 2.143315505236387253e-03 1.733056828379631042e-02 8.457953110337257385e-03 1.461408287286758423e-02 1.920863240957260132e-02 2.719346992671489716e-02 2.378721348941326141e-02 2.020792663097381592e-02 2.268630452454090118e-02 1.544230990111827850e-02 9.671282954514026642e-03 2.503929287195205688e-02 1.915023289620876312e-02 1.934618502855300903e-02 1.990190893411636353e-02 1.070420350879430771e-02 2.975019626319408417e-03 1.501783262938261032e-02 1.907744258642196655e-02 1.492263935506343842e-02 1.905011571943759918e-02 1.646062731742858887e-02 1.294058654457330704e-02 2.084436081349849701e-02 2.406093105673789978e-02 7.912095636129379272e-03 9.876796044409275055e-03 1.347557827830314636e-02 1.266438513994216919e-02 1.165725663304328918e-02 2.445921860635280609e-02 1.877223886549472809e-02 1.914400421082973480e-02 1.272888109087944031e-02 5.824446212500333786e-03 1.300633884966373444e-02 9.803828783333301544e-03
8.975897799246013165e-04 5.935706663876771927e-03 8.584603071212768555e-01 1.969592086970806122e-02 2.550647966563701630e-02 2.209937083534896374e-04 1.827839389443397522e-02 2.430901490151882172e-02 1.490690745413303375e-02 2.683879621326923370e-02 5.764616653323173523e-03 3.822776954621076584e-03 2.862329594790935516e-03 7.961106486618518829e-03 2.274551661685109138e-03 1.704796031117439270e-02 3.136440739035606384e-02 1.728075742721557617e-02 1.602965779602527618e-02 4.548124503344297409e-03 7.003187201917171478e-04 1.595909008756279945e-03 1.082807593047618866e-02 1.478546764701604843e-02 7.460748893208801746e-04 6.939755752682685852e-03 4.467174876481294632e-03 2.162124583264812827e-04 1.242035254836082458e-02 1.582542248070240021e-02 1.529670879244804382e-02 2.147222682833671570e-02 2.675252035260200500e-03 1.483342330902814865e-02 1.096652355045080185e-02 1.618159376084804535e-02 1.301519479602575302e-02 3.937725443392992020e-03 2.566327899694442749e-02 2.588079497218132019e-02 7.874310016632080078e-03 1.759207248687744141e-02 4.328679293394088745e-03 1.829215884208679199e-02 2.760116010904312134e-02 3.266985341906547546e-02 2.388624008744955063e-03 9.986738674342632294e-03 3.006760962307453156e-03 1.680300571024417877e-02 1.987150404602289200e-03 9.716033935546875000e-03 9.056741371750831604e-03 1.578206196427345276e-03 7.774443365633487701e-03 2.126910723745822906e-02 9.944367222487926483e-03 1.385039370507001877e-02 1.377246435731649399e-02 2.977250376716256142e-03 1.276433840394020081e-02 1.238284166902303696e-02 3.786875633522868156e-03 7.238292600959539413e-03 2.000579843297600746e-03 1.423139125108718872e-03 7.287686690688133240e-03 6.130309309810400009e-03 1.122975721955299377e-02 7.392467465251684189e-03 1.824184320867061615e-02 7.473389152437448502e-03 1.399499550461769104e-02 1.070638652890920639e-02 1.879444159567356110e-02 8.875488303601741791e-03 1.474907714873552322e-02 1.688803546130657196e-02 4.192410968244075775e-03 1.686469092965126038e-02 1.694566756486892700e-02 2.284465730190277100e-02 3.145352751016616821e-02 2.424298226833343506e-02 2.515223808586597443e-02 2.774707600474357605e-02 2.339547965675592422e-03 2.972570713609457016e-03 1.754060015082359314e-02 2.885238453745841980e-02 9.829891845583915710e-03 4.193332511931657791e-03 8.025273680686950684e-03 3.366335295140743256e-03 2.335933409631252289e-02 2.357699349522590637e-02 1.138344407081604004e-02 4.946620203554630280e-03 1.013063639402389526e-02 1.244974695146083832e-02 2.788645215332508087e-02 2.024596184492111206e-02 4.092518705874681473e-03 5.531033501029014587e-03 9.658119641244411469e-03 3.799020196311175823e-04 1.057629240676760674e-03 1.008451636880636215e-02 2.654927037656307220e-02 1.658094301819801331e-02 1.943697687238454819e-03 1.077863760292530060e-02 7.495964877307415009e-03 1.478313468396663666e-03 2.040568739175796509e-02 4.837926011532545090e-03
1.589678972959518433e-02 1.380143221467733383e-02 1.969592086970806122e-02 8.584603071212768555e-01 6.511325389146804810e-02 1.394633017480373383e-02 1.555710937827825546e-02 1.919068209826946259e-02 6.978982593864202499e-03 7.569116540253162384e-03 1.126355025917291641e-02 1.289013214409351349e-02 1.190871931612491608e-02 3.688545199111104012e-03 2.045318111777305603e-02 1.700774393975734711e-02 1.343559380620718002e-02 3.523167595267295837e-02 2.485143393278121948e-02 3.369060344994068146e-03 5.374990403652191162e-03 4.110972397029399872e-03 5.715642124414443970e-03 5.545167718082666397e-03 1.330834114924073219e-03 4.087608249392360449e-04 9.338368661701679230e-03 1.701476424932479858e-02 9.292057715356349945e-03 1.218822505325078964e-02 1.492340699769556522e-03 1.123447529971599579e-02 7.897179573774337769e-03 1.019550208002328873e-02 8.164773695170879364e-03 1.314693596214056015e-02 6.024761591106653214e-03 4.191333428025245667e-04 5.054158717393875122e-02 2.854387275874614716e-02 9.450524114072322845e-03 1.455796696245670319e-02 1.412571780383586884e-02 1.481439638882875443e-02 1.469419337809085846e-02 2.033205144107341766e-02 1.350802462548017502e-02 1.538870204240083694e-02 3.881298704072833061e-03 1.508635468780994415e-02 2.078487910330295563e-02 2.550095133483409882e-02 9.003018960356712341e-03 1.180455740541219711e-02 3.741620806977152824e-03 2.987068146467208862e-03 1.108372677117586136e-02 6.847027107141911983e-04 2.512638270854949951e-02 7.903136312961578369e-03 1.909943483769893646e-02 1.232412364333868027e-02 1.310152094811201096e-02 8.866185322403907776e-03 6.220337469130754471e-03 8.795856498181819916e-03 3.304549260064959526e-03 8.486815728247165680e-03 6.365661043673753738e-03 2.930110320448875427e-03 1.031626295298337936e-02 1.354791875928640366e-02 3.360893204808235168e-02 5.812859162688255310e-03 3.311371430754661560e-02 1.366209425032138824e-02 8.913150057196617126e-03 3.526930231600999832e-03 1.763859950006008148e-02 1.119077112525701523e-02 6.595350336283445358e-03 1.278344355523586273e-02 2.973818965256214142e-02 2.190348505973815918e-02 8.865156210958957672e-03 1.868136040866374969e-02 8.716681040823459625e-03 7.417150191031396389e-04 2.898248471319675446e-02 6.759093143045902252e-03 3.380498383194208145e-04 7.144285831600427628e-03 1.183155458420515060e-02 1.038247486576437950e-03 1.245109271258115768e-02 1.547924242913722992e-02 8.420536294579505920e-03 1.501593180000782013e-02 1.794015057384967804e-03 8.967749774456024170e-03 5.328065250068902969e-03 8.114648051559925079e-03 9.310888126492500305e-03 1.400276832282543182e-02 1.091950945556163788e-02 6.534377112984657288e-03 1.509164739400148392e-02 1.583689451217651367e-02 1.141838077455759048e-02 6.020773667842149734e-03 2.865550341084599495e-03 6.450921297073364258e-03 4.836838692426681519e-03 7.671173196285963058e-03 1.266133598983287811e-02 4.514096304774284363e-03
2.817325666546821594e-02 1.581049710512161255e-02 2.550647966563701630e-02 6.511325389146804810e-02 8.584603071212768555e-01 3.702855110168457031e-02 1.821299642324447632e-02 1.171255484223365784e-03 1.052287220954895020e-02 1.451069209724664688e-02 6.422429811209440231e-03 6.755756679922342300e-03 2.771201077848672867e-03 3.641435177996754646e-03 1.470995787531137466e-02 4.526286851614713669e-03 1.218132115900516510e-02 4.453945904970169067e-02 3.966073691844940186e-02 5.811631213873624802e-03 5.828958004713058472e-03 2.968582557514309883e-03 4.370451439172029495e-03 9.351474232971668243e-03 1.215204712934792042e-03 5.646278150379657745e-03 1.370657887309789658e-02 2.073809504508972168e-02 1.154835117631591856e-04 2.617621235549449921e-02 1.482828333973884583e-02 6.558388005942106247e-03 7.026021834462881088e-03 9.217346087098121643e-03 2.510539779905229807e-04 5.539780482649803162e-03 4.223290830850601196e-03 5.428411532193422318e-03 4.026235640048980713e-02 5.421504750847816467e-02 8.842830546200275421e-03 5.435426719486713409e-03 2.755796012934297323e-04 1.739342324435710907e-02 6.246933247894048691e-03 6.199273746460676193e-03 2.092045173048973083e-02 8.095385506749153137e-03 5.926181096583604813e-03 5.458936095237731934e-03 5.218313541263341904e-03 3.047018498182296753e-02 1.441046595573425293e-02 1.839076727628707886e-02 1.400360278785228729e-02 3.320063115097582340e-04 1.482712198048830032e-02 9.260816499590873718e-03 3.512224182486534119e-02 1.407999265938997269e-02 2.427520044147968292e-02 1.775704324245452881e-02 2.303664200007915497e-02 1.400069892406463623e-02 1.437241397798061371e-02 1.332098338752985001e-02 2.332184463739395142e-03 7.964825257658958435e-03 7.606718223541975021e-03 9.740560315549373627e-03 9.879692457616329193e-03 1.731567457318305969e-02 3.645621240139007568e-02 1.346205174922943115e-02 3.965105861425399780e-02 1.861920207738876343e-02 1.525671966373920441e-02 5.996949505060911179e-03 2.205498516559600830e-02 2.402400597929954529e-02 2.438102476298809052e-02 2.134746173396706581e-03 2.522541023790836334e-02 2.301090024411678314e-02 5.771119613200426102e-03 1.593858934938907623e-02 3.106170799583196640e-03 1.178139820694923401e-02 3.690947964787483215e-02 2.615805901587009430e-02 7.417072542011737823e-03 8.954490185715258121e-04 1.478659920394420624e-02 2.048217225819826126e-03 8.997580036520957947e-03 1.900345273315906525e-02 6.918638944625854492e-03 9.582126513123512268e-03 8.264462463557720184e-03 2.994803013280034065e-03 5.374982021749019623e-03 3.316102083772420883e-03 1.765212742611765862e-03 9.010036475956439972e-03 1.243752706795930862e-02 4.820114118047058582e-04 7.334072142839431763e-04 1.905641518533229828e-02 5.557063850574195385e-04 1.089022681117057800e-02 1.073444029316306114e-03 5.124165210872888565e-03 5.041555967181921005e-03 1.851542619988322258e-03 9.989826008677482605e-03 5.350682884454727173e-03
2.016099542379379272e-02 1.952114515006542206e-02 2.209937083534896374e-04 1.394633017480373383e-02 3.702855110168457031e-02 8.584603071212768555e-01 8.062037080526351929e-02 1.984833943424746394e-04 2.035448793321847916e-03 1.955171115696430206e-03 2.066054381430149078e-02 3.707963228225708008e-02 2.268739044666290283e-02 4.407553747296333313e-02 2.628634683787822723e-03 4.005078226327896118e-03 7.782635278999805450e-03 1.648791693150997162e-02 2.357646077871322632e-02 1.781550422310829163e-02 1.075210142880678177e-02 1.241073012351989746e-02 4.479333292692899704e-03 6.032625678926706314e-03 1.210614293813705444e-02 1.457650680094957352e-02 1.016202103346586227e-02 2.128697745501995087e-02 2.639613486826419830e-02 2.080607973039150238e-02 3.268426284193992615e-02 1.864163763821125031e-02 3.261782228946685791e-03 1.120284781791269779e-03 4.601581953465938568e-03 6.837737280875444412e-03 1.014122040942311287e-03 7.289831992238759995e-03 1.722741872072219849e-02 1.109699066728353500e-02 1.435289974324405193e-03 1.294238772243261337e-02 2.783957496285438538e-02 8.435425348579883575e-03 5.487160291522741318e-03 1.066298456862568855e-03 5.237702652812004089e-02 3.100395016372203827e-02 7.921523414552211761e-03 6.228268146514892578e-03 2.522588148713111877e-02 6.060390733182430267e-03 1.859164447523653507e-03 4.324637819081544876e-03 6.290427409112453461e-03 1.872578263282775879e-02 1.485967915505170822e-02 1.418200228363275528e-02 1.009722240269184113e-02 4.775896377395838499e-04 7.230298942886292934e-04 3.182813525199890137e-03 3.409418975934386253e-03 1.291954051703214645e-02 1.249978318810462952e-02 1.596323214471340179e-02 1.075246464461088181e-02 7.331164088100194931e-04 6.083320826292037964e-03 1.381632871925830841e-03 8.247658610343933105e-03 1.063675852492451668e-03 1.939060539007186890e-02 8.302270434796810150e-03 2.556540630757808685e-02 1.101973466575145721e-02 7.779832463711500168e-03 1.390238851308822632e-02 2.100026002153754234e-03 1.521977782249450684e-02 3.032467560842633247e-03 8.546062163077294827e-04 3.600163618102669716e-03 1.210417877882719040e-02 1.876125670969486237e-02 2.985914936289191246e-03 8.162769488990306854e-03 8.017482236027717590e-03 3.932457882910966873e-03 6.537114735692739487e-03 3.034814447164535522e-02 1.181978546082973480e-02 3.883813321590423584e-02 1.749678142368793488e-02 4.002383910119533539e-03 3.203224157914519310e-03 1.576559059321880341e-02 2.024666406214237213e-02 2.360562607645988464e-02 1.824723742902278900e-02 7.186292670667171478e-03 5.365502089262008667e-03 9.518808685243129730e-03 1.590763032436370850e-02 7.006843574345111847e-03 1.704319007694721222e-02 1.227392815053462982e-02 8.447919972240924835e-03 7.593025919049978256e-03 9.771690703928470612e-03 9.448066353797912598e-03 1.345933042466640472e-02 1.149697694927453995e-02 1.873195916414260864e-02 7.646205835044384003e-03 1.307173445820808411e-02
1.669351384043693542e-02 2.460550703108310699e-02 1.827839389443397522e-02 1.555710937827825546e-02 1.821299642324447632e-02 8.062037080526351929e-02 8.584603071212768555e-01 1.425785943865776062e-03 9.990029036998748779e-03 1.562488637864589691e-02 2.369905635714530945e-02 3.335582464933395386e-02 2.843699604272842407e-02 4.828205704689025879e-02 6.097524426877498627e-03 2.329014678252860904e-04 9.756110375747084618e-04 6.122155115008354187e-03 1.025364175438880920e-02 1.473301276564598083e-02 1.327014062553644180e-02 1.271312963217496872e-02 1.269983593374490738e-02 1.953939720988273621e-02 1.716220565140247345e-02 1.753009669482707977e-02 1.119591016322374344e-02 2.039447799324989319e-02 2.725220285356044769e-02 2.336684241890907288e-02 3.228442743420600891e-02 2.017265558242797852e-02 6.040933076292276382e-04 3.819620935246348381e-03 6.128979846835136414e-03 1.817708835005760193e-02 5.974228959530591965e-03 8.436279371380805969e-03 1.046738680452108383e-02 8.382986416108906269e-04 6.647699046880006790e-03 1.547163003124296665e-03 2.120465785264968872e-02 3.171288641169667244e-03 1.591078191995620728e-02 6.763104815036058426e-03 4.975884035229682922e-02 5.175145342946052551e-02 1.139930915087461472e-02 1.262145861983299255e-02 1.820386573672294617e-02 5.195256089791655540e-04 3.455457743257284164e-03 2.944307401776313782e-03 8.125770837068557739e-03 1.937565393745899200e-02 1.704006269574165344e-02 1.971851475536823273e-02 7.261838181875646114e-04 2.218316541984677315e-03 3.340399591252207756e-03 7.291090441867709160e-04 5.273509304970502853e-03 2.227713557658717036e-04 1.386959478259086609e-02 1.851660013198852539e-02 1.302163209766149521e-02 4.577208601403981447e-04 5.552059505134820938e-03 7.233871147036552429e-03 4.540712106972932816e-03 4.252618644386529922e-03 2.448993735015392303e-02 1.590048149228096008e-02 2.340604737401008606e-02 1.394200045615434647e-02 6.974041025387123227e-05 3.501774044707417488e-03 1.007898617535829544e-02 7.815987803041934967e-03 1.112027000635862350e-02 4.138285759836435318e-03 4.509242251515388489e-03 6.417713593691587448e-04 2.675124816596508026e-02 1.582984253764152527e-02 9.345496073365211487e-03 9.336497634649276733e-03 5.089893005788326263e-03 8.602682501077651978e-03 3.292946144938468933e-02 1.208182610571384430e-02 3.650286048650741577e-02 1.740320771932601929e-02 8.341109380125999451e-03 8.899201638996601105e-03 1.613672077655792236e-02 2.018332853913307190e-02 1.544573623687028885e-02 1.133667398244142532e-02 1.120607554912567139e-02 1.001023314893245697e-02 1.151645928621292114e-02 2.121590077877044678e-02 6.712845992296934128e-03 1.771750487387180328e-02 1.331881713122129440e-02 7.719179615378379822e-03 6.990716326981782913e-03 1.538952812552452087e-02 1.080564595758914948e-02 1.579944044351577759e-02 7.590406574308872223e-03 2.466771006584167480e-02 7.238783873617649078e-03 1.738349907100200653e-02
1.444608159363269806e-02 1.453449483960866928e-02 2.430901490151882172e-02 1.919068209826946259e-02 1.171255484223365784e-03 1.984833943424746394e-04 1.425785943865776062e-03 8.584603071212768555e-01 4.766756668686866760e-03 8.068691939115524292e-03 2.998980693519115448e-02 2.952228067442774773e-03 3.128698095679283142e-02 4.246140830218791962e-03 3.484473004937171936e-02 1.104700751602649689e-02 1.873721485026180744e-03 6.148780696094036102e-03 7.953979074954986572e-03 1.974935084581375122e-02 1.374705415219068527e-02 2.564317919313907623e-02 1.419456582516431808e-02 8.514774031937122345e-03 1.907914504408836365e-02 1.837913505733013153e-02 2.099144086241722107e-02 2.458731643855571747e-03 1.199930813163518906e-02 1.842800062149763107e-03 2.090673660859465599e-03 1.673070900142192841e-02 2.395298890769481659e-02 2.244666777551174164e-02 2.136756666004657745e-02 1.794635877013206482e-02 2.572667784988880157e-02 2.201648801565170288e-02 5.880043841898441315e-03 5.155949387699365616e-03 1.528412010520696640e-02 1.789426244795322418e-02 9.988097473978996277e-03 2.875883691012859344e-02 3.442310262471437454e-04 5.671944934874773026e-03 1.826552470447495580e-04 4.457265138626098633e-03 1.480185799300670624e-02 1.973807439208030701e-02 1.817914284765720367e-02 1.482260227203369141e-02 2.841095253825187683e-02 2.442319504916667938e-02 1.819352805614471436e-02 1.058229804039001465e-02 1.950576528906822205e-02 1.906878314912319183e-02 1.021939516067504883e-02 1.609396375715732574e-02 1.137836743146181107e-02 1.076048333197832108e-02 1.328774727880954742e-02 1.353161875158548355e-02 1.514147408306598663e-02 1.097989082336425781e-02 1.887156069278717041e-02 2.270757406949996948e-02 1.059120241552591324e-02 1.539284363389015198e-02 4.797569010406732559e-03 1.294364873319864273e-02 1.134954858571290970e-03 8.965597487986087799e-03 2.345498651266098022e-03 1.177382469177246094e-02 5.555648356676101685e-03 4.611655604094266891e-03 3.173511940985918045e-03 1.052196975797414780e-02 3.085768036544322968e-02 4.591187089681625366e-02 3.973789978772401810e-03 1.034447178244590759e-02 1.461355853825807571e-02 7.823952473700046539e-03 2.868295460939407349e-02 2.795002050697803497e-02 1.494240202009677887e-02 1.258697733283042908e-02 8.815386332571506500e-03 2.447227761149406433e-02 4.749732092022895813e-03 2.130419760942459106e-02 6.300981622189283371e-03 1.537645142525434494e-02 1.396740227937698364e-02 9.501015767455101013e-03 6.901191547513008118e-03 6.035144440829753876e-03 1.943698152899742126e-02 2.035319991409778595e-02 2.183629013597965240e-02 1.235743053257465363e-02 2.809089608490467072e-02 1.821925863623619080e-02 2.721587568521499634e-02 1.422975398600101471e-02 2.580532745923846960e-04 1.600004173815250397e-02 1.989250443875789642e-02 1.497621089220046997e-02 1.435898710042238235e-02 6.391819100826978683e-03 1.978579349815845490e-02 8.653887198306620121e-05
1.566744036972522736e-02 1.759736612439155579e-02 1.490690745413303375e-02 6.978982593864202499e-03 1.052287220954895020e-02 2.035448793321847916e-03 9.990029036998748779e-03 4.766756668686866760e-03 8.584603071212768555e-01 3.712601959705352783e-02 1.834114268422126770e-02 1.347612682729959488e-02 1.758070103824138641e-02 1.303699053823947906e-02 1.012760028243064880e-02 1.930338703095912933e-02 2.885993570089340210e-02 2.154332771897315979e-02 2.316369861364364624e-02 1.174580771476030350e-02 8.744551800191402435e-03 1.889478415250778198e-02 3.062772005796432495e-02 2.844107151031494141e-02 1.403446495532989502e-02 1.821345277130603790e-02 2.345942705869674683e-02 1.562359160743653774e-03 2.443384565412998199e-02 1.874344015959650278e-04 1.778162084519863129e-02 1.854451559484004974e-02 1.472806278616189957e-02 1.197693869471549988e-02 1.241629105061292648e-02 1.274527702480554581e-02 1.479695830494165421e-02 1.509879529476165771e-02 2.976590069010853767e-03 1.358872279524803162e-02 1.131329592317342758e-02 3.034747391939163208e-02 6.367529276758432388e-03 8.115933276712894440e-03 2.183917723596096039e-02 1.170493382960557938e-02 2.201275667175650597e-03 1.361214183270931244e-02 2.818926237523555756e-02 2.184031158685684204e-02 4.994586575776338577e-03 2.105168532580137253e-03 6.861445493996143341e-03 9.453155100345611572e-03 2.727274410426616669e-02 2.222614176571369171e-02 2.457592450082302094e-02 2.184147574007511139e-02 8.817285299301147461e-03 1.457062270492315292e-02 2.023771777749061584e-02 1.995767839252948761e-02 1.095277164131402969e-02 7.439875509589910507e-03 2.450275048613548279e-02 2.712488546967506409e-02 1.025762222707271576e-02 4.057045152876526117e-04 2.424482442438602448e-02 3.036604449152946472e-02 2.383395843207836151e-02 2.991434931755065918e-02 8.532260544598102570e-03 2.485307678580284119e-02 8.277692832052707672e-03 2.494214288890361786e-02 4.168990254402160645e-02 3.607948496937751770e-02 3.205353394150733948e-02 2.569110691547393799e-02 1.213175058364868164e-02 8.566692471504211426e-03 3.313430398702621460e-02 3.410374000668525696e-02 3.086103871464729309e-02 2.304352819919586182e-02 1.975804194808006287e-02 1.783862523734569550e-02 2.060394920408725739e-02 2.278954349458217621e-02 2.878652140498161316e-02 2.240887284278869629e-02 2.248964086174964905e-02 2.322201244533061981e-02 2.738118916749954224e-02 2.122305519878864288e-02 1.600864715874195099e-02 2.347164414823055267e-02 2.879697084426879883e-02 2.506035007536411285e-02 2.150083892047405243e-02 1.648850739002227783e-02 1.668198779225349426e-02 2.174624986946582794e-02 1.303508318960666656e-02 3.963656723499298096e-03 1.881633698940277100e-02 2.060642838478088379e-02 1.390372775495052338e-02 2.284913137555122375e-02 1.007282640784978867e-02 1.691707037389278412e-02 8.722946047782897949e-03 2.575118793174624443e-03 5.952457897365093231e-03 1.870472915470600128e-02
3.055458422750234604e-03 1.499326340854167938e-02 2.683879621326923370e-02 7.569116540253162384e-03 1.451069209724664688e-02 1.955171115696430206e-03 1.562488637864589691e-02 8.068691939115524292e-03 3.712601959705352783e-02 8.584603071212768555e-01 8.261453360319137573e-03 1.873266184702515602e-03 1.069850102066993713e-02 1.912379823625087738e-02 2.977338619530200958e-03 7.523098960518836975e-03 2.518648840487003326e-02 3.161117061972618103e-02 4.514941573143005371e-02 1.128466427326202393e-02 1.633704639971256256e-02 7.643654476851224899e-03 2.183405868709087372e-02 2.843525074422359467e-02 1.512587256729602814e-02 1.892817392945289612e-02 1.094176527112722397e-02 2.483131596818566322e-03 1.608962006866931915e-02 1.573257381096482277e-03 1.788179948925971985e-02 1.944721490144729614e-02 3.566918428987264633e-03 1.461549755185842514e-02 8.259796537458896637e-03 2.033247426152229309e-02 1.842938177287578583e-02 6.987613625824451447e-03 9.037081035785377026e-04 1.506833266466856003e-02 4.988923668861389160e-03 1.725151948630809784e-02 1.537611521780490875e-02 1.580093614757061005e-02 1.989811891689896584e-03 3.815904958173632622e-03 3.082712355535477400e-04 1.825704239308834076e-02 2.054937556385993958e-02 3.037735633552074432e-02 4.189620725810527802e-03 6.910239346325397491e-03 8.822904899716377258e-03 1.123930211178958416e-03 1.513167563825845718e-02 3.020081855356693268e-02 1.624102704226970673e-02 2.241775207221508026e-02 4.609541967511177063e-03 3.868158673867583275e-03 7.928773760795593262e-03 1.986140944063663483e-02 1.056583598256111145e-03 2.789186779409646988e-03 1.477729529142379761e-02 2.281145751476287842e-02 1.581396162509918213e-02 6.958784535527229309e-03 1.303380541503429413e-02 2.461074292659759521e-02 2.120614983141422272e-02 1.610490120947360992e-02 6.441673263907432556e-03 3.070248104631900787e-02 9.937199763953685760e-03 1.830717734992504120e-02 2.666271850466728210e-02 4.173249006271362305e-02 1.996447332203388214e-02 5.312078818678855896e-02 5.839382647536695004e-04 9.448161581531167030e-04 3.866328671574592590e-02 5.462678521871566772e-02 2.489808946847915649e-02 4.003543406724929810e-02 1.298051141202449799e-02 1.223868131637573242e-02 1.433491427451372147e-02 4.283352196216583252e-02 2.406641095876693726e-02 1.604747027158737183e-02 2.160036563873291016e-02 1.464936695992946625e-02 2.376477420330047607e-02 2.243108302354812622e-02 1.518995966762304306e-02 2.394935302436351776e-02 2.228772453963756561e-02 2.339823357760906219e-02 2.366789616644382477e-02 1.711078360676765442e-02 1.036693528294563293e-02 1.983263529837131500e-02 5.623525066766887903e-05 4.230367951095104218e-03 1.607610657811164856e-02 1.299483515322208405e-02 1.784086972475051880e-02 2.412983961403369904e-02 6.914419587701559067e-03 1.170052215456962585e-02 5.194886121898889542e-03 3.479576669633388519e-03 7.419138681143522263e-03 1.652513258159160614e-02
2.295944839715957642e-02 1.982345804572105408e-02 5.764616653323173523e-03 1.126355025917291641e-02 6.422429811209440231e-03 2.066054381430149078e-02 2.369905635714530945e-02 2.998980693519115448e-02 1.834114268422126770e-02 8.261453360319137573e-03 8.584603071212768555e-01 1.262031681835651398e-02 4.166566580533981323e-02 1.230384130030870438e-02 3.488454222679138184e-02 1.434397976845502853e-02 9.184325113892555237e-03 3.349382663145661354e-03 4.791955929249525070e-03 1.573874615132808685e-02 2.127478644251823425e-02 3.237950801849365234e-02 1.770073361694812775e-02 1.791389286518096924e-02 1.938492991030216217e-02 2.485120482742786407e-02 3.006048128008842468e-02 1.420821808278560638e-02 3.410414233803749084e-02 9.437290951609611511e-03 1.832698471844196320e-02 1.581501401960849762e-02 2.592165395617485046e-02 1.661031693220138550e-02 1.995203830301761627e-02 1.976455934345722198e-02 1.978658325970172882e-02 2.948170527815818787e-02 6.827286910265684128e-03 6.070326082408428192e-03 2.597349695861339569e-02 1.298370957374572754e-02 1.254521426744759083e-03 2.457350119948387146e-02 1.447138725779950619e-03 5.861174780875444412e-03 2.369454503059387207e-02 1.930884271860122681e-02 1.955070160329341888e-02 1.434012968093156815e-02 3.511046292260289192e-03 3.840966848656535149e-03 3.416180983185768127e-02 2.653946727514266968e-02 2.105133607983589172e-02 1.682491600513458252e-02 2.716694958508014679e-02 2.689529582858085632e-02 2.597574144601821899e-02 2.361030504107475281e-02 1.839433796703815460e-02 1.610499992966651917e-02 1.653010584414005280e-02 2.025345154106616974e-02 3.147686645388603210e-02 2.619651705026626587e-02 1.183992065489292145e-02 9.557777084410190582e-03 1.588151231408119202e-02 2.562481909990310669e-02 1.265648938715457916e-02 2.373820170760154724e-02 6.049272604286670685e-03 2.366105653345584869e-02 1.658011693507432938e-03 2.426900528371334076e-02 1.581185124814510345e-02 5.325661506503820419e-03 7.745245005935430527e-03 2.880804277083370835e-05 1.339400094002485275e-02 2.319353632628917694e-02 6.795779801905155182e-03 2.960522891953587532e-03 1.931359805166721344e-02 8.409872651100158691e-03 2.929369360208511353e-02 2.865229174494743347e-02 5.192112177610397339e-03 1.617635949514806271e-03 2.846714854240417480e-02 3.021305054426193237e-02 2.297344990074634552e-02 2.900423109531402588e-02 1.212837640196084976e-02 1.929600909352302551e-02 2.586369402706623077e-02 2.178561128675937653e-02 8.177872747182846069e-03 5.356773268431425095e-03 2.193073555827140808e-02 2.214297465980052948e-02 2.585459314286708832e-02 2.603104338049888611e-02 2.740171924233436584e-02 2.943975478410720825e-02 1.868816092610359192e-02 2.564923278987407684e-02 1.565067842602729797e-02 1.886513456702232361e-02 2.704217657446861267e-02 1.969092153012752533e-02 1.068415958434343338e-02 6.432453170418739319e-03 2.653108164668083191e-02 7.869291119277477264e-03
5.274274386465549469e-03 9.454393759369850159e-03 3.822776954621076584e-03 1.289013214409351349e-02 6.755756679922342300e-03 3.707963228225708008e-02 3.335582464933395386e-02 2.952228067442774773e-03 1.347612682729959488e-02 1.873266184702515602e-03 1.262031681835651398e-02 8.584603071212768555e-01 1.818571006879210472e-03 9.282892942428588867e-02 4.292108118534088135e-03 7.173758000135421753e-03 6.950857583433389664e-03 1.640360802412033081e-03 2.243014052510261536e-02 2.596743288449943066e-04 1.227278448641300201e-02 7.519171573221683502e-03 2.696942538022994995e-02 1.690723374485969543e-02 1.813204260542988777e-03 2.071934984996914864e-03 1.080965157598257065e-02 7.549756020307540894e-02 1.192915835417807102e-03 6.507185101509094238e-02 2.373603545129299164e-02 1.090196333825588226e-02 2.620017854496836662e-03 2.254338003695011139e-02 7.696051616221666336e-03 7.560085970908403397e-03 4.003006033599376678e-03 2.703633159399032593e-03 1.533306087367236614e-03 2.118751872330904007e-03 2.061730017885565758e-03 2.257413929328322411e-03 1.958036050200462341e-02 2.134880051016807556e-02 4.743212834000587463e-02 2.641744166612625122e-02 2.003298699855804443e-02 6.820007227361202240e-03 4.213477019220590591e-03 2.079842239618301392e-02 2.279789745807647705e-02 2.271277830004692078e-02 1.562497019767761230e-02 1.665335334837436676e-02 8.429362787865102291e-04 2.831850433722138405e-03 1.949130557477474213e-02 5.721878726035356522e-03 1.364506594836711884e-02 8.209593594074249268e-03 9.821557439863681793e-03 2.739267423748970032e-02 2.904249122366309166e-04 8.431327529251575470e-03 1.628458686172962189e-02 5.246398970484733582e-03 1.677341572940349579e-02 2.479508332908153534e-02 1.353052258491516113e-02 1.674116938374936581e-04 1.747194491326808929e-02 1.674746279604732990e-03 7.063770201057195663e-03 3.539217170327901840e-03 7.736524101346731186e-03 8.796161040663719177e-03 1.100987661629915237e-02 1.390477456152439117e-02 5.270979553461074829e-02 1.795154437422752380e-02 1.367296371608972549e-02 3.543735248968005180e-03 1.493193302303552628e-02 2.826995041687041521e-04 4.093875642865896225e-03 1.177430804818868637e-02 7.742100395262241364e-03 2.363897328905295581e-05 5.653336271643638611e-02 9.723988361656665802e-03 1.942037418484687805e-02 6.950088776648044586e-03 2.847938332706689835e-03 2.859607571735978127e-03 4.462199751287698746e-03 6.560388021171092987e-03 9.889000793918967247e-04 2.568504540249705315e-03 2.083799615502357483e-02 2.334511093795299530e-02 7.558763027191162109e-04 4.319063387811183929e-03 6.455479306168854237e-04 2.289975760504603386e-03 7.006537634879350662e-04 3.014218993484973907e-03 8.320216089487075806e-03 1.107387989759445190e-02 1.762583293020725250e-02 1.732152700424194336e-02 3.769303904846310616e-03 4.282826092094182968e-03 3.620716743171215057e-03 1.205136254429817200e-02 7.252369076013565063e-03 2.063883468508720398e-02
1.479250378906726837e-02 2.370085939764976501e-02 2.862329594790935516e-03 1.190871931612491608e-02 2.771201077848672867e-03 2.268739044666290283e-02 2.843699604272842407e-02 3.128698095679283142e-02 1.758070103824138641e-02 1.069850102066993713e-02 4.166566580533981323e-02 1.818571006879210472e-03 8.584603071212768555e-01 5.866234656423330307e-03 3.076288476586341858e-02 1.463500037789344788e-02 1.122332829982042313e-02 1.686542993411421776e-03 2.415470778942108154e-03 1.375012286007404327e-02 2.204048633575439453e-02 3.015195950865745544e-02 1.925297453999519348e-02 1.926632598042488098e-02 2.057723142206668854e-02 2.363502234220504761e-02 2.732790261507034302e-02 3.243923652917146683e-03 2.988542057573795319e-02 6.189812440425157547e-03 2.466098591685295105e-02 2.146862819790840149e-02 2.652206458151340485e-02 2.087600342929363251e-02 1.605282910168170929e-02 1.782570034265518188e-02 1.875932887196540833e-02 2.803400345146656036e-02 1.035163737833499908e-02 1.417653542011976242e-02 2.299612946808338165e-02 9.994863532483577728e-03 5.439268425107002258e-04 2.824460342526435852e-02 8.081311360001564026e-03 5.034376867115497589e-03 2.310921996831893921e-02 2.496895194053649902e-02 2.029185555875301361e-02 1.780287362635135651e-02 2.132116118445992470e-03 3.333196975290775299e-03 2.987487614154815674e-02 2.409963496029376984e-02 1.820744574069976807e-02 1.477118302136659622e-02 2.104823291301727295e-02 2.445012517273426056e-02 2.402336709201335907e-02 2.244196087121963501e-02 1.727675087749958038e-02 1.653143577277660370e-02 1.465370971709489822e-02 1.957368291914463043e-02 2.854814752936363220e-02 3.258715569972991943e-02 1.539849583059549332e-02 1.063899137079715729e-02 1.339006423950195312e-02 1.955337636172771454e-02 1.093598548322916031e-02 1.863418705761432648e-02 1.630831160582602024e-03 1.909225806593894958e-02 6.317313527688384056e-04 1.931319385766983032e-02 1.185488607734441757e-02 5.628680810332298279e-03 8.287309319712221622e-04 3.230164758861064911e-03 1.740647479891777039e-02 2.693778648972511292e-02 1.257006544619798660e-02 4.781122319400310516e-03 2.276919223368167877e-02 1.558607816696166992e-02 2.809614315629005432e-02 3.396727517247200012e-02 8.031203411519527435e-03 3.003525547683238983e-03 2.589424513280391693e-02 2.834154106676578522e-02 2.758684009313583374e-02 3.025242313742637634e-02 1.458937488496303558e-02 1.538725849241018295e-02 2.065057121217250824e-02 2.036590129137039185e-02 4.367799498140811920e-03 6.510834209620952606e-03 2.554772794246673584e-02 2.442628331482410431e-02 2.248718962073326111e-02 2.096185274422168732e-02 2.909659966826438904e-02 2.549028769135475159e-02 1.768824458122253418e-02 1.994620077311992645e-02 1.502321381121873856e-02 2.403114736080169678e-02 2.380706742405891418e-02 1.804602146148681641e-02 9.989036247134208679e-03 9.291056543588638306e-03 2.542826347053050995e-02 1.351189427077770233e-02
