8.255079984664916992e-01 9.660032391548156738e-02 4.304471984505653381e-02 2.540869638323783875e-02 2.371048554778099060e-02 6.949766725301742554e-02 6.993994861841201782e-02 3.791885450482368469e-02 1.106445118784904480e-02 2.170792967081069946e-02 8.652909845113754272e-02 1.538835000246763229e-02 7.511173933744430542e-02 1.023572031408548355e-02 1.147925388067960739e-02 1.623718254268169403e-02 1.566583290696144104e-02 1.031751744449138641e-02 7.352492772042751312e-03 1.183117553591728210e-02 1.438562013208866119e-02 5.252569448202848434e-03 1.178784947842359543e-02 1.955725811421871185e-02 9.498510509729385376e-03 1.936323940753936768e-03 8.001850801520049572e-04 1.279737427830696106e-02 1.161579042673110962e-02 7.901104167103767395e-03 9.422953240573406219e-03 4.244818352162837982e-03 5.138525739312171936e-03 1.179748401045799255e-02 6.229269318282604218e-03 2.373146824538707733e-03 1.842993777245283127e-03 2.122282981872558594e-03 5.093478248454630375e-04 2.292414195835590363e-03 3.918583504855632782e-03 8.161344565451145172e-03 4.437156952917575836e-03 1.049492694437503815e-02 2.900404669344425201e-02 1.583799161016941071e-02 3.902278468012809753e-02 1.639670319855213165e-02 7.968063466250896454e-03 1.911808736622333527e-02 1.279409322887659073e-02 1.488250400871038437e-02 2.126023732125759125e-02 1.501092314720153809e-02 4.090412054210901260e-03 3.850459353998303413e-03 2.770388312637805939e-02 2.753008715808391571e-02 1.438346412032842636e-02 5.561599973589181900e-03 3.125673905014991760e-02 1.632447168231010437e-02 1.246458478271961212e-02 9.266485460102558136e-03 1.434164401143789291e-02 6.042713299393653870e-03 1.375556085258722305e-02 1.922960579395294189e-02 2.361039631068706512e-03 8.681667968630790710e-03 1.676671323366463184e-03 9.583991020917892456e-03 2.298499690368771553e-03 5.343791097402572632e-03 1.230951212346553802e-02 5.758629180490970612e-03 1.295014563947916031e-02 1.576035283505916595e-02 2.257559821009635925e-02 1.478925347328186035e-02 1.191428489983081818e-02 2.854552678763866425e-02 1.164579018950462341e-02 7.175490260124206543e-03 2.355528529733419418e-03 1.942146010696887970e-02 3.272016299888491631e-03 1.167701557278633118e-03 3.939414862543344498e-03 1.017539389431476593e-02 5.699812900274991989e-03 2.371047995984554291e-02 1.860145851969718933e-02 1.174287637695670128e-03 1.374846557155251503e-03 8.691170252859592438e-03 7.279222365468740463e-03 1.707960967905819416e-03 2.250263839960098267e-02 2.602292457595467567e-03 1.431615324690937996e-03 1.454147975891828537e-02 1.089947018772363663e-02 1.235374994575977325e-02 2.045578323304653168e-02 3.855612128973007202e-03 6.260762456804513931e-03 2.527735754847526550e-02 1.847614347934722900e-02 1.808807440102100372e-02 2.237139036878943443e-03 1.489531248807907104e-02 4.832958802580833435e-03 8.868792094290256500e-03 1.235659699887037277e-03 8.423288352787494659e-03
9.660032391548156738e-02 8.255079984664916992e-01 3.854862228035926819e-02 1.235147565603256226e-02 1.048763934522867203e-02 7.258136570453643799e-02 7.893747836351394653e-02 3.749706223607063293e-02 1.123444177210330963e-02 2.533605135977268219e-02 8.482470363378524780e-02 7.820459082722663879e-03 8.371041715145111084e-02 1.260637678205966949e-02 8.791305124759674072e-03 1.744330488145351410e-02 1.621636003255844116e-02 3.241767175495624542e-03 1.337853632867336273e-02 9.325545281171798706e-03 8.230694569647312164e-03 9.477330371737480164e-03 1.103451475501060486e-02 1.684028841555118561e-02 4.817191977053880692e-03 2.736540744081139565e-03 1.624356256797909737e-03 2.182931266725063324e-02 1.724096946418285370e-02 1.231827680021524429e-02 8.116625249385833740e-03 3.040884621441364288e-03 3.643129486590623856e-03 6.362871732562780380e-03 9.300800971686840057e-03 1.367211807519197464e-04 1.922455616295337677e-03 2.641373081132769585e-03 8.169851265847682953e-03 1.166915241628885269e-02 1.494740427006036043e-04 3.838662290945649147e-03 6.252221297472715378e-03 1.506647560745477676e-02 4.254136234521865845e-02 2.353176474571228027e-02 4.094384983181953430e-02 2.209449931979179382e-02 9.930094704031944275e-03 1.449718791991472244e-02 4.884632769972085953e-03 8.269163779914379120e-03 1.764375902712345123e-02 1.376438140869140625e-02 9.462475776672363281e-03 6.942953332327306271e-04 1.937660016119480133e-02 1.868362352252006531e-02 1.260804012417793274e-02 4.370906390249729156e-03 1.703153923153877258e-02 8.121302351355552673e-03 1.017054542899131775e-02 3.894850844517350197e-03 1.116423867642879486e-02 7.203854154795408249e-03 8.528821170330047607e-03 1.184569858014583588e-02 7.174431812018156052e-03 1.714512147009372711e-02 6.508189719170331955e-03 1.357788592576980591e-02 6.335759535431861877e-03 1.574286259710788727e-02 3.663320327177643776e-03 1.245143543928861618e-02 1.004750374704599380e-02 1.422761194407939911e-02 2.911782637238502502e-02 2.213607728481292725e-02 1.420327275991439819e-02 2.071371488273143768e-02 2.297380240634083748e-03 9.139223955571651459e-03 4.813134670257568359e-03 1.562846638262271881e-02 4.123199032619595528e-04 3.566751023754477501e-03 4.617886617779731750e-03 1.872739754617214203e-02 7.068479899317026138e-03 2.222228236496448517e-02 1.710072718560695648e-02 1.764106913469731808e-03 7.584392093122005463e-03 8.787746774032711983e-04 9.340490214526653290e-03 1.135717146098613739e-02 2.068477682769298553e-02 4.914721357636153698e-04 5.873432382941246033e-03 1.451478712260723114e-02 9.907044470310211182e-03 1.461969502270221710e-02 1.992127113044261932e-02 6.787296850234270096e-03 1.286109257489442825e-02 1.099412515759468079e-02 1.799324341118335724e-02 7.431498263031244278e-03 6.686304230242967606e-03 1.158396340906620026e-02 8.838494308292865753e-03 1.453533116728067398e-02 3.892242209985852242e-03 7.514181081205606461e-03
4.304471984505653381e-02 3.854862228035926819e-02 8.255079984664916992e-01 8.681789040565490723e-03 9.159648790955543518e-03 2.608445473015308380e-02 3.295745328068733215e-02 8.342807739973068237e-02 2.112418226897716522e-02 2.173710428178310394e-02 2.424323745071887970e-02 1.711143559077754617e-04 3.746049851179122925e-02 6.100914906710386276e-03 1.744778710417449474e-03 6.970207672566175461e-03 7.236286066472530365e-03 3.136085113510489464e-03 5.334114190191030502e-03 2.242878079414367676e-02 4.317368194460868835e-02 1.996264420449733734e-02 2.051582187414169312e-02 1.831745915114879608e-02 2.826043963432312012e-02 1.730487123131752014e-02 4.454999230802059174e-03 1.583987660706043243e-02 1.939585059881210327e-02 1.821530866436660290e-03 7.236762903630733490e-03 3.230106085538864136e-03 1.381725259125232697e-02 9.627418592572212219e-03 3.895659232512116432e-03 1.882624812424182892e-02 1.958492957055568695e-02 8.645864436402916908e-04 2.021459303796291351e-02 1.078642904758453369e-02 2.804283052682876587e-03 9.354917332530021667e-03 8.884534239768981934e-03 1.259733363986015320e-02 5.232482217252254486e-03 3.372110892087221146e-03 2.507936023175716400e-02 7.440139539539813995e-03 2.225084230303764343e-03 1.892768405377864838e-02 2.014831639826297760e-03 2.573384670540690422e-03 2.406139113008975983e-02 7.471268530935049057e-03 1.573334448039531708e-02 3.363037016242742538e-03 7.816742174327373505e-03 2.029696106910705566e-02 3.136795759201049805e-02 6.288402946665883064e-04 9.104524739086627960e-03 1.462935004383325577e-03 8.455465547740459442e-03 5.473789293318986893e-03 2.329174615442752838e-02 2.311954461038112640e-02 1.800716668367385864e-02 3.266238048672676086e-02 6.843958981335163116e-03 1.893399469554424286e-02 3.850500565022230148e-03 2.186210639774799347e-02 2.983078011311590672e-04 1.968179829418659210e-02 3.433388657867908478e-03 2.126324735581874847e-02 6.500665564090013504e-03 2.372627519071102142e-02 1.895060017704963684e-02 1.861814409494400024e-02 6.767152249813079834e-02 4.033401608467102051e-02 2.521219721529632807e-04 9.032213129103183746e-03 9.419293142855167389e-03 8.782744407653808594e-03 1.883160509169101715e-02 5.129743367433547974e-03 1.604189164936542511e-02 1.707068271934986115e-02 2.544296719133853912e-02 1.017957925796508789e-02 1.399383414536714554e-02 9.006367996335029602e-03 8.433770388364791870e-03 4.540920257568359375e-03 1.874822564423084259e-02 1.185895781964063644e-02 2.415128052234649658e-03 2.030166424810886383e-02 2.920844405889511108e-02 2.771261520683765411e-02 2.359206974506378174e-02 1.298980321735143661e-02 1.858604513108730316e-02 6.747911218553781509e-03 2.110344171524047852e-02 7.358515635132789612e-03 2.869904786348342896e-02 3.164329100400209427e-03 8.828209713101387024e-03 4.468878265470266342e-03 1.862247008830308914e-03 7.670660037547349930e-03 1.163541246205568314e-02 8.030736818909645081e-03
2.540869638323783875e-02 1.235147565603256226e-02 8.681789040565490723e-03 8.255079984664916992e-01 8.116539567708969116e-02 9.100107476115226746e-03 8.220636285841464996e-03 5.931054707616567612e-03 1.870876923203468323e-02 1.794620603322982788e-02 2.489860402420163155e-03 2.938455436378717422e-03 9.185652248561382294e-03 1.485067699104547501e-02 1.181497517973184586e-02 1.485914178192615509e-02 9.165447205305099487e-03 3.404538333415985107e-02 2.773479185998439789e-02 2.321017719805240631e-02 8.843556046485900879e-03 1.315660402178764343e-02 4.580946639180183411e-03 1.258625742048025131e-02 1.698478870093822479e-02 1.449670549482107162e-02 1.501883659511804581e-02 2.197358990088105202e-03 2.445388212800025940e-02 2.101465361192822456e-03 2.962590567767620087e-02 1.858048513531684875e-02 2.070792019367218018e-03 1.730977185070514679e-02 5.284303799271583557e-03 9.970527142286300659e-03 4.470684099942445755e-03 2.123950608074665070e-02 8.401982486248016357e-03 3.669744357466697693e-02 4.662247840315103531e-03 8.314346894621849060e-03 2.277198014780879021e-03 8.479675278067588806e-03 9.804870933294296265e-03 1.107014343142509460e-02 1.120819477364420891e-03 7.655300199985504150e-03 8.652094751596450806e-03 1.544573437422513962e-02 2.618412300944328308e-02 2.683381177484989166e-02 2.449148893356323242e-02 1.457779482007026672e-02 3.579366253688931465e-03 1.234882138669490814e-02 3.139636665582656860e-02 4.695296660065650940e-02 1.367962453514337540e-02 5.681528709828853607e-03 4.540453478693962097e-02 4.378575831651687622e-02 1.986216008663177490e-02 1.151184737682342529e-02 9.984542615711688995e-03 1.841339468955993652e-02 1.108098030090332031e-02 5.628779996186494827e-03 1.703210175037384033e-02 1.886779256165027618e-02 1.453193463385105133e-02 1.412385329604148865e-02 4.426356777548789978e-02 2.227594517171382904e-02 4.890584200620651245e-02 3.357340022921562195e-02 6.314296275377273560e-03 1.259541255421936512e-03 2.212807722389698029e-02 2.041577920317649841e-02 7.453857455402612686e-03 3.488130122423171997e-02 4.642535746097564697e-02 4.231225757393985987e-04 3.598225535824894905e-03 2.142986282706260681e-02 1.338088326156139374e-02 2.349616773426532745e-02 3.893284127116203308e-03 1.079860085155814886e-04 1.141509134322404861e-02 1.666219206526875496e-03 6.593264173716306686e-03 1.028760895133018494e-02 6.570730824023485184e-03 4.332743119448423386e-03 5.525483284145593643e-03 1.495151687413454056e-02 1.973263919353485107e-02 2.830261597409844398e-03 8.908719755709171295e-03 5.169771611690521240e-03 1.460759062319993973e-02 4.145218990743160248e-03 2.102534845471382141e-02 7.916499860584735870e-03 2.233405038714408875e-02 5.174321308732032776e-02 1.792842708528041840e-02 4.817853868007659912e-02 9.603924117982387543e-03 1.903386972844600677e-02 9.708506055176258087e-03 2.576530445367097855e-03 1.558526605367660522e-02 1.364187151193618774e-02
2.371048554778099060e-02 1.048763934522867203e-02 9.159648790955543518e-03 8.116539567708969116e-02 8.255079984664916992e-01 9.644218720495700836e-03 2.466735662892460823e-03 5.589419044554233551e-03 1.906977593898773193e-02 2.037860825657844543e-02 3.103852272033691406e-03 5.499545019119977951e-03 8.701543323695659637e-03 1.391811296343803406e-02 9.582075290381908417e-03 2.155607379972934723e-02 1.491694059222936630e-02 4.016359522938728333e-02 2.953599952161312103e-02 2.318186499178409576e-02 9.085212834179401398e-03 1.179780811071395874e-02 7.235862314701080322e-03 1.307842880487442017e-02 1.529232878237962723e-02 9.153641760349273682e-03 1.042745355516672134e-02 6.657276535406708717e-04 2.726669795811176300e-02 1.093845348805189133e-03 3.403527289628982544e-02 2.109503373503684998e-02 5.344936158508062363e-03 2.357608452439308167e-02 3.252387978136539459e-03 1.091087888926267624e-02 5.915009416639804840e-03 1.832199655473232269e-02 8.621419779956340790e-03 4.706777259707450867e-02 2.799680223688483238e-03 6.208836100995540619e-03 3.237222786992788315e-03 9.649193845689296722e-03 8.202873170375823975e-03 1.122387032955884933e-02 1.561406650580465794e-03 7.672156207263469696e-03 1.857989653944969177e-02 2.786088548600673676e-02 2.615132555365562439e-02 2.075974456965923309e-02 2.545400708913803101e-02 1.656061038374900818e-02 8.305411785840988159e-03 1.823381637223064899e-03 2.420233376324176788e-02 4.115759953856468201e-02 1.424742769449949265e-02 9.985062293708324432e-03 4.232692718505859375e-02 4.257582873106002808e-02 9.354264475405216217e-03 2.595474710687994957e-03 1.274797692894935608e-02 2.641170658171176910e-02 9.188462980091571808e-03 9.511657990515232086e-03 9.004893712699413300e-03 1.790504902601242065e-02 9.191794320940971375e-03 1.663947664201259613e-02 3.908354416489601135e-02 2.422066405415534973e-02 4.919332265853881836e-02 3.666379302740097046e-02 1.060968823730945587e-02 4.892524331808090210e-03 1.895622350275516510e-02 1.673739776015281677e-02 7.500433828681707382e-03 2.866030111908912659e-02 4.673144593834877014e-02 1.582943252287805080e-03 1.228796783834695816e-02 3.162087127566337585e-02 1.113893836736679077e-02 1.480419281870126724e-02 2.509280340746045113e-03 1.575821428559720516e-03 1.464338693767786026e-02 8.027625270187854767e-03 1.187732815742492676e-02 8.119930513203144073e-03 2.942367224022746086e-03 2.213473198935389519e-03 1.452396810054779053e-02 1.194063760340213776e-02 1.462643221020698547e-02 1.076287496834993362e-02 4.624919500201940536e-03 8.954361081123352051e-03 1.879196986556053162e-02 4.934297874569892883e-03 1.900162547826766968e-02 5.395805463194847107e-03 2.368821762502193451e-02 4.899623617529869080e-02 1.998904161155223846e-02 4.525228589773178101e-02 1.023944374173879623e-02 2.389994263648986816e-02 3.227444831281900406e-03 3.738245228305459023e-03 9.527022019028663635e-03 1.271640136837959290e-02
6.949766725301742554e-02 7.258136570453643799e-02 2.608445473015308380e-02 9.100107476115226746e-03 9.644218720495700836e-03 8.255079984664916992e-01 7.866840064525604248e-02 3.106814809143543243e-02 9.670012630522251129e-03 2.369829639792442322e-02 4.927865415811538696e-02 2.783709205687046051e-02 4.618803411722183228e-02 3.264500573277473450e-02 1.054197084158658981e-02 1.930852606892585754e-02 1.807601191103458405e-02 2.794165164232254028e-03 9.145438671112060547e-03 6.081346888095140457e-03 1.180660538375377655e-02 3.237947355955839157e-03 5.390496458858251572e-03 1.496131997555494308e-02 1.208113040775060654e-02 2.549367200117558241e-04 9.079066105186939240e-03 1.743861706927418709e-03 2.040058001875877380e-02 2.226363867521286011e-03 2.921877242624759674e-02 9.231027215719223022e-03 1.190488506108522415e-02 8.014190942049026489e-03 4.450176857062615454e-05 1.252309884876012802e-02 1.732180267572402954e-02 1.022016163915395737e-02 9.884865023195743561e-03 1.375153847038745880e-02 2.264061709865927696e-03 4.644720815122127533e-03 1.196650229394435883e-02 7.560836616903543472e-03 1.163495518267154694e-02 8.160598576068878174e-03 4.855892434716224670e-02 2.256645634770393372e-02 4.823788534849882126e-03 1.820458844304084778e-02 5.387563724070787430e-03 1.477413577958941460e-03 1.855023205280303955e-02 1.350581645965576172e-02 1.060086488723754883e-02 7.076213601976633072e-03 3.806248540058732033e-03 5.988814402371644974e-03 2.210665680468082428e-02 1.259918417781591415e-02 3.074580105021595955e-03 1.155350357294082642e-02 1.108898781239986420e-02 1.143338438123464584e-02 8.233002386987209320e-03 1.490243151783943176e-02 3.284682752564549446e-03 2.513631246984004974e-03 9.555336087942123413e-03 2.628045529127120972e-02 1.702709496021270752e-02 2.266689576208591461e-02 1.267750281840562820e-02 2.341376245021820068e-02 1.410601567476987839e-02 2.129785716533660889e-02 6.273221224546432495e-03 2.382927201688289642e-02 1.001943740993738174e-02 7.603074889630079269e-03 1.513675134629011154e-02 1.579715125262737274e-02 9.068943909369409084e-04 3.118273429572582245e-02 5.453117657452821732e-03 3.813375718891620636e-03 1.225466956384480000e-03 6.222266703844070435e-03 7.319834083318710327e-03 1.277705095708370209e-02 2.102692844346165657e-03 5.109999794512987137e-03 9.602951817214488983e-03 2.120754681527614594e-02 2.365013584494590759e-02 1.964804343879222870e-02 1.454270817339420319e-02 2.376974746584892273e-02 4.570396151393651962e-03 1.063011214137077332e-02 1.437031850218772888e-02 1.808015629649162292e-02 2.161686681210994720e-02 2.234410680830478668e-02 1.913590356707572937e-02 1.309562940150499344e-03 2.365913800895214081e-02 5.679896101355552673e-03 3.334254026412963867e-02 9.626932442188262939e-03 1.114236470311880112e-02 8.095650002360343933e-03 4.192274063825607300e-03 1.096924208104610443e-02 1.725611835718154907e-02 2.200058661401271820e-03
6.993994861841201782e-02 7.893747836351394653e-02 3.295745328068733215e-02 8.220636285841464996e-03 2.466735662892460823e-03 7.866840064525604248e-02 8.255079984664916992e-01 3.967870771884918213e-02 1.741769537329673767e-02 1.742217317223548889e-02 5.705292150378227234e-02 6.147971376776695251e-03 6.307853758335113525e-02 5.644722376018762589e-03 1.308443769812583923e-02 7.341952994465827942e-03 4.446359816938638687e-03 5.936596076935529709e-03 1.616273447871208191e-02 2.032000385224819183e-02 4.222075920552015305e-03 4.289101925678551197e-04 8.803861215710639954e-03 1.428014971315860748e-02 5.623281685984693468e-05 9.986639022827148438e-03 1.240541506558656693e-02 2.115070447325706482e-02 1.657805033028125763e-02 8.977855555713176727e-03 1.184318587183952332e-02 1.062831282615661621e-02 9.725719690322875977e-03 1.301206927746534348e-02 1.444568298757076263e-02 9.059377945959568024e-03 1.687363721430301666e-02 3.846421372145414352e-03 8.344003930687904358e-03 2.002788335084915161e-02 1.129574025981128216e-03 1.542846485972404480e-02 1.505490764975547791e-02 5.468758754432201385e-03 2.322209626436233521e-02 4.485566169023513794e-03 5.671946704387664795e-02 5.145698785781860352e-02 2.052303403615951538e-02 9.984743781387805939e-03 1.014384790323674679e-03 6.050981115549802780e-03 1.162056624889373779e-02 9.282349608838558197e-03 4.029999836347997189e-04 1.675128191709518433e-02 1.076572388410568237e-02 1.547171454876661301e-02 2.049727737903594971e-02 4.444157239049673080e-03 7.115938700735569000e-03 6.026593502610921860e-03 1.429044269025325775e-02 1.357258018106222153e-02 2.491988008841872215e-03 2.993321279063820839e-03 1.059051603078842163e-02 9.297781623899936676e-03 9.411160135641694069e-04 2.774245291948318481e-02 5.057049565948545933e-04 3.471824154257774353e-02 1.597305876202881336e-03 3.034412302076816559e-02 2.511898674129042774e-05 3.419858217239379883e-02 5.573882721364498138e-03 1.487729512155056000e-02 2.971915341913700104e-02 1.982391811907291412e-02 2.891163341701030731e-02 2.666301466524600983e-02 8.014505147002637386e-04 1.770146191120147705e-02 1.710211858153343201e-02 1.895644888281822205e-02 2.157055214047431946e-02 7.852635346353054047e-03 7.993934676051139832e-03 2.675450220704078674e-02 7.813826203346252441e-03 1.530036982148885727e-02 8.687959983944892883e-03 7.021441124379634857e-03 9.817332960665225983e-03 5.597126204520463943e-03 2.430239226669073105e-03 1.929492130875587463e-02 2.115676552057266235e-02 7.861961610615253448e-03 5.275521427392959595e-03 1.207598252221941948e-03 7.317865733057260513e-03 1.252199895679950714e-02 1.208280026912689209e-02 9.226589463651180267e-03 2.659613266587257385e-02 5.836875177919864655e-03 1.393419597297906876e-02 6.114897551015019417e-04 1.271112542599439621e-02 8.109005168080329895e-03 1.266266778111457825e-02 7.167493458837270737e-03 1.242315338458865881e-04 7.998221553862094879e-03
3.791885450482368469e-02 3.749706223607063293e-02 8.342807739973068237e-02 5.931054707616567612e-03 5.589419044554233551e-03 3.106814809143543243e-02 3.967870771884918213e-02 8.255079984664916992e-01 1.547393668442964554e-02 9.953843429684638977e-03 1.388917677104473114e-02 1.591646578162908554e-03 2.935321070253849030e-02 9.894918650388717651e-03 1.101306546479463577e-02 6.548915058374404907e-03 3.730780212208628654e-03 1.129727903753519058e-02 1.460692659020423889e-02 1.745180413126945496e-02 3.348807990550994873e-02 2.110469155013561249e-02 1.731329597532749176e-02 1.408571377396583557e-02 2.384642325341701508e-02 9.808590635657310486e-03 1.776498625986278057e-03 1.068095862865447998e-02 6.136571988463401794e-03 1.054054941050708294e-03 5.885420832782983780e-03 4.353318829089403152e-03 1.071314886212348938e-02 1.759296632371842861e-03 1.225857646204531193e-03 2.341319993138313293e-02 2.782246097922325134e-02 8.452747017145156860e-03 4.438500106334686279e-02 2.711619809269905090e-02 5.777150508947670460e-04 1.627283543348312378e-02 4.370033740997314453e-03 2.172265376430004835e-04 2.040765807032585144e-02 1.427568867802619934e-02 3.163971006870269775e-02 1.973895356059074402e-02 3.345525183249264956e-04 7.017479743808507919e-03 1.145927049219608307e-02 4.269819241017103195e-03 2.927671931684017181e-02 1.827346719801425934e-02 9.688373655080795288e-03 8.762995712459087372e-03 2.327838214114308357e-03 1.596388407051563263e-02 4.390537738800048828e-02 1.126522198319435120e-02 2.130575943738222122e-03 8.468398846162017435e-06 9.456088766455650330e-03 5.383287556469440460e-03 1.366025581955909729e-02 1.928591728210449219e-02 1.535348407924175262e-02 2.297424897551536560e-02 9.395434753969311714e-04 1.505533140152692795e-02 5.691166967153549194e-03 2.424027025699615479e-02 5.195219535380601883e-03 1.752046123147010803e-02 1.842321478761732578e-03 2.157031744718551636e-02 1.625469769351184368e-03 9.296316653490066528e-03 2.392065338790416718e-02 1.329620555043220520e-02 6.810182332992553711e-02 3.233129531145095825e-02 1.372831221669912338e-02 7.497408892959356308e-03 6.920169689692556858e-04 4.619042854756116867e-03 2.946591190993785858e-02 7.535469718277454376e-03 1.390402019023895264e-02 4.732198547571897507e-03 2.133425883948802948e-02 6.046441849321126938e-03 2.263797260820865631e-02 5.616271868348121643e-03 4.346983972936868668e-03 4.479805473238229752e-03 8.439884521067142487e-03 8.377639576792716980e-03 2.831424120813608170e-03 1.162285450845956802e-02 2.075798250734806061e-02 2.053916640579700470e-02 1.242780312895774841e-02 8.500623516738414764e-03 2.545380406081676483e-02 7.465593516826629639e-03 2.398127503693103790e-02 1.820203731767833233e-03 1.485476735979318619e-02 8.885552524589002132e-04 6.743188481777906418e-03 3.487040157779119909e-05 6.665055174380540848e-03 2.836724743247032166e-03 4.159768577665090561e-04 6.092992611229419708e-03
1.106445118784904480e-02 1.123444177210330963e-02 2.112418226897716522e-02 1.870876923203468323e-02 1.906977593898773193e-02 9.670012630522251129e-03 1.741769537329673767e-02 1.547393668442964554e-02 8.255079984664916992e-01 4.130286723375320435e-02 1.515687163919210434e-02 3.022798895835876465e-02 2.461661770939826965e-02 2.796468324959278107e-02 6.946421344764530659e-04 2.406680025160312653e-02 2.080953307449817657e-02 3.015700913965702057e-02 2.329129911959171295e-02 2.453985624015331268e-02 8.387246169149875641e-03 1.303465222008526325e-03 4.584381729364395142e-02 3.436338528990745544e-02 1.537106558680534363e-02 4.753028042614459991e-03 6.179690361022949219e-03 1.034628786146640778e-02 2.884626761078834534e-02 1.305075641721487045e-02 3.246209397912025452e-02 1.973340846598148346e-02 3.186781425029039383e-03 5.249835085123777390e-04 1.877925242297351360e-03 2.137938514351844788e-02 1.623152568936347961e-02 4.518704954534769058e-03 7.935893721878528595e-03 2.042963169515132904e-02 5.953141488134860992e-03 3.852749615907669067e-02 4.962803330272436142e-03 7.157257292419672012e-03 2.908741869032382965e-02 7.649212609976530075e-03 2.767187543213367462e-02 2.550573460757732391e-02 2.793422900140285492e-02 1.249764580279588699e-02 1.261718384921550751e-02 7.516951882280409336e-04 3.009735373780131340e-03 3.891868516802787781e-03 2.104375697672367096e-02 7.956476183608174324e-04 1.227139495313167572e-02 7.053346373140811920e-03 5.898259696550667286e-04 8.791559375822544098e-03 1.104280259460210800e-02 5.049005150794982910e-03 5.750598385930061340e-03 3.402545116841793060e-03 3.746606037020683289e-02 4.030829668045043945e-02 2.504619956016540527e-02 1.171443145722150803e-02 2.089828439056873322e-02 7.953937165439128876e-03 1.122736930847167969e-02 1.614763401448726654e-02 2.085674181580543518e-02 7.518323138356208801e-03 1.355983782559633255e-02 4.432706919033080339e-04 6.733648478984832764e-02 4.803685471415519714e-02 4.911973327398300171e-02 3.290328383445739746e-02 1.485923025757074356e-02 1.997251436114311218e-02 2.893985062837600708e-02 8.214001543819904327e-03 1.082274969667196274e-02 5.338201299309730530e-03 9.538859128952026367e-03 1.995916012674570084e-03 4.256521165370941162e-02 3.380634635686874390e-02 2.255699038505554199e-02 1.571752503514289856e-02 2.275821007788181305e-02 1.724890060722827911e-02 1.234095729887485504e-02 2.412910386919975281e-02 2.178271999582648277e-03 4.355509765446186066e-03 3.948897868394851685e-02 1.889507658779621124e-02 1.164621114730834961e-02 4.601269960403442383e-03 3.981580026447772980e-03 1.278749434277415276e-03 9.250269504263997078e-04 1.499164476990699768e-02 2.048063464462757111e-02 1.656001433730125427e-02 1.825252361595630646e-02 1.371495518833398819e-02 6.221709307283163071e-03 8.262861520051956177e-04 1.430861419066786766e-03 1.543892198242247105e-03 2.098383940756320953e-02 1.946704648435115814e-02
2.170792967081069946e-02 2.533605135977268219e-02 2.173710428178310394e-02 1.794620603322982788e-02 2.037860825657844543e-02 2.369829639792442322e-02 1.742217317223548889e-02 9.953843429684638977e-03 4.130286723375320435e-02 8.255079984664916992e-01 1.633883453905582428e-02 3.963654860854148865e-03 2.707475610077381134e-02 2.120823971927165985e-02 2.365366555750370026e-03 2.353219129145145416e-02 1.932811550796031952e-02 1.008877903223037720e-02 8.757383562624454498e-03 1.282442919909954071e-02 1.155606005340814590e-03 8.390498347580432892e-03 4.851077869534492493e-02 4.260015860199928284e-02 7.948625832796096802e-03 4.654185380786657333e-03 1.854635891504585743e-03 7.988107390701770782e-03 2.889590896666049957e-02 3.899625269696116447e-03 2.357425168156623840e-02 2.368559874594211578e-02 1.091476809233427048e-02 2.404023148119449615e-02 7.047470193356275558e-03 1.408005133271217346e-02 1.309875864535570145e-02 9.804269298911094666e-03 9.429671801626682281e-03 5.285531282424926758e-03 4.868463147431612015e-03 2.887569554150104523e-02 2.553622983396053314e-02 8.081182837486267090e-03 1.246139407157897949e-02 1.003787014633417130e-02 2.249962463974952698e-02 1.432706229388713837e-02 2.149257995188236237e-02 4.533345624804496765e-02 6.923499051481485367e-03 1.304176636040210724e-02 1.742631010711193085e-02 1.552352402359247208e-02 2.500907331705093384e-02 2.261564321815967560e-02 1.851625042036175728e-03 1.311869564233347774e-04 2.008383348584175110e-02 2.422423567622900009e-03 3.037935355678200722e-03 3.277828218415379524e-03 1.830599084496498108e-02 6.718561984598636627e-03 1.850171573460102081e-02 2.422052249312400818e-02 1.075667887926101685e-02 1.993685873458161950e-04 1.230805460363626480e-02 1.211041770875453949e-02 1.231549121439456940e-02 1.752212410792708397e-04 6.111125927418470383e-03 6.336129270493984222e-03 3.129868069663643837e-03 2.023875154554843903e-02 2.765310183167457581e-02 4.785708710551261902e-02 2.897495403885841370e-02 4.017774388194084167e-02 2.548230253159999847e-02 1.906431838870048523e-02 1.840643212199211121e-02 2.305726520717144012e-02 1.211348269134759903e-02 2.582375705242156982e-02 7.574537303298711777e-03 3.484221640974283218e-03 4.545087926089763641e-03 3.217446431517601013e-02 2.278164215385913849e-02 3.660914255306124687e-03 1.306125894188880920e-02 4.617929458618164062e-03 1.150692161172628403e-02 2.345534600317478180e-02 2.798031084239482880e-02 1.090045180171728134e-02 2.351894229650497437e-02 3.339327126741409302e-02 2.227924764156341553e-02 2.403096854686737061e-02 2.250686101615428925e-02 9.201109642162919044e-04 2.391139790415763855e-02 2.900311490520834923e-03 2.164762653410434723e-02 2.561910077929496765e-02 2.285292744636535645e-02 1.857662945985794067e-02 1.408307463862001896e-03 3.143744077533483505e-03 1.325442269444465637e-02 2.056857571005821228e-02 1.075066346675157547e-02 1.495265681296586990e-02
8.652909845113754272e-02 8.482470363378524780e-02 2.424323745071887970e-02 2.489860402420163155e-03 3.103852272033691406e-03 4.927865415811538696e-02 5.705292150378227234e-02 1.388917677104473114e-02 1.515687163919210434e-02 1.633883453905582428e-02 8.255079984664916992e-01 2.763197699096053839e-04 8.071976155042648315e-02 5.083945114165544510e-03 3.053153492510318756e-02 2.853402169421315193e-03 1.106219831854104996e-03 8.160222321748733521e-03 1.365626603364944458e-02 1.163387764245271683e-02 1.252246322110295296e-03 3.192505612969398499e-02 1.002225745469331741e-02 9.965010918676853180e-03 2.390032168477773666e-03 5.408433265984058380e-03 1.427942886948585510e-02 1.702923793345689774e-03 1.754050329327583313e-02 5.863568745553493500e-03 1.787945255637168884e-02 7.397582288831472397e-03 1.204835530370473862e-02 8.787867613136768341e-03 1.371345575898885727e-02 2.335209026932716370e-02 2.600349858403205872e-02 5.347487516701221466e-03 1.011735387146472931e-02 7.511917036026716232e-03 1.278248336166143417e-02 7.761258631944656372e-03 2.601558109745383263e-03 2.664268389344215393e-02 2.601636946201324463e-02 2.247667126357555389e-02 3.044244647026062012e-02 2.055062353610992432e-02 8.779115043580532074e-03 7.393906707875430584e-04 7.029539119685068727e-05 6.567439530044794083e-03 8.973467163741588593e-03 8.368559181690216064e-03 5.819045472890138626e-03 1.327877677977085114e-02 1.299278251826763153e-02 4.272522404789924622e-03 5.418818444013595581e-03 1.492248009890317917e-02 2.097713947296142578e-02 1.332332659512758255e-02 1.956732012331485748e-02 1.735972426831722260e-02 2.760088443756103516e-02 7.912407629191875458e-03 3.857749397866427898e-04 2.264987444505095482e-03 5.997843109071254730e-03 8.777152979746460915e-04 1.853696769103407860e-03 5.086930934339761734e-03 4.462049808353185654e-03 1.925036893226206303e-03 6.780686322599649429e-03 1.282496470957994461e-02 4.125803534407168627e-04 2.062241919338703156e-02 2.416429296135902405e-02 2.598295360803604126e-02 5.132814869284629822e-03 4.600131884217262268e-03 1.340444665402173996e-02 1.087750960141420364e-02 1.224948000162839890e-02 2.206909842789173126e-02 3.269857540726661682e-02 1.486262865364551544e-02 4.066881723701953888e-03 1.618644036352634430e-02 1.788567751646041870e-02 4.654569551348686218e-02 2.475824020802974701e-02 2.345799095928668976e-02 8.752036839723587036e-03 9.490775875747203827e-03 6.458929739892482758e-03 1.951891754288226366e-04 1.175793632864952087e-02 6.123944651335477829e-03 3.674820996820926666e-03 4.292585421353578568e-03 1.036937534809112549e-02 4.042961634695529938e-03 3.478230210021138191e-04 1.103368308395147324e-02 1.016280241310596466e-02 1.348487939685583115e-02 3.233244176954030991e-03 4.179556388407945633e-03 9.302633814513683319e-03 1.667709648609161377e-02 1.608009822666645050e-02 1.459089852869510651e-02 1.434548944234848022e-02 1.887786574661731720e-02
1.538835000246763229e-02 7.820459082722663879e-03 1.711143559077754617e-04 2.938455436378717422e-03 5.499545019119977951e-03 2.783709205687046051e-02 6.147971376776695251e-03 1.591646578162908554e-03 3.022798895835876465e-02 3.963654860854148865e-03 2.763197699096053839e-04 8.255079984664916992e-01 1.572193764150142670e-02 7.147912681102752686e-02 3.559787943959236145e-02 7.822130806744098663e-03 8.384630084037780762e-03 3.912664949893951416e-03 2.269951393827795982e-03 2.152589894831180573e-02 1.584184914827346802e-02 3.306988393887877464e-03 1.356090139597654343e-02 9.098642505705356598e-03 1.554572768509387970e-02 1.358961017103865743e-04 1.667497865855693817e-02 4.415432736277580261e-02 1.625249907374382019e-02 2.461005374789237976e-02 3.319310396909713745e-02 2.050842344760894775e-02 1.065289508551359177e-02 3.236000239849090576e-02 1.146587822586297989e-02 7.643697317689657211e-03 1.017529238015413284e-02 2.879595849663019180e-03 1.651803217828273773e-02 3.813187824562191963e-03 1.754214987158775330e-02 1.757834479212760925e-02 1.789586059749126434e-02 2.228283509612083435e-02 3.377264738082885742e-02 3.985546994954347610e-03 6.360251922160387039e-03 2.586003392934799194e-02 5.815844982862472534e-03 1.762020587921142578e-02 2.398851327598094940e-02 3.003094159066677094e-02 2.452761121094226837e-02 2.122014015913009644e-02 1.087456010282039642e-02 6.910052150487899780e-03 3.286119177937507629e-02 1.520990487188100815e-02 1.390904467552900314e-02 2.764069288969039917e-02 5.585198756307363510e-03 1.283027697354555130e-02 1.641006092540919781e-03 9.054131805896759033e-03 2.619592845439910889e-02 4.266643524169921875e-02 3.937019035220146179e-02 1.940005086362361908e-02 1.795366592705249786e-02 8.795733563601970673e-03 6.809143349528312683e-03 2.683654054999351501e-02 7.637115195393562317e-03 1.522700954228639603e-02 6.528394762426614761e-03 3.371595963835716248e-02 3.176837414503097534e-02 1.633121632039546967e-02 3.584419190883636475e-02 4.947656299918889999e-03 1.776921562850475311e-03 2.904459601268172264e-03 7.593109272420406342e-03 6.809567566961050034e-03 2.062772028148174286e-02 6.258383393287658691e-03 2.556219696998596191e-02 9.139376692473888397e-03 5.489332601428031921e-02 3.381304815411567688e-02 1.105779316276311874e-02 3.089915262535214424e-03 2.148668095469474792e-02 1.970322057604789734e-02 1.013752631843090057e-02 3.120044944807887077e-03 8.894299156963825226e-03 1.700440607964992523e-02 5.143044516444206238e-03 3.767433809116482735e-03 8.616720326244831085e-03 1.542949955910444260e-02 6.971650291234254837e-03 1.180440001189708710e-02 2.111651189625263214e-02 6.820346694439649582e-03 1.909362268634140491e-03 4.869377240538597107e-03 1.819215831346809864e-03 7.468363270163536072e-03 1.739377900958061218e-02 3.726291283965110779e-02 6.265387404710054398e-03 1.407092786394059658e-03 3.531680558808147907e-04 1.302822399884462357e-02
7.511173933744430542e-02 8.371041715145111084e-02 3.746049851179122925e-02 9.185652248561382294e-03 8.701543323695659637e-03 4.618803411722183228e-02 6.307853758335113525e-02 2.935321070253849030e-02 2.461661770939826965e-02 2.707475610077381134e-02 8.071976155042648315e-02 1.572193764150142670e-02 8.255079984664916992e-01 6.336342077702283859e-03 1.787745207548141479e-02 7.410513702780008316e-03 3.296848619356751442e-03 1.292641856707632542e-03 2.482687495648860931e-02 1.382872834801673889e-02 4.590463824570178986e-03 2.589352987706661224e-02 1.491914968937635422e-02 1.034692209213972092e-02 4.505277611315250397e-03 4.751465283334255219e-03 1.762879081070423126e-02 1.335127186030149460e-02 6.354246754199266434e-03 8.047269657254219055e-03 5.916459951549768448e-03 7.945957593619823456e-03 1.344973314553499222e-02 1.491477806121110916e-02 2.573573961853981018e-02 9.465631097555160522e-03 8.637633174657821655e-03 1.169116515666246414e-02 4.272563382983207703e-03 2.872909186407923698e-03 5.718987435102462769e-03 5.387695040553808212e-03 3.030959982424974442e-03 1.915691234171390533e-02 4.562636092305183411e-02 2.675873227417469025e-02 3.504352644085884094e-02 3.660246357321739197e-02 1.313743833452463150e-02 3.252647351473569870e-03 5.834910087287425995e-03 1.034591533243656158e-02 4.676557611674070358e-03 1.057699788361787796e-02 4.186925012618303299e-03 1.384901721030473709e-02 2.866409951820969582e-03 9.367045946419239044e-03 5.198069382458925247e-03 2.128243073821067810e-02 1.881115324795246124e-02 1.585005968809127808e-02 1.142640598118305206e-02 1.292928587645292282e-02 2.887860499322414398e-02 3.887658193707466125e-02 7.975013926625251770e-03 5.689904093742370605e-03 9.199753403663635254e-03 7.815492339432239532e-03 3.541369456797838211e-03 5.001341458410024643e-03 9.870161302387714386e-04 1.193262264132499695e-02 9.858807548880577087e-03 1.524705439805984497e-02 2.771278144791722298e-03 2.286288328468799591e-02 3.263946995139122009e-02 3.465440869331359863e-02 1.102188508957624435e-02 6.096576806157827377e-03 1.402312307618558407e-03 1.741561479866504669e-02 1.595416851341724396e-02 2.311134897172451019e-02 1.107389107346534729e-02 2.315126545727252960e-02 1.540705468505620956e-02 2.452185191214084625e-02 7.398785674013197422e-04 3.282211720943450928e-02 7.799051236361265182e-03 3.401938080787658691e-02 3.068398917093873024e-03 7.296031340956687927e-03 2.449929248541593552e-03 1.091567985713481903e-02 1.911897212266921997e-02 4.683178383857011795e-03 1.845118822529911995e-03 1.667916076257824898e-03 4.694870673120021820e-03 8.725957944989204407e-03 2.313368488103151321e-03 1.673081517219543457e-02 9.583004750311374664e-03 2.071698429062962532e-03 9.950970299541950226e-03 3.946542739868164062e-03 1.577861723490059376e-03 1.203342061489820480e-02 1.331188436597585678e-02 1.887236908078193665e-02 2.618844155222177505e-03 2.090452611446380615e-02
