8.386554121971130371e-01 5.233405902981758118e-02 1.657770201563835144e-02 1.063704025000333786e-02 1.551804598420858383e-02 4.382706061005592346e-02 4.182785376906394958e-02 2.375222742557525635e-02 2.530167344957590103e-03 1.858865842223167419e-02 5.010583624243736267e-02 2.037266083061695099e-02 4.486500471830368042e-02 2.812384441494941711e-02 3.331982344388961792e-02 1.217585886479355395e-04 1.690387143753468990e-03 2.974528353661298752e-03 1.817926391959190369e-02 1.477094180881977081e-02 1.485146302729845047e-02 3.472678363323211670e-02 1.397009752690792084e-02 1.360075082629919052e-02 9.961815550923347473e-03 1.528595294803380966e-02 2.465591579675674438e-02 1.047446951270103455e-02 1.761419139802455902e-02 5.360619165003299713e-03 2.119440771639347076e-02 2.254199469462037086e-03 5.040655843913555145e-03 1.201130915433168411e-02 1.497475896030664444e-02 2.573488978669047356e-03 7.547689601778984070e-03 2.462518773972988129e-02 1.858625188469886780e-02 1.321086846292018890e-02 2.392402105033397675e-02 8.088537491858005524e-03 1.819281093776226044e-02 3.073863312602043152e-02 1.366673409938812256e-02 2.749285846948623657e-02 3.468108177185058594e-02 3.690682351589202881e-02 1.048772595822811127e-03 2.191427908837795258e-02 1.371845044195652008e-02 1.623258739709854126e-02 1.095708087086677551e-02 2.086121588945388794e-02 8.098995895124971867e-04 1.855004765093326569e-02 1.602051034569740295e-02 2.484211884438991547e-02 1.991244591772556305e-02 2.891905046999454498e-02 3.038218943402171135e-03 1.591030508279800415e-02 6.735123693943023682e-03 7.393901236355304718e-03 3.313046693801879883e-02 3.497046232223510742e-02 1.098849903792142868e-02 1.616133376955986023e-02 1.098458375781774521e-02 2.827131375670433044e-02 7.004050072282552719e-03 2.631195075809955597e-02 1.006889715790748596e-02 2.822023257613182068e-02 1.214282028377056122e-02 1.747929304838180542e-02 1.742408494465053082e-03 2.474794909358024597e-02 7.002114318311214447e-03 9.686046279966831207e-03 2.479092031717300415e-02 1.461403071880340576e-02 7.639530114829540253e-03 1.411216054111719131e-02 1.900705136358737946e-02 1.287127472460269928e-02 3.034589998424053192e-02 3.066951967775821686e-02 2.076146006584167480e-02 2.890679426491260529e-02 3.030264005064964294e-02 3.132435679435729980e-02 3.052322193980216980e-02 2.765562571585178375e-02 1.201937207952141762e-03 8.897184394299983978e-03 2.766717039048671722e-02 1.428105589002370834e-02 1.054047327488660812e-02 1.646013930439949036e-02 1.012737303972244263e-02 1.279976032674312592e-02 2.781401760876178741e-02 2.463309839367866516e-02 4.982682410627603531e-03 1.817693933844566345e-02 1.103261858224868774e-02 4.207760095596313477e-03 1.326144672930240631e-02 2.332342416048049927e-02 3.172094002366065979e-02 2.731451019644737244e-02 9.853094816207885742e-03 2.262896858155727386e-02 1.732891425490379333e-02 9.583996608853340149e-03
5.233405902981758118e-02 8.386554121971130371e-01 1.628886349499225616e-02 1.387914549559354782e-02 1.933206617832183838e-02 4.423618316650390625e-02 4.378836229443550110e-02 2.408086322247982025e-02 3.925610144506208599e-05 1.850828528404235840e-02 4.709209874272346497e-02 2.081106044352054596e-02 4.636446386575698853e-02 3.127761557698249817e-02 2.950200065970420837e-02 3.276027273386716843e-03 6.189356092363595963e-03 6.787197664380073547e-03 2.217476628720760345e-02 1.376181747764348984e-02 1.545396819710731506e-02 3.354985639452934265e-02 1.916966959834098816e-02 1.673524640500545502e-02 1.350277010351419449e-02 1.781889609992504120e-02 2.462428808212280273e-02 1.259197108447551727e-02 1.680756174027919769e-02 8.324088528752326965e-03 2.106265537440776825e-02 2.409211825579404831e-03 2.209518337622284889e-03 1.364704780280590057e-02 1.640110835433006287e-02 3.330006729811429977e-03 7.472334895282983780e-03 2.140978910028934479e-02 2.043402194976806641e-02 1.658119820058345795e-02 2.027821354568004608e-02 6.808567326515913010e-03 1.662077195942401886e-02 2.690551057457923889e-02 1.270069181919097900e-02 2.616351284086704254e-02 3.239752724766731262e-02 3.688700497150421143e-02 1.665695570409297943e-03 1.836745440959930420e-02 1.382620260119438171e-02 1.479998230934143066e-02 5.981844384223222733e-03 1.938856020569801331e-02 4.467283142730593681e-04 1.532268524169921875e-02 1.770004071295261383e-02 2.549958974123001099e-02 1.422439515590667725e-02 2.835472859442234039e-02 4.320516251027584076e-03 1.865048706531524658e-02 6.255305837839841843e-03 4.080411978065967560e-03 3.238120302557945251e-02 3.209814801812171936e-02 1.039330381900072098e-02 1.683729141950607300e-02 1.001704856753349304e-02 2.520631439983844757e-02 6.485319696366786957e-03 2.258239500224590302e-02 1.077156327664852142e-02 2.509567886590957642e-02 1.450667437165975571e-02 1.809968613088130951e-02 4.669617046602070332e-04 2.412713132798671722e-02 5.206141155213117599e-03 9.004391729831695557e-03 2.217792533338069916e-02 1.267697755247354507e-02 5.606981460005044937e-03 1.666472852230072021e-02 2.006384171545505524e-02 1.229157112538814545e-02 2.708551287651062012e-02 2.823313884437084198e-02 2.325288020074367523e-02 2.886562794446945190e-02 3.233337029814720154e-02 2.785213105380535126e-02 3.163607418537139893e-02 2.623291872441768646e-02 8.783330849837511778e-05 1.155259367078542709e-02 2.426779270172119141e-02 1.575573347508907318e-02 1.186846941709518433e-02 1.912352815270423889e-02 1.457645371556282043e-02 1.584057323634624481e-02 2.411691285669803619e-02 2.044265531003475189e-02 1.105750165879726410e-02 1.706519536674022675e-02 1.085351034998893738e-02 2.121288329362869263e-03 1.688252948224544525e-02 2.215387485921382904e-02 2.635393105447292328e-02 2.349216490983963013e-02 7.646643090993165970e-03 2.020465768873691559e-02 1.389424968510866165e-02 8.286108262836933136e-03
1.657770201563835144e-02 1.628886349499225616e-02 8.386554121971130371e-01 1.283016614615917206e-02 1.289224065840244293e-02 1.908417791128158569e-02 1.499494351446628571e-02 4.539451003074645996e-02 9.925164282321929932e-03 1.557287480682134628e-02 2.399595268070697784e-02 4.382192157208919525e-03 2.194054052233695984e-02 8.352592587471008301e-03 3.003930114209651947e-02 1.200569979846477509e-02 1.405762135982513428e-02 3.664912423118948936e-03 1.874215342104434967e-02 1.005293801426887512e-02 1.059147063642740250e-02 1.543931197375059128e-02 1.299702748656272888e-02 2.372732618823647499e-03 1.064448268152773380e-03 4.296398721635341644e-03 1.507441513240337372e-02 8.845401927828788757e-03 1.298645511269569397e-02 7.561520207673311234e-03 8.307197131216526031e-03 9.867869317531585693e-03 7.480108179152011871e-03 7.769749034196138382e-03 4.820605739951133728e-03 1.602209545671939850e-02 5.950817372649908066e-03 1.067178882658481598e-02 6.627719267271459103e-04 1.512091513723134995e-02 4.801853094249963760e-03 1.365492958575487137e-02 1.316657289862632751e-02 2.683533541858196259e-02 1.381263416260480881e-02 1.316363643854856491e-02 1.062143011949956417e-03 1.772234402596950531e-02 2.765452675521373749e-02 9.788999333977699280e-03 1.234474964439868927e-02 9.446534328162670135e-03 2.039413154125213623e-02 2.457216195762157440e-02 3.509584069252014160e-02 1.666766032576560974e-02 3.552040085196495056e-03 5.764718633145093918e-03 2.270666509866714478e-02 3.994880616664886475e-02 1.585075818002223969e-02 1.008314453065395355e-02 3.796707838773727417e-02 2.609390951693058014e-02 1.398647949099540710e-02 1.081212610006332397e-02 6.677998695522546768e-03 4.926285706460475922e-03 8.188819512724876404e-03 1.294624153524637222e-02 1.197691261768341064e-02 4.815275315195322037e-03 2.325540594756603241e-02 1.451374497264623642e-02 6.648422684520483017e-03 6.794960703700780869e-03 1.152146421372890472e-02 4.512991756200790405e-03 2.150616236031055450e-02 8.595092222094535828e-03 4.231997951865196228e-02 5.018754303455352783e-02 1.272790879011154175e-02 6.635641213506460190e-03 6.589830387383699417e-03 2.611004514619708061e-03 2.013074047863483429e-02 3.613268211483955383e-02 9.098668582737445831e-03 9.613018482923507690e-03 2.334254328161478043e-03 3.831718116998672485e-03 7.403375115245580673e-03 1.318685151636600494e-02 1.437805872410535812e-02 1.253112033009529114e-02 9.710137732326984406e-03 1.052904059179127216e-03 8.706466760486364365e-04 4.049681592732667923e-03 3.400538815185427666e-03 3.204205771908164024e-03 4.182082484476268291e-04 1.280181296169757843e-02 1.520428899675607681e-02 2.825751900672912598e-02 9.028467349708080292e-03 2.821568865329027176e-03 1.153887715190649033e-02 1.072422042489051819e-02 9.334862232208251953e-03 1.043615862727165222e-02 7.916017435491085052e-03 7.384791970252990723e-03 1.803417690098285675e-02 3.700849832966923714e-03
1.063704025000333786e-02 1.387914549559354782e-02 1.283016614615917206e-02 8.386554121971130371e-01 6.965657323598861694e-02 6.639832863584160805e-04 4.505241755396127701e-03 1.933968998491764069e-02 6.583513226360082626e-03 2.819637954235076904e-02 1.325907185673713684e-02 9.862028993666172028e-03 1.176238153129816055e-02 1.654030568897724152e-02 1.156589016318321228e-02 1.608240231871604919e-02 2.071728743612766266e-02 3.852380439639091492e-02 1.866851188242435455e-02 1.079898793250322342e-02 9.617865085601806641e-03 7.818693295121192932e-03 4.269395722076296806e-04 2.077977173030376434e-03 3.089433535933494568e-03 5.240948667051270604e-05 1.309804618358612061e-02 1.148849166929721832e-02 2.614190569147467613e-03 1.795881614089012146e-02 1.090552750974893570e-02 9.592458605766296387e-03 5.252773407846689224e-03 6.920941639691591263e-03 1.393944583833217621e-02 8.592309430241584778e-03 1.425072178244590759e-02 1.848679594695568085e-02 3.803224861621856689e-02 5.540223419666290283e-02 1.050149276852607727e-02 1.115415710955858231e-02 1.224956940859556198e-02 9.851075708866119385e-03 6.720531382597982883e-04 8.046558126807212830e-03 7.460138760507106781e-03 9.218757972121238708e-03 7.526891771703958511e-03 1.911155693233013153e-02 1.638494431972503662e-02 9.992155246436595917e-03 3.636911744251847267e-03 3.860661759972572327e-03 2.506878925487399101e-03 2.076762728393077850e-02 1.147249154746532440e-02 1.769795781001448631e-03 1.776222325861454010e-02 1.285842526704072952e-02 1.303606014698743820e-02 3.250886127352714539e-02 7.331445347517728806e-03 5.051900632679462433e-03 6.179847288876771927e-03 1.722131855785846710e-04 1.719236932694911957e-02 1.236586272716522217e-02 1.011646445840597153e-02 2.711302367970347404e-03 2.394550666213035583e-02 4.492044914513826370e-03 5.828357860445976257e-02 1.122746989130973816e-02 3.886774182319641113e-02 9.187547490000724792e-03 4.237650427967309952e-03 8.587916381657123566e-03 5.969439167529344559e-03 2.919370867311954498e-02 2.091195061802864075e-02 3.408883512020111084e-02 5.822760984301567078e-02 4.132710024714469910e-02 1.215071044862270355e-02 5.177590996026992798e-03 1.669990643858909607e-02 1.553211174905300140e-02 3.285782644525170326e-03 8.415342308580875397e-03 5.212580319494009018e-03 1.042186934500932693e-02 3.530444416810496477e-07 2.210814272984862328e-03 2.329067140817642212e-02 1.593198627233505249e-02 1.217906270176172256e-02 8.202329045161604881e-04 6.290347315371036530e-03 5.198211409151554108e-03 5.855665542185306549e-03 2.051333896815776825e-03 2.334555611014366150e-02 2.200708352029323578e-02 4.755108151584863663e-03 7.003510254435241222e-04 1.048421673476696014e-02 1.505408063530921936e-02 1.141849812120199203e-02 1.329684350639581680e-02 1.723600737750530243e-02 1.449496299028396606e-02 1.734580844640731812e-02 6.757125258445739746e-03 1.825752481818199158e-02 2.400823496282100677e-02
1.551804598420858383e-02 1.933206617832183838e-02 1.289224065840244293e-02 6.965657323598861694e-02 8.386554121971130371e-01 1.507582794874906540e-02 1.395024266093969345e-02 1.416082121431827545e-02 2.293636091053485870e-03 1.220484077930450439e-02 1.161274779587984085e-02 9.310312569141387939e-03 1.208319142460823059e-02 5.525088403373956680e-03 6.950557697564363480e-03 2.216120995581150055e-02 3.272366523742675781e-02 2.757818996906280518e-02 3.770309314131736755e-02 1.468188129365444183e-02 5.554129835218191147e-03 4.616509657353162766e-03 2.143972087651491165e-03 1.054913271218538284e-02 1.325971633195877075e-02 2.353146206587553024e-03 8.179608848877251148e-04 1.184556819498538971e-02 1.473898440599441528e-02 1.930323801934719086e-02 4.212053492665290833e-03 4.363063257187604904e-03 3.313010791316628456e-03 5.489386618137359619e-03 1.625973964110016823e-03 5.048165842890739441e-02 1.483729202300310135e-02 8.975022472441196442e-03 5.433534458279609680e-02 7.531835138797760010e-02 1.110010966658592224e-02 1.548104081302881241e-02 2.073574811220169067e-03 2.213397994637489319e-03 1.232437510043382645e-02 6.555601430591195822e-05 1.236510649323463440e-02 1.777761802077293396e-02 9.051113389432430267e-03 1.594942808151245117e-02 1.880010031163692474e-02 3.410510835237801075e-04 2.659444138407707214e-02 9.351539425551891327e-03 1.075055357068777084e-02 1.586618088185787201e-02 3.181691979989409447e-03 1.008750125765800476e-02 8.629812858998775482e-03 2.535568317398428917e-03 4.258842964190989733e-04 3.440233319997787476e-02 3.014783002436161041e-02 4.324555047787725925e-04 6.459699012339115143e-03 7.336840964853763580e-03 9.246367029845714569e-03 1.915434608235955238e-03 1.179364789277315140e-02 1.246200117748230696e-04 1.262836717069149017e-02 8.852482278598472476e-05 6.665617227554321289e-02 6.458173971623182297e-03 7.898311316967010498e-02 1.821476966142654419e-03 1.102743297815322876e-02 6.817529909312725067e-03 8.112675510346889496e-03 1.743064820766448975e-02 1.408580131828784943e-02 1.420478988438844681e-02 4.711880162358283997e-02 7.416150718927383423e-02 3.182740649208426476e-03 8.358632214367389679e-03 8.240041323006153107e-03 2.806854667142033577e-03 2.378844888880848885e-03 5.645844154059886932e-03 2.538062399253249168e-03 1.663123373873531818e-03 8.837162167765200138e-04 3.954724874347448349e-03 2.397983334958553314e-02 2.429378032684326172e-02 1.033918815664947033e-03 1.008156966418027878e-02 1.400014664977788925e-02 1.055331807583570480e-02 4.832799080759286880e-03 9.198955260217189789e-03 7.470403797924518585e-03 1.027860492467880249e-02 2.269536815583705902e-02 6.174299400299787521e-03 2.089988673105835915e-03 2.657254226505756378e-02 1.058416161686182022e-02 1.210887171328067780e-02 1.736128237098455429e-03 4.561108537018299103e-03 1.237426791340112686e-02 3.682934446260333061e-03 1.748804352246224880e-03 2.170544303953647614e-02
4.382706061005592346e-02 4.423618316650390625e-02 1.908417791128158569e-02 6.639832863584160805e-04 1.507582794874906540e-02 8.386554121971130371e-01 4.678257927298545837e-02 2.583255432546138763e-02 8.939164690673351288e-03 2.061185799539089203e-02 4.113731533288955688e-02 2.507833763957023621e-02 3.770228475332260132e-02 3.174378722906112671e-02 3.323363885283470154e-02 4.433944821357727051e-03 3.878093091771006584e-03 1.057192916050553322e-03 2.068489044904708862e-02 5.679659079760313034e-03 1.794713363051414490e-02 2.734913118183612823e-02 2.099009975790977478e-02 1.513673365116119385e-02 6.976727861911058426e-03 1.704007014632225037e-02 2.532344125211238861e-02 1.946838758885860443e-02 1.851612888276576996e-02 1.330205146223306656e-02 2.619064599275588989e-02 7.643731078132987022e-04 6.812611594796180725e-03 1.433450728654861450e-02 1.783319935202598572e-02 7.386906538158655167e-03 9.104873053729534149e-03 1.929305307567119598e-02 9.795707650482654572e-03 6.770671810954809189e-03 1.628928259015083313e-02 1.397429686039686203e-02 1.608264259994029999e-02 2.462822198867797852e-02 2.854429557919502258e-02 2.566989883780479431e-02 4.200880229473114014e-02 3.973459079861640930e-02 3.171771066263318062e-03 2.164348587393760681e-02 1.861706934869289398e-02 2.279645204544067383e-02 3.531742142513394356e-03 1.568804308772087097e-02 4.835172730963677168e-04 2.195743843913078308e-02 1.379230711609125137e-02 3.148777037858963013e-02 1.587108336389064789e-02 2.568666823208332062e-02 8.657842874526977539e-03 1.750744134187698364e-02 8.803170174360275269e-03 3.828193526715040207e-03 3.147954493761062622e-02 3.141168877482414246e-02 1.241937465965747833e-02 1.564984209835529327e-02 1.373162865638732910e-02 2.472126670181751251e-02 6.866348907351493835e-03 2.506531961262226105e-02 1.096853800117969513e-02 2.778568305075168610e-02 1.875563710927963257e-02 1.538483705371618271e-02 7.208057679235935211e-03 2.486702054738998413e-02 1.385303307324647903e-02 1.532762590795755386e-02 2.330780960619449615e-02 2.003518864512443542e-02 1.664825249463319778e-03 1.750186644494533539e-02 2.294049039483070374e-02 1.049156114459037781e-02 3.101831860840320587e-02 3.297326713800430298e-02 2.476990409195423126e-02 2.837847545742988586e-02 3.351826965808868408e-02 2.626336179673671722e-02 3.771901503205299377e-02 2.666794136166572571e-02 6.610287819057703018e-03 7.830109447240829468e-03 2.325190976262092590e-02 1.500994898378849030e-02 1.312053669244050980e-02 1.964618824422359467e-02 1.083299610763788223e-02 8.459255099296569824e-03 2.327724546194076538e-02 1.844971254467964172e-02 7.002219092100858688e-03 6.667395122349262238e-03 6.225035060197114944e-03 1.048143953084945679e-02 5.913554225116968155e-03 2.228519506752490997e-02 2.715813927352428436e-02 2.437172085046768188e-02 1.810411736369132996e-02 2.020312659442424774e-02 6.396041717380285263e-03 9.154695086181163788e-03
4.182785376906394958e-02 4.378836229443550110e-02 1.499494351446628571e-02 4.505241755396127701e-03 1.395024266093969345e-02 4.678257927298545837e-02 8.386554121971130371e-01 1.974141784012317657e-02 3.169503761455416679e-03 1.986215449869632721e-02 3.911268711090087891e-02 1.757401973009109497e-02 3.959531337022781372e-02 2.846432104706764221e-02 2.693622559309005737e-02 6.689291913062334061e-03 3.840297227725386620e-03 6.950117647647857666e-03 1.182598248124122620e-02 1.148440036922693253e-02 1.141409669071435928e-02 2.239436842501163483e-02 1.946809515357017517e-02 1.539256051182746887e-02 1.100507099181413651e-02 1.403173711150884628e-02 2.417725324630737305e-02 1.112928520888090134e-02 2.803893014788627625e-02 4.006398376077413559e-03 2.869093231856822968e-02 3.870141925290226936e-03 5.846356041729450226e-03 1.236616447567939758e-02 1.539901830255985260e-02 9.273314848542213440e-03 8.923789719119668007e-04 1.893542334437370300e-02 1.767574250698089600e-02 1.359718479216098785e-02 1.857861503958702087e-02 9.834739379584789276e-03 1.054567098617553711e-02 2.353860437870025635e-02 2.466126531362533569e-02 2.556674368679523468e-02 4.154901206493377686e-02 4.819481074810028076e-02 6.941798608750104904e-03 1.888069510459899902e-02 1.661212928593158722e-02 2.219120413064956665e-02 2.677120035514235497e-03 1.188152842223644257e-02 1.721739303320646286e-03 1.737938821315765381e-02 2.035063132643699646e-02 2.770730480551719666e-02 1.633833907544612885e-02 2.747814171016216278e-02 1.997220097109675407e-03 1.222630310803651810e-02 6.021387875080108643e-03 1.307898550294339657e-03 3.314677625894546509e-02 3.930259123444557190e-02 1.233710162341594696e-02 1.021886989474296570e-02 1.018644776195287704e-02 2.715961635112762451e-02 3.374939784407615662e-03 2.212875336408615112e-02 9.855534881353378296e-03 2.799892798066139221e-02 1.465872954577207565e-02 1.880255155265331268e-02 2.865381073206663132e-03 2.313446439802646637e-02 7.066047284752130508e-03 4.442397505044937134e-03 2.081329561769962311e-02 1.202205475419759750e-02 8.724720217287540436e-03 8.056731894612312317e-03 2.553649619221687317e-02 1.586139015853404999e-02 2.401688694953918457e-02 2.755059674382209778e-02 2.605920843780040741e-02 2.792908437550067902e-02 4.004320129752159119e-02 2.392408065497875214e-02 4.320414736866950989e-02 3.030815348029136658e-02 1.041620876640081406e-02 7.619027514010667801e-03 2.816339768469333649e-02 2.051112242043018341e-02 1.614739559590816498e-02 1.991716399788856506e-02 5.808428861200809479e-03 1.414193958044052124e-02 2.292487397789955139e-02 1.455983892083168030e-02 6.780521944165229797e-03 1.416098792105913162e-02 6.095367018133401871e-03 8.714201976545155048e-04 1.018314249813556671e-02 2.558643743395805359e-02 2.927264198660850525e-02 2.400169335305690765e-02 1.297241263091564178e-02 1.617017760872840881e-02 7.487010210752487183e-03 1.296001579612493515e-02
2.375222742557525635e-02 2.408086322247982025e-02 4.539451003074645996e-02 1.933968998491764069e-02 1.416082121431827545e-02 2.583255432546138763e-02 1.974141784012317657e-02 8.386554121971130371e-01 1.750970026478171349e-03 2.272948389872908592e-03 2.844220586121082306e-02 1.657734252512454987e-02 3.210392966866493225e-02 1.663831435143947601e-02 3.908803686499595642e-02 4.532262217253446579e-03 5.506628658622503281e-03 2.398599637672305107e-03 1.015566382557153702e-02 9.309532120823860168e-03 1.591072604060173035e-02 2.848831750452518463e-02 1.682868041098117828e-02 1.489621959626674652e-02 9.832809679210186005e-03 7.789658382534980774e-03 2.250159904360771179e-02 7.856296375393867493e-03 1.791635714471340179e-02 8.545140735805034637e-03 2.332362160086631775e-02 5.347508937120437622e-03 5.857097450643777847e-03 1.181931421160697937e-02 1.483353786170482635e-02 1.853617653250694275e-02 2.007534727454185486e-02 2.093904651701450348e-02 1.157200429588556290e-02 3.658390371128916740e-03 2.145607769489288330e-02 9.397936984896659851e-03 8.688213303685188293e-03 2.964872680604457855e-02 1.995385251939296722e-02 2.346866019070148468e-02 1.653441973030567169e-02 2.330179139971733093e-02 6.156184244900941849e-03 5.735481972806155682e-04 3.648336976766586304e-02 2.468479052186012268e-02 1.858841255307197571e-02 1.977263949811458588e-02 1.175922062247991562e-02 2.791605191305279732e-03 3.538562916219234467e-03 8.418005891144275665e-03 1.980886235833168030e-02 2.452521398663520813e-02 2.447609603404998779e-02 9.658496826887130737e-03 2.409966662526130676e-02 1.799830701202154160e-03 2.054002881050109863e-02 1.281224377453327179e-02 1.600090228021144867e-02 1.946331746876239777e-02 8.858041837811470032e-05 2.326665632426738739e-02 7.818172685801982880e-03 2.607964165508747101e-02 1.738662086427211761e-02 2.784134820103645325e-02 1.178798452019691467e-02 2.428683824837207794e-02 2.737642498686909676e-03 1.947150938212871552e-02 1.584754511713981628e-02 1.973599661141633987e-03 5.065583810210227966e-02 4.802626371383666992e-02 5.793037358671426773e-03 2.585467882454395294e-04 1.348235737532377243e-02 6.937770638614892960e-03 3.592389076948165894e-02 3.694530948996543884e-02 2.526659984141588211e-03 2.752844942733645439e-03 1.657797582447528839e-02 2.185373567044734955e-02 2.229751460254192352e-02 1.888787560164928436e-02 5.385427735745906830e-03 1.398301828885450959e-04 2.054865472018718719e-02 2.515755034983158112e-02 2.298799902200698853e-02 2.888103201985359192e-02 2.162458561360836029e-02 1.654655672609806061e-02 1.798266172409057617e-02 2.315990440547466278e-02 7.461617351509630680e-04 1.450613234192132950e-02 1.700935512781143188e-02 2.183786418754607439e-04 1.218285318464040756e-02 1.556400395929813385e-02 2.439157292246818542e-02 2.705528400838375092e-02 1.903125643730163574e-02 2.354774624109268188e-02 1.099391654133796692e-02 9.732836857438087463e-03
2.530167344957590103e-03 3.925610144506208599e-05 9.925164282321929932e-03 6.583513226360082626e-03 2.293636091053485870e-03 8.939164690673351288e-03 3.169503761455416679e-03 1.750970026478171349e-03 8.386554121971130371e-01 3.105555474758148193e-02 7.744729053229093552e-03 3.817843645811080933e-02 2.101138001307845116e-03 1.899376511573791504e-02 9.518051519989967346e-03 3.491630777716636658e-02 3.330583497881889343e-02 4.564185813069343567e-02 1.395913213491439819e-02 2.594860736280679703e-03 1.006107684224843979e-02 2.933311043307185173e-03 3.871255740523338318e-02 2.796845883131027222e-02 1.182131841778755188e-02 2.122842147946357727e-02 8.256165310740470886e-03 4.249656945466995239e-02 1.634569093585014343e-02 3.102725185453891754e-02 2.033709920942783356e-02 2.076005376875400543e-02 1.280628517270088196e-02 6.823197938501834869e-03 5.266814259812235832e-04 9.568518958985805511e-03 1.205483637750148773e-02 1.367587316781282425e-02 1.585031487047672272e-02 1.687411218881607056e-02 1.108706369996070862e-02 2.958661131560802460e-02 6.052746903151273727e-03 7.655933964997529984e-03 3.952704370021820068e-02 1.495362073183059692e-02 1.316365785896778107e-02 1.576751383254304528e-04 2.888354845345020294e-02 2.197692869231104851e-03 1.605438650585711002e-03 3.541717014741152525e-04 3.482084488496184349e-03 1.400025002658367157e-02 3.991225734353065491e-02 6.649700924754142761e-03 2.295977436006069183e-02 1.935839094221591949e-02 1.788327645044773817e-04 1.340965367853641510e-02 2.022948302328586578e-02 6.553045473992824554e-03 2.179519087076187134e-02 1.158164627850055695e-02 2.727268962189555168e-03 4.648244008421897888e-03 7.280831690877676010e-03 1.314180158078670502e-02 4.944276064634323120e-02 3.070963546633720398e-03 3.186236321926116943e-02 7.940433919429779053e-03 2.758226729929447174e-02 3.697450971230864525e-03 2.340001240372657776e-02 3.208561334758996964e-03 7.647755742073059082e-02 3.156340494751930237e-02 6.041100248694419861e-02 7.181450724601745605e-03 4.659552650991827250e-04 8.123445441015064716e-04 4.297733306884765625e-02 1.810145005583763123e-02 2.525680884718894958e-02 2.347012050449848175e-02 5.305558908730745316e-03 8.328604511916637421e-03 3.317768871784210205e-02 1.604114472866058350e-02 1.936484314501285553e-02 2.012968761846423149e-04 1.100880745798349380e-02 9.033259004354476929e-03 1.652008667588233948e-02 8.617229759693145752e-03 1.047883834689855576e-02 5.979488138109445572e-03 2.588609419763088226e-02 6.537571083754301071e-03 1.693836785852909088e-02 4.576555918902158737e-03 4.704361781477928162e-03 3.690731478855013847e-03 1.864776015281677246e-02 3.567315638065338135e-02 2.003000117838382721e-02 3.173409961163997650e-03 4.019695334136486053e-03 6.769123952835798264e-03 1.295349560678005219e-03 1.047333981841802597e-02 2.724278904497623444e-02 2.079393016174435616e-03 1.681915298104286194e-02 6.163026206195354462e-03
1.858865842223167419e-02 1.850828528404235840e-02 1.557287480682134628e-02 2.819637954235076904e-02 1.220484077930450439e-02 2.061185799539089203e-02 1.986215449869632721e-02 2.272948389872908592e-03 3.105555474758148193e-02 8.386554121971130371e-01 1.774944178760051727e-02 1.296058390289545059e-02 1.772114075720310211e-02 1.082018204033374786e-02 5.508294329047203064e-03 2.492410503327846527e-02 2.204929105937480927e-02 2.142733894288539886e-03 7.884027436375617981e-03 7.468834985047578812e-03 9.289537556469440460e-03 1.071079168468713760e-03 1.913940161466598511e-02 2.900703996419906616e-02 7.212588097900152206e-03 2.422399073839187622e-02 3.837649710476398468e-03 1.399637572467327118e-02 1.582996919751167297e-03 9.152008220553398132e-03 2.756127621978521347e-03 1.756760478019714355e-02 4.572704900056123734e-03 1.759576797485351562e-02 1.849987194873392582e-03 3.925985191017389297e-03 2.174514811486005783e-03 5.419600754976272583e-03 1.732949865981936455e-03 1.118267513811588287e-02 7.112240884453058243e-03 3.954217955470085144e-02 2.946682646870613098e-02 1.165361423045396805e-02 3.103434480726718903e-02 3.137111291289329529e-02 2.992115542292594910e-02 2.141553536057472229e-02 1.735788024961948395e-02 5.873049423098564148e-02 1.191364321857690811e-02 2.083855494856834412e-02 4.080804996192455292e-03 7.434946601279079914e-04 3.484823927283287048e-02 6.016412004828453064e-02 2.965318039059638977e-02 2.296380512416362762e-02 1.931625418365001678e-02 1.581683568656444550e-02 1.108955498784780502e-02 3.658273071050643921e-02 2.164690941572189331e-02 2.767443470656871796e-02 2.528162149246782064e-04 1.284526474773883820e-02 2.506636548787355423e-03 1.009455067105591297e-03 2.180091850459575653e-02 3.910284067387692630e-05 4.146185517311096191e-02 7.985198870301246643e-03 2.549420297145843506e-02 4.502875090111047029e-04 2.465337514877319336e-02 9.188701398670673370e-03 2.787416428327560425e-02 4.661382362246513367e-02 2.556602098047733307e-02 5.218154191970825195e-02 5.861725658178329468e-03 1.274571940302848816e-02 1.900052186101675034e-03 9.251265786588191986e-03 1.294488180428743362e-02 3.707884624600410461e-02 6.084087770432233810e-03 2.199580194428563118e-04 2.362968400120735168e-02 3.891380876302719116e-02 1.965411938726902008e-02 5.067724850960075855e-04 2.309342287480831146e-02 1.010473910719156265e-02 6.566921714693307877e-03 1.089294999837875366e-02 1.514587202109396458e-03 1.325056538917124271e-03 2.523446269333362579e-02 2.095868811011314392e-02 7.799267303198575974e-03 2.774483151733875275e-02 7.527044508606195450e-03 1.199265848845243454e-02 4.701015073806047440e-03 7.246596738696098328e-03 3.755434881895780563e-03 1.796666532754898071e-02 1.524641993455588818e-03 4.168915096670389175e-03 4.194411914795637131e-03 9.032066445797681808e-04 1.515077892690896988e-02 2.678544633090496063e-02 2.634637057781219482e-02 1.257797982543706894e-02
5.010583624243736267e-02 4.709209874272346497e-02 2.399595268070697784e-02 1.325907185673713684e-02 1.161274779587984085e-02 4.113731533288955688e-02 3.911268711090087891e-02 2.844220586121082306e-02 7.744729053229093552e-03 1.774944178760051727e-02 8.386554121971130371e-01 1.722823828458786011e-02 4.509545490145683289e-02 1.918663270771503448e-02 3.594335913658142090e-02 2.179414586862549186e-04 8.388098794966936111e-04 4.024666268378496170e-03 1.972734555602073669e-02 1.588860899209976196e-02 1.675757020711898804e-02 3.315776959061622620e-02 1.080499682575464249e-02 9.200558066368103027e-03 1.035945396870374680e-02 1.582628861069679260e-02 2.713669650256633759e-02 8.931920863687992096e-03 2.222987636923789978e-02 6.654009484918788075e-05 2.201183512806892395e-02 5.008250940591096878e-03 1.009376905858516693e-02 1.214138139039278030e-02 1.988118700683116913e-02 8.608082309365272522e-03 1.210091449320316315e-02 2.319245412945747375e-02 1.786286011338233948e-02 7.574508897960186005e-03 2.324367128312587738e-02 6.420419085770845413e-03 1.424316037446260452e-02 2.968729287385940552e-02 2.151222899556159973e-02 2.666607871651649475e-02 3.641949966549873352e-02 3.740411624312400818e-02 3.650303231552243233e-03 1.604335196316242218e-02 1.221032347530126572e-02 1.404523476958274841e-02 1.502383500337600708e-02 1.981201395392417908e-02 5.195103003643453121e-04 1.660875417292118073e-02 1.723843254148960114e-02 2.158392220735549927e-02 2.360493876039981842e-02 2.815943956375122070e-02 1.246686442755162716e-03 1.673220843076705933e-02 1.497630774974822998e-02 8.018902502954006195e-03 3.558728471398353577e-02 3.804446011781692505e-02 1.021140720695257187e-02 1.477108150720596313e-02 1.526652742177248001e-02 3.118886612355709076e-02 1.039347890764474869e-02 2.782199718058109283e-02 1.089086290448904037e-02 2.987015992403030396e-02 1.116609480232000351e-02 1.659141667187213898e-02 8.651908487081527710e-03 2.305501885712146759e-02 1.091485656797885895e-02 9.489592164754867554e-03 2.679488807916641235e-02 1.688097789883613586e-02 1.104779262095689774e-02 1.184462849050760269e-02 1.682145893573760986e-02 1.337872352451086044e-02 3.036934137344360352e-02 3.221995010972023010e-02 1.719343662261962891e-02 2.432523295283317566e-02 3.183431550860404968e-02 3.213960677385330200e-02 3.281553089618682861e-02 2.958114631474018097e-02 4.693267401307821274e-03 2.935095224529504776e-03 2.789031155407428741e-02 1.592737995088100433e-02 1.286172587424516678e-02 1.502411905676126480e-02 1.089354977011680603e-02 6.477291230112314224e-03 2.620680257678031921e-02 1.993799582123756409e-02 3.109389683231711388e-03 1.661725901067256927e-02 1.563948951661586761e-02 3.874792600981891155e-04 9.619964286684989929e-03 2.183865383267402649e-02 2.893617190420627594e-02 2.818263322114944458e-02 1.012129243463277817e-02 2.001721039414405823e-02 1.433274708688259125e-02 1.355463732033967972e-02
2.037266083061695099e-02 2.081106044352054596e-02 4.382192157208919525e-03 9.862028993666172028e-03 9.310312569141387939e-03 2.507833763957023621e-02 1.757401973009109497e-02 1.657734252512454987e-02 3.817843645811080933e-02 1.296058390289545059e-02 1.722823828458786011e-02 8.386554121971130371e-01 1.829563267529010773e-02 5.424392968416213989e-02 1.700414903461933136e-02 2.458836138248443604e-02 1.580750755965709686e-02 1.120141893625259399e-02 5.888957064598798752e-03 1.656937412917613983e-02 2.510963752865791321e-02 1.037530042231082916e-02 4.507395997643470764e-02 3.458432108163833618e-02 3.084359876811504364e-02 3.198582679033279419e-02 1.488156244158744812e-02 6.068062782287597656e-02 2.044406346976757050e-02 5.668886750936508179e-02 1.751605607569217682e-02 2.414773590862751007e-02 1.193365082144737244e-02 2.146012522280216217e-02 1.194262038916349411e-02 7.914268411695957184e-03 7.840974256396293640e-03 1.113554276525974274e-02 4.404028004501014948e-05 3.726377617567777634e-03 1.039650104939937592e-02 2.616867795586585999e-02 1.685257814824581146e-02 1.182173844426870346e-02 2.892794273793697357e-02 9.935209527611732483e-04 1.774646225385367870e-03 4.258593078702688217e-03 1.137681305408477783e-03 8.960498496890068054e-03 2.517384663224220276e-02 1.971613988280296326e-02 1.832578703761100769e-02 1.037378609180450439e-02 9.110889397561550140e-03 1.987938769161701202e-03 2.660969831049442291e-02 2.360111288726329803e-02 1.863106340169906616e-02 8.497181348502635956e-03 1.093216333538293839e-02 1.043770182877779007e-02 8.012445643544197083e-03 2.024309244006872177e-03 1.500491425395011902e-02 6.767747923731803894e-03 2.026506699621677399e-02 3.157193958759307861e-02 3.051168285310268402e-02 4.663771949708461761e-03 1.869423314929008484e-02 9.089536033570766449e-03 1.398644130676984787e-02 5.537190474569797516e-03 1.423842646181583405e-02 4.120163153856992722e-03 3.757466748356819153e-02 3.160404413938522339e-02 3.780727460980415344e-02 9.899156168103218079e-03 2.144199050962924957e-02 7.035898976027965546e-03 1.128371339291334152e-02 7.030209992080926895e-03 3.313282877206802368e-02 2.473911456763744354e-02 1.989563554525375366e-02 1.789472997188568115e-02 4.551345109939575195e-02 3.769923374056816101e-02 1.420320384204387665e-02 9.691724553704261780e-03 8.197592571377754211e-03 1.034594513475894928e-02 2.315565478056669235e-03 1.007364410907030106e-02 5.278886761516332626e-03 4.574181046336889267e-03 3.169408440589904785e-02 2.812730893492698669e-02 1.703155227005481720e-02 1.123100612312555313e-02 7.939544506371021271e-03 1.188376359641551971e-02 5.097404122352600098e-03 1.245532464236021042e-02 9.894145652651786804e-03 6.516115739941596985e-03 5.388358607888221741e-03 8.017693180590867996e-04 1.190988160669803619e-02 1.877031289041042328e-02 3.307384997606277466e-02 1.604352891445159912e-02 1.356605067849159241e-02 7.061048410832881927e-03
4.486500471830368042e-02 4.636446386575698853e-02 2.194054052233695984e-02 1.176238153129816055e-02 1.208319142460823059e-02 3.770228475332260132e-02 3.959531337022781372e-02 3.210392966866493225e-02 2.101138001307845116e-03 1.772114075720310211e-02 4.509545490145683289e-02 1.829563267529010773e-02 8.386554121971130371e-01 2.298201993107795715e-02 3.568156808614730835e-02 6.743884645402431488e-03 6.341631524264812469e-03 3.580029355362057686e-03 1.373805105686187744e-02 1.575218513607978821e-02 1.552365068346261978e-02 3.265490382909774780e-02 2.035133913159370422e-02 1.889448799192905426e-02 1.714015565812587738e-02 1.799415983259677887e-02 2.692294307053089142e-02 1.207344792783260345e-02 2.014703117311000824e-02 8.821944706141948700e-03 2.366585098206996918e-02 1.098395325243473053e-02 9.422142989933490753e-03 1.669142395257949829e-02 1.894939690828323364e-02 5.174949765205383301e-03 1.081047579646110535e-02 2.303665317595005035e-02 1.360224466770887375e-02 1.226684451103210449e-02 2.471088245511054993e-02 7.689633872359991074e-03 1.133243273943662643e-02 3.198483213782310486e-02 1.385198719799518585e-02 2.700479514896869659e-02 3.225986286997795105e-02 3.994852304458618164e-02 4.982360638678073883e-03 1.414462365210056305e-02 1.940298639237880707e-02 1.716453209519386292e-02 1.071845833212137222e-02 2.409691363573074341e-02 5.365370307117700577e-04 1.847129128873348236e-02 1.851450279355049133e-02 2.299729362130165100e-02 1.712805405259132385e-02 2.603267319500446320e-02 1.348010380752384663e-03 1.281748246401548386e-02 5.562819074839353561e-03 1.836726558394730091e-03 3.006622195243835449e-02 3.557537123560905457e-02 1.604362204670906067e-02 1.692242734134197235e-02 1.254177279770374298e-02 2.887301146984100342e-02 1.064303051680326462e-02 2.458086982369422913e-02 1.431904546916484833e-02 2.916476689279079437e-02 1.444006059318780899e-02 2.110371366143226624e-02 2.759746508672833443e-03 2.180860377848148346e-02 4.829773213714361191e-03 6.376557517796754837e-03 2.650048770010471344e-02 1.799238659441471100e-02 2.346553141251206398e-03 9.734617546200752258e-03 1.568787172436714172e-02 1.488743629306554794e-02 2.628267370164394379e-02 3.368672356009483337e-02 1.378651242703199387e-02 2.572133019566535950e-02 3.006456419825553894e-02 2.737313695251941681e-02 3.667621314525604248e-02 3.092687577009201050e-02 5.471083335578441620e-03 9.522259235382080078e-03 2.684746123850345612e-02 2.088445425033569336e-02 1.496250368654727936e-02 2.119413204491138458e-02 1.576778478920459747e-02 1.639142632484436035e-02 2.409172803163528442e-02 2.105274051427841187e-02 1.729317125864326954e-03 2.134771831333637238e-02 9.290316142141819000e-03 3.907016478478908539e-03 1.751117035746574402e-02 2.175705693662166595e-02 3.010264225304126740e-02 2.695137262344360352e-02 1.000338699668645859e-02 1.952821016311645508e-02 1.776850968599319458e-02 1.247136853635311127e-02
