8.525739908218383789e-01 7.080527395009994507e-02 7.557056378573179245e-03 1.874750107526779175e-02 1.184430997818708420e-02 4.739807918667793274e-02 3.721874952316284180e-02 1.040688995271921158e-02 8.686485700309276581e-03 2.925985958427190781e-03 5.164689570665359497e-02 2.003434300422668457e-02 6.170243769884109497e-02 1.877285912632942200e-02 2.120903134346008301e-02 3.610045881941914558e-03 5.398051580414175987e-04 2.960522472858428955e-02 1.378044113516807556e-02 2.130833017872646451e-04 9.753675200045108795e-03 4.786719568073749542e-03 3.018934978172183037e-03 2.841513603925704956e-03 1.317369658499956131e-02 5.755680613219738007e-03 8.354965597391128540e-03 6.823807954788208008e-03 3.901496063917875290e-03 1.074152439832687378e-02 3.637772798538208008e-02 2.321279421448707581e-02 2.360022813081741333e-02 5.710931960493326187e-03 1.493827253580093384e-02 2.388406312093138695e-03 1.075294241309165955e-02 5.377441179007291794e-03 1.014904584735631943e-02 1.249721040949225426e-03 7.566154235973954201e-04 7.910706102848052979e-03 6.418249104171991348e-03 2.283280191477388144e-04 1.818877644836902618e-02 1.179815642535686493e-02 2.596146799623966217e-02 3.242343664169311523e-02 1.891508139669895172e-02 1.669845730066299438e-02 2.324935421347618103e-02 2.922768518328666687e-02 2.220327220857143402e-02 9.345891885459423065e-03 3.330409759655594826e-03 1.068003475666046143e-02 2.510336972773075104e-02 3.209704160690307617e-02 1.742551848292350769e-02 1.523040700703859329e-02 2.886868454515933990e-02 4.091514856554567814e-04 1.978532597422599792e-02 9.293667040765285492e-03 5.929703824222087860e-03 2.992530539631843567e-02 7.434445898979902267e-03 9.365558624267578125e-03 6.419802084565162659e-03 3.056545276194810867e-03 1.449503586627542973e-03 1.094041042961180210e-03 1.834555342793464661e-02 2.168148383498191833e-02 1.534353755414485931e-02 8.451901376247406006e-03 6.374275311827659607e-03 2.576037368271499872e-04 2.073230035603046417e-02 2.303416840732097626e-02 1.608110405504703522e-02 1.928846538066864014e-02 3.309540078043937683e-02 1.342959236353635788e-02 8.256480097770690918e-03 1.372853666543960571e-02 1.342539861798286438e-02 2.025634795427322388e-02 2.241867408156394958e-02 2.522167004644870758e-02 3.355171158909797668e-02 7.426158059388399124e-03 1.774921268224716187e-02 8.471128530800342560e-03 5.859996192157268524e-03 2.367173088714480400e-03 2.061890065670013428e-02 3.666619537398219109e-03 1.417412236332893372e-02 3.608503902796655893e-04 1.090287789702415466e-02 3.573204157873988152e-03 1.748094893991947174e-02 1.852414943277835846e-02 1.862965710461139679e-02 7.158425636589527130e-03 1.326115988194942474e-02 2.670219168066978455e-02 7.009346154518425465e-04 3.910060599446296692e-02 5.083172116428613663e-03 7.695441134274005890e-03 2.570730261504650116e-02 3.224116936326026917e-02 3.058201866224408150e-03 3.122426103800535202e-03
7.080527395009994507e-02 8.525739908218383789e-01 4.381266888231039047e-03 2.339551411569118500e-02 1.578811183571815491e-02 3.432175889611244202e-02 5.789112299680709839e-02 3.158712061122059822e-03 6.302315276116132736e-03 3.120468929409980774e-03 3.080025874078273773e-02 8.726716972887516022e-03 6.666160374879837036e-02 1.560070924460887909e-02 1.697761751711368561e-02 4.907668568193912506e-03 6.456672679632902145e-03 3.193979337811470032e-02 2.197141759097576141e-02 3.672577906399965286e-03 5.934401880949735641e-03 2.331694122403860092e-03 3.509497269988059998e-03 5.812786985188722610e-03 1.656096428632736206e-02 7.175345439463853836e-03 7.201301865279674530e-03 1.058597234077751637e-03 3.321592928841710091e-03 8.233199827373027802e-03 4.020738601684570312e-02 1.769351214170455933e-02 2.437020838260650635e-02 1.205872558057308197e-02 1.178292185068130493e-02 1.750887953676283360e-03 8.155027404427528381e-03 3.623288124799728394e-03 1.035411003977060318e-02 9.844353189691901207e-04 9.627290419302880764e-04 1.530646905303001404e-02 6.163961254060268402e-03 3.590243868529796600e-04 1.143680419772863388e-02 2.077728882431983948e-02 2.397036924958229065e-02 4.354228451848030090e-02 2.320428751409053802e-02 1.340808439999818802e-02 2.830750867724418640e-02 2.705106139183044434e-02 1.345562376081943512e-02 3.291371511295437813e-03 5.281444173306226730e-03 6.480151321738958359e-03 2.773026935756206512e-02 3.151733800768852234e-02 1.732928678393363953e-03 8.815081673674285412e-04 3.125103935599327087e-02 7.931519299745559692e-03 2.620802447199821472e-02 1.330748759210109711e-02 1.976062357425689697e-02 2.313821762800216675e-02 5.340875592082738876e-03 1.558656897395849228e-02 5.102081689983606339e-03 2.757987240329384804e-03 1.725522987544536591e-02 3.933522093575447798e-04 2.481141872704029083e-02 3.185629472136497498e-02 2.429289743304252625e-02 7.940443232655525208e-03 8.390123024582862854e-03 7.909299805760383606e-03 1.665142178535461426e-02 2.655900828540325165e-02 1.015050895512104034e-02 1.283055078238248825e-02 3.460250422358512878e-02 8.507634513080120087e-03 2.624321961775422096e-03 7.419332396239042282e-03 4.251085221767425537e-03 1.807967387139797211e-02 2.209599688649177551e-02 2.911559492349624634e-02 2.051940932869911194e-02 2.207064442336559296e-02 1.447894796729087830e-02 5.992840975522994995e-03 4.665351938456296921e-03 1.030407380312681198e-02 2.256480045616626740e-02 3.444249974563717842e-03 1.261517405509948730e-03 1.332547236233949661e-02 9.120082482695579529e-03 1.171722076833248138e-02 1.189821679145097733e-02 2.031899429857730865e-02 1.589246280491352081e-02 1.254537329077720642e-02 1.140391174703836441e-02 1.807660609483718872e-02 4.729287698864936829e-03 2.810660935938358307e-02 5.169491283595561981e-03 7.286071311682462692e-03 2.900454588234424591e-02 3.094593062996864319e-02 6.806442048400640488e-03 1.549570821225643158e-02
7.557056378573179245e-03 4.381266888231039047e-03 8.525739908218383789e-01 8.423566818237304688e-03 1.641976274549961090e-02 1.421487703919410706e-02 3.788608824834227562e-03 5.157747492194175720e-02 7.757468614727258682e-03 9.133660234510898590e-03 2.980568818747997284e-02 2.075488213449716568e-03 2.098678983747959137e-02 2.331256121397018433e-02 4.212174564599990845e-02 1.138081122189760208e-02 1.214203611016273499e-02 2.249968936666846275e-03 2.357266098260879517e-02 1.867432892322540283e-02 1.128672156482934952e-02 3.791131824254989624e-02 5.845768842846155167e-03 4.129685461521148682e-03 3.703347640112042427e-03 1.844343356788158417e-02 2.431440539658069611e-02 6.392866838723421097e-03 1.758732832968235016e-02 8.924364112317562103e-03 3.294577589258551598e-03 1.309154368937015533e-02 2.337405690923333168e-03 1.114150509238243103e-02 1.640194654464721680e-02 2.105613425374031067e-02 2.056434750556945801e-02 1.581976749002933502e-02 1.412403769791126251e-02 1.961823552846908569e-02 1.520625501871109009e-02 5.908265709877014160e-03 1.002673711627721786e-02 3.167973831295967102e-02 1.151044946163892746e-02 2.090493775904178619e-02 1.481410209089517593e-02 4.581785760819911957e-03 4.844388924539089203e-03 8.694913238286972046e-03 4.898738581687211990e-03 7.262866944074630737e-03 1.775604486465454102e-02 2.825909480452537537e-02 1.360651757568120956e-02 7.200887426733970642e-03 1.031497865915298462e-02 1.654390804469585419e-02 3.043979220092296600e-02 4.194662347435951233e-02 8.767506224103271961e-04 1.228948775678873062e-02 2.434358466416597366e-03 1.708444207906723022e-02 1.286668702960014343e-02 1.595620252192020416e-02 2.206708304584026337e-02 2.134956012014299631e-04 1.133854780346155167e-02 9.485997259616851807e-03 1.439067907631397247e-02 7.566151674836874008e-03 1.018342003226280212e-02 2.319611236453056335e-02 1.728262193500995636e-02 1.113741565495729446e-02 1.266811043024063110e-02 8.557108812965452671e-04 9.393882006406784058e-03 9.750972501933574677e-03 4.113088920712471008e-02 4.929157346487045288e-02 1.911253319121897221e-03 1.529875211417675018e-02 7.164854323491454124e-04 5.164416041225194931e-03 3.659084811806678772e-02 3.965535387396812439e-02 6.094459444284439087e-03 1.063255593180656433e-02 1.505959313362836838e-02 1.637924835085868835e-02 1.360581628978252411e-02 2.072128467261791229e-02 1.148405205458402634e-02 1.151955313980579376e-02 1.951978169381618500e-02 1.730029657483100891e-02 4.412725102156400681e-03 1.071160100400447845e-02 2.486985363066196442e-02 2.586589753627777100e-02 2.320723049342632294e-02 2.281008660793304443e-02 4.389159381389617920e-03 1.103022601455450058e-02 3.533450141549110413e-02 7.718664593994617462e-03 2.447116374969482422e-02 6.333081051707267761e-03 1.126562990248203278e-02 2.287649549543857574e-02 1.114685647189617157e-02 7.434742990881204605e-03 2.001678943634033203e-02 5.099350120872259140e-03
1.874750107526779175e-02 2.339551411569118500e-02 8.423566818237304688e-03 8.525739908218383789e-01 6.248840689659118652e-02 6.346359848976135254e-03 1.920112036168575287e-02 9.087624493986368179e-04 1.048411801457405090e-02 2.146546356379985809e-02 8.208176121115684509e-03 2.062489802483469248e-04 3.571104723960161209e-03 8.152362890541553497e-03 7.375789340585470200e-03 1.618607901036739349e-02 2.780386246740818024e-02 3.094752132892608643e-02 1.899869181215763092e-02 8.441663347184658051e-03 1.203950308263301849e-02 8.843083865940570831e-03 9.741766378283500671e-03 1.154647767543792725e-02 2.619895897805690765e-02 2.785358205437660217e-02 1.102679222822189331e-02 1.974426582455635071e-02 5.528184119611978531e-03 1.229421515017747879e-02 2.811024710536003113e-02 5.241204053163528442e-03 4.202188178896903992e-02 6.779631599783897400e-03 1.902393437922000885e-02 1.647693850100040436e-02 1.095333788543939590e-02 1.042519044131040573e-02 4.323780909180641174e-02 4.195393621921539307e-02 4.017929080873727798e-03 3.348627593368291855e-03 2.780540089588612318e-04 9.502218745183199644e-05 2.787405624985694885e-02 3.216010704636573792e-02 8.774786256253719330e-03 1.532680727541446686e-02 2.477225661277770996e-02 1.136883627623319626e-02 3.556594252586364746e-02 2.515353448688983917e-02 1.536875683814287186e-02 5.768937058746814728e-03 2.485311357304453850e-03 1.056048646569252014e-02 3.475581109523773193e-02 3.013303317129611969e-02 8.335488848388195038e-03 7.053982932120561600e-03 4.672921821475028992e-02 3.318627178668975830e-02 1.695568487048149109e-02 1.274371147155761719e-02 2.172229066491127014e-02 1.125050242990255356e-02 1.082399766892194748e-02 7.426716387271881104e-03 5.542920902371406555e-03 2.479540742933750153e-02 1.844904199242591858e-02 1.469738688319921494e-02 4.096859320998191833e-02 2.825523959472775459e-03 4.049700498580932617e-02 6.094707641750574112e-03 2.167518623173236847e-02 1.410815864801406860e-02 1.679307967424392700e-02 2.273713797330856323e-02 9.906427003443241119e-03 8.336548693478107452e-03 5.355178937315940857e-02 4.995013400912284851e-02 2.551481314003467560e-02 1.946680247783660889e-02 6.553145591169595718e-03 4.241928923875093460e-03 2.626235969364643097e-02 3.207784518599510193e-02 5.477285943925380707e-03 1.999085210263729095e-02 4.696489777415990829e-03 9.930910542607307434e-03 1.094655506312847137e-02 4.420827608555555344e-03 2.658589975908398628e-03 1.221863832324743271e-02 5.197455640882253647e-03 2.091372199356555939e-02 1.787730678915977478e-02 2.362613193690776825e-02 3.872576868161559105e-03 5.578834097832441330e-03 2.741570770740509033e-02 3.874128917232155800e-03 1.899496838450431824e-02 2.419344149529933929e-02 2.475482411682605743e-02 3.336133062839508057e-02 2.841296372935175896e-03 3.674697829410433769e-03 1.877069356851279736e-03 1.687805168330669403e-02 3.653563093394041061e-03 1.870536059141159058e-02
1.184430997818708420e-02 1.578811183571815491e-02 1.641976274549961090e-02 6.248840689659118652e-02 8.525739908218383789e-01 1.038404530845582485e-03 1.632484421133995056e-02 9.297145530581474304e-03 1.404452696442604065e-02 2.583705820143222809e-02 2.045421861112117767e-03 8.927001617848873138e-04 3.303677774965763092e-03 1.160976011306047440e-02 1.018448383547365665e-03 2.022779732942581177e-02 3.230329602956771851e-02 2.777410484850406647e-02 1.499214489012956619e-02 3.279709926573559642e-05 9.181434288620948792e-03 1.045999396592378616e-02 6.728864740580320358e-03 7.768138311803340912e-03 2.477848157286643982e-02 2.860796451568603516e-02 1.487896963953971863e-02 2.192799188196659088e-02 3.696596017107367516e-03 1.482208352535963058e-02 3.070604428648948669e-02 1.852553759817965329e-05 3.975840285420417786e-02 8.116118609905242920e-03 2.374991029500961304e-02 1.797501929104328156e-02 1.339547336101531982e-02 9.987105615437030792e-03 4.671967402100563049e-02 5.027892440557479858e-02 2.032969612628221512e-03 5.518709076568484306e-04 5.878376308828592300e-03 5.124530289322137833e-03 2.285914495587348938e-02 3.135656192898750305e-02 6.434576585888862610e-03 1.590114831924438477e-02 2.506797201931476593e-02 1.167573779821395874e-02 2.933641150593757629e-02 1.487945206463336945e-02 1.403597369790077209e-02 8.669421076774597168e-03 2.443384611979126930e-03 1.279415562748908997e-02 3.612102940678596497e-02 3.274514898657798767e-02 6.417686119675636292e-03 8.768636733293533325e-03 4.160263016819953918e-02 3.992618620395660400e-02 2.264141291379928589e-02 2.397697046399116516e-02 1.655182801187038422e-02 9.801539592444896698e-03 1.422029361128807068e-02 3.678859677165746689e-03 1.073754113167524338e-02 2.193587832152843475e-02 2.519726194441318512e-02 1.603020355105400085e-02 4.143670946359634399e-02 8.347752504050731659e-03 4.424734413623809814e-02 7.999480701982975006e-03 2.341096475720405579e-02 1.332044415175914764e-02 1.268516946583986282e-02 2.188386954367160797e-02 2.434608060866594315e-03 8.917081868276000023e-04 4.756540432572364807e-02 5.495476722717285156e-02 2.615894749760627747e-02 2.038871869444847107e-02 3.179551276843994856e-04 4.031542222946882248e-03 2.306071855127811432e-02 3.272309526801109314e-02 3.278978401795029640e-03 1.692253164947032928e-02 6.153143011033535004e-03 1.229791622608900070e-02 3.663996467366814613e-03 1.115620881319046021e-02 4.798876587301492691e-03 1.363331358879804611e-02 3.718394320458173752e-03 1.898642629384994507e-02 1.778601296246051788e-02 2.333599142730236053e-02 6.823061965405941010e-03 1.121387910097837448e-02 2.985641732811927795e-02 7.359849987551569939e-04 2.268252335488796234e-02 2.676814794540405273e-02 2.706382051110267639e-02 3.185046091675758362e-02 4.735608585178852081e-03 9.143374860286712646e-03 7.160937879234552383e-03 1.009368244558572769e-02 8.170450106263160706e-03 1.877145841717720032e-02
4.739807918667793274e-02 3.432175889611244202e-02 1.421487703919410706e-02 6.346359848976135254e-03 1.038404530845582485e-03 8.525739908218383789e-01 4.869822785258293152e-02 1.339229475706815720e-02 2.382468618452548981e-02 8.543192408978939056e-03 5.318501964211463928e-02 4.184210672974586487e-02 4.237395897507667542e-02 2.325645461678504944e-02 1.980797387659549713e-02 7.949914783239364624e-03 3.208487993106245995e-03 2.770450524985790253e-02 1.661043055355548859e-02 8.986032567918300629e-03 1.317931432276964188e-02 9.107881924137473106e-04 3.121410124003887177e-02 1.951804757118225098e-02 9.619627147912979126e-03 2.035111002624034882e-02 1.380094420164823532e-02 3.581952303647994995e-03 1.762495189905166626e-02 3.991387784481048584e-03 1.104683242738246918e-02 1.819114945828914642e-02 1.062552910298109055e-02 1.866657170467078686e-03 6.402297876775264740e-03 3.076601540669798851e-03 1.648694276809692383e-02 4.999247030355036259e-04 9.216970764100551605e-03 1.299587660469114780e-03 1.093595661222934723e-02 1.131749618798494339e-02 1.511881127953529358e-02 9.477991610765457153e-03 3.159688785672187805e-02 1.066129095852375031e-02 6.068084761500358582e-02 4.358724877238273621e-02 2.999464049935340881e-03 8.424225263297557831e-03 1.551897171884775162e-02 3.162009641528129578e-02 1.698601059615612030e-02 9.726239368319511414e-03 4.782744217664003372e-03 2.125336788594722748e-02 6.971276889089494944e-05 8.481239899992942810e-03 1.658540964126586914e-02 2.032633870840072632e-02 1.689386740326881409e-02 8.848067373037338257e-03 9.872188791632652283e-03 2.748278202489018440e-03 1.169800013303756714e-02 7.836796343326568604e-03 2.164898207411170006e-03 7.929280400276184082e-03 3.455118974670767784e-03 1.152546051889657974e-02 1.118217129260301590e-02 9.280944243073463440e-03 1.474750321358442307e-02 3.377569606527686119e-03 5.165141075849533081e-03 5.813934840261936188e-03 2.588920481503009796e-02 1.684886775910854340e-02 3.084680065512657166e-02 1.791703142225742340e-02 1.150533091276884079e-02 6.597260013222694397e-03 2.445483021438121796e-02 1.314699556678533554e-02 3.022741712629795074e-02 1.126137096434831619e-02 9.518323466181755066e-03 1.523868273943662643e-02 2.369344234466552734e-02 4.902473650872707367e-03 4.825892671942710876e-02 7.881939411163330078e-03 1.999099738895893097e-02 5.462459288537502289e-03 2.878444641828536987e-02 3.555590752512216568e-03 1.040241029113531113e-02 1.588862575590610504e-02 2.258639968931674957e-02 1.400700677186250687e-02 8.243549615144729614e-03 7.081401534378528595e-03 3.199464117642492056e-04 1.471101492643356323e-02 1.791013590991497040e-02 1.970621757209300995e-03 6.925821769982576370e-03 1.230857893824577332e-02 8.035321719944477081e-03 5.662523675709962845e-03 9.997051209211349487e-03 9.000212885439395905e-04 3.870406374335289001e-02 3.380605950951576233e-02 2.092793770134449005e-02 1.843443885445594788e-02
3.721874952316284180e-02 5.789112299680709839e-02 3.788608824834227562e-03 1.920112036168575287e-02 1.632484421133995056e-02 4.869822785258293152e-02 8.525739908218383789e-01 4.460711963474750519e-03 2.621680614538490772e-04 2.723036101087927818e-03 2.580219879746437073e-02 1.443371828645467758e-02 5.985178798437118530e-02 2.311507798731327057e-02 9.119196794927120209e-03 1.805199868977069855e-02 1.847349479794502258e-02 3.066233173012733459e-02 2.118379436433315277e-02 2.973136724904179573e-04 2.341561194043606520e-04 6.455096416175365448e-03 5.547136534005403519e-03 4.839050583541393280e-03 1.402752008289098740e-02 5.918143317103385925e-03 1.259452570229768753e-02 3.952655475586652756e-03 1.156023703515529633e-03 2.620016224682331085e-03 4.708725214004516602e-02 1.392544992268085480e-02 1.968358829617500305e-02 5.678638815879821777e-03 6.739174947142601013e-03 4.790637176483869553e-03 1.209583971649408340e-02 4.288703203201293945e-03 1.813197322189807892e-02 1.119536813348531723e-02 1.003111246973276138e-03 1.350664161145687103e-02 9.339100681245326996e-03 1.056469697505235672e-02 1.189130172133445740e-02 3.243669494986534119e-02 6.066326051950454712e-02 7.754097878932952881e-02 2.493483945727348328e-02 8.873704820871353149e-03 2.844367548823356628e-02 2.868125960230827332e-02 6.697369739413261414e-03 9.235295467078685760e-03 1.318430993705987930e-02 1.453126198612153530e-03 1.603950187563896179e-02 8.984222076833248138e-03 6.842185743153095245e-03 7.046050741337239742e-04 2.752523869276046753e-02 1.621052995324134827e-02 2.873341366648674011e-02 1.329844072461128235e-02 1.598843745887279510e-02 2.004376798868179321e-02 9.213388548232614994e-04 9.133445098996162415e-03 1.751599833369255066e-02 1.373951818095520139e-04 2.620910853147506714e-02 5.495356861501932144e-03 3.265916928648948669e-02 1.482939906418323517e-02 3.129618614912033081e-02 1.663216622546315193e-03 1.854533446021378040e-03 1.351124886423349380e-02 7.214584387838840485e-03 1.924792304635047913e-02 2.846724353730678558e-03 7.318399846553802490e-03 2.896119654178619385e-02 5.647799000144004822e-03 7.511886302381753922e-03 1.289861160330474377e-03 6.907296366989612579e-03 7.331365719437599182e-03 1.245205290615558624e-02 1.148510258644819260e-02 3.399393334984779358e-02 2.118467912077903748e-02 2.835831232368946075e-02 3.745047142729163170e-03 9.801979176700115204e-03 2.146899467334151268e-03 1.383827766403555870e-03 1.027670502662658691e-02 5.051276646554470062e-03 1.605100557208061218e-02 8.399995043873786926e-03 1.338155008852481842e-02 6.778954062610864639e-03 5.801138933748006821e-03 2.208139188587665558e-02 1.003826269879937172e-03 3.796581178903579712e-03 1.206803880631923676e-02 1.267219055444002151e-02 8.832326158881187439e-03 1.015099929645657539e-03 5.249833222478628159e-03 2.946906350553035736e-02 2.366357296705245972e-02 1.554790977388620377e-02 3.910191729664802551e-02
1.040688995271921158e-02 3.158712061122059822e-03 5.157747492194175720e-02 9.087624493986368179e-04 9.297145530581474304e-03 1.339229475706815720e-02 4.460711963474750519e-03 8.525739908218383789e-01 3.100639441981911659e-03 5.581071134656667709e-03 2.630582265555858612e-02 1.055638957768678665e-02 1.621494442224502563e-02 1.188407652080059052e-02 5.533446744084358215e-02 5.803450942039489746e-03 3.265899373218417168e-03 1.574821583926677704e-02 2.971676364541053772e-02 2.926307357847690582e-02 1.850717514753341675e-02 4.266247153282165527e-02 9.696299210190773010e-03 9.531169198453426361e-03 7.786711677908897400e-03 6.718608550727367401e-03 2.417459525167942047e-02 1.458959002047777176e-02 2.228057477623224258e-03 9.726654738187789917e-03 9.081747382879257202e-03 2.146729081869125366e-02 2.081874385476112366e-02 2.029749378561973572e-02 9.056547656655311584e-03 2.373429015278816223e-02 2.116854488849639893e-02 1.032178662717342377e-02 5.022382363677024841e-03 1.036352198570966721e-02 2.493888325989246368e-02 8.554026135243475437e-04 1.092415582388639450e-02 3.801795467734336853e-02 1.611857092939317226e-03 2.614350989460945129e-02 2.912534866482019424e-03 2.856268081814050674e-03 2.230818383395671844e-03 1.498158322647213936e-03 1.053331536240875721e-03 1.019059494137763977e-02 2.668873965740203857e-02 2.891779690980911255e-02 5.076018627732992172e-03 4.314517602324485779e-03 3.111246973276138306e-03 5.556085379794239998e-04 3.014579415321350098e-02 3.908751159906387329e-02 1.453089062124490738e-02 7.167294155806303024e-03 2.046076813712716103e-03 1.499941688962280750e-03 5.388070829212665558e-03 1.520749926567077637e-02 2.780365012586116791e-02 5.223727785050868988e-04 1.224678009748458862e-02 1.296959817409515381e-03 1.252134796231985092e-02 6.565197370946407318e-03 1.296625705435872078e-03 9.318638592958450317e-03 9.341541677713394165e-03 1.643102243542671204e-02 6.693551782518625259e-03 3.050323808565735817e-03 3.898868802934885025e-03 5.942887160927057266e-03 5.678353831171989441e-02 5.964579433202743530e-02 1.486458536237478256e-02 2.458383329212665558e-03 6.284134928137063980e-03 2.321171807125210762e-03 5.280488729476928711e-02 4.903995990753173828e-02 1.561910565942525864e-02 1.730237971059978008e-03 8.513206616044044495e-03 1.722482219338417053e-02 1.757314428687095642e-02 2.632088772952556610e-02 1.377168949693441391e-02 1.879239082336425781e-02 1.741327717900276184e-02 1.009393110871315002e-02 1.740448176860809326e-02 1.729749701917171478e-02 1.975983195006847382e-02 2.026580274105072021e-02 2.246910892426967621e-02 7.404675241559743881e-03 1.203649863600730896e-02 1.409909594804048538e-02 2.903474308550357819e-02 1.331185083836317062e-02 1.593579165637493134e-02 1.172604318708181381e-02 1.634411327540874481e-02 3.000149875879287720e-02 2.071656472980976105e-02 4.091984126716852188e-03 2.990637719631195068e-02 3.106415830552577972e-02
8.686485700309276581e-03 6.302315276116132736e-03 7.757468614727258682e-03 1.048411801457405090e-02 1.404452696442604065e-02 2.382468618452548981e-02 2.621680614538490772e-04 3.100639441981911659e-03 8.525739908218383789e-01 6.574098765850067139e-02 2.443152770865708590e-04 4.349981993436813354e-02 5.429939366877079010e-03 1.242966391146183014e-02 2.909507835283875465e-03 2.405758202075958252e-02 2.355731092393398285e-03 2.167464047670364380e-02 1.332420855760574341e-02 2.754045417532324791e-03 2.517522871494293213e-02 4.624401684850454330e-03 3.822335228323936462e-02 2.626389637589454651e-02 9.960738010704517365e-03 2.092803642153739929e-02 1.124226115643978119e-02 1.740597933530807495e-02 3.515924513339996338e-02 2.566485432907938957e-03 1.616064459085464478e-02 1.609468087553977966e-02 2.477643452584743500e-02 1.765173301100730896e-02 1.300948020070791245e-02 4.633833188563585281e-03 5.134650506079196930e-03 7.642576005309820175e-03 1.613199128769338131e-03 1.375328190624713898e-02 1.909000449813902378e-03 4.030466824769973755e-02 3.571666404604911804e-02 3.300445387139916420e-03 2.722804993391036987e-02 4.775688983500003815e-03 4.459279589354991913e-03 5.330228246748447418e-03 2.868412248790264130e-02 2.043653838336467743e-02 1.786675676703453064e-02 1.780108548700809479e-02 4.725922364741563797e-03 1.118086278438568115e-03 4.649128019809722900e-02 7.182873785495758057e-03 1.004655286669731140e-02 8.124538580887019634e-04 5.405705422163009644e-03 2.586085582152009010e-03 2.928067930042743683e-03 7.025051396340131760e-03 1.038840040564537048e-02 5.865533370524644852e-03 1.739693433046340942e-02 2.291620336472988129e-02 1.743410364724695683e-03 1.779417134821414948e-02 2.698717638850212097e-02 5.019198288209736347e-04 5.829012021422386169e-03 2.052840217947959900e-02 1.620361581444740295e-03 1.136553008109331131e-02 8.808890357613563538e-03 1.608731970191001892e-02 6.755266338586807251e-02 6.450412422418594360e-02 4.824114590883255005e-02 3.622929379343986511e-02 4.416272044181823730e-03 2.122508703905623406e-05 6.684409454464912415e-03 1.235893834382295609e-02 5.115686357021331787e-02 3.643195331096649170e-02 8.062778972089290619e-03 3.788903122767806053e-03 4.384374618530273438e-02 2.272456325590610504e-02 4.959614016115665436e-03 7.824138738214969635e-03 1.909647020511329174e-03 2.724093850702047348e-03 1.784989982843399048e-02 2.283664979040622711e-02 1.257479377090930939e-02 1.826979592442512512e-02 3.317313268780708313e-02 1.778011582791805267e-02 1.061423122882843018e-02 8.827434852719306946e-03 1.541186776012182236e-02 4.490070510655641556e-03 1.393531356006860733e-02 1.993120275437831879e-02 1.595018804073333740e-02 2.094404771924018860e-03 3.834597999230027199e-03 1.535579678602516651e-03 3.362049174029380083e-04 6.113647483289241791e-03 3.900088369846343994e-02 3.360928967595100403e-02 1.237879879772663116e-02 5.677496548742055893e-03
2.925985958427190781e-03 3.120468929409980774e-03 9.133660234510898590e-03 2.146546356379985809e-02 2.583705820143222809e-02 8.543192408978939056e-03 2.723036101087927818e-03 5.581071134656667709e-03 6.574098765850067139e-02 8.525739908218383789e-01 6.750546745024621487e-04 1.824895851314067841e-02 5.507364403456449509e-03 9.660818614065647125e-03 3.631669562309980392e-03 2.833199687302112579e-03 1.569971255958080292e-02 1.281184051185846329e-02 1.616142876446247101e-02 1.047339662909507751e-02 2.404370345175266266e-02 2.074741496471688151e-04 2.189016528427600861e-02 2.534435689449310303e-02 3.632793959695845842e-04 1.304368115961551666e-02 2.073263004422187805e-02 7.751916069537401199e-03 2.077968232333660126e-02 1.055729016661643982e-02 1.119790878146886826e-02 1.852113194763660431e-02 2.819866873323917389e-02 3.792851231992244720e-03 1.920134201645851135e-02 1.838384009897708893e-02 1.001193840056657791e-02 1.712699234485626221e-02 2.233396098017692566e-02 3.158030658960342407e-02 9.788770228624343872e-03 3.631819039583206177e-02 3.305578231811523438e-02 2.273958642035722733e-03 8.422208949923515320e-03 5.917927250266075134e-03 1.064301468431949615e-02 7.422354072332382202e-03 3.729703277349472046e-02 3.726742416620254517e-02 7.346933125518262386e-04 1.342172967270016670e-03 6.327817682176828384e-03 3.195787081494927406e-03 3.367768228054046631e-02 1.925565674901008606e-02 1.794152543880045414e-03 7.345480844378471375e-05 1.295151072554290295e-03 1.376005937345325947e-03 8.679276797920465469e-04 5.700481124222278595e-04 2.053605951368808746e-02 7.224620785564184189e-03 1.203693635761737823e-02 9.080519899725914001e-03 9.531999938189983368e-03 1.169418450444936752e-02 4.894740413874387741e-04 1.906175538897514343e-02 5.920484662055969238e-03 2.412613295018672943e-02 1.537160016596317291e-02 2.635454013943672180e-02 2.108796127140522003e-02 2.329895459115505219e-02 5.283712595701217651e-02 6.563255935907363892e-02 2.186492830514907837e-02 2.241986058652400970e-02 6.929797586053609848e-03 7.221763487905263901e-03 3.642180236056447029e-03 3.871512832120060921e-03 4.759062081575393677e-02 5.436088889837265015e-02 7.968766614794731140e-03 7.546398788690567017e-03 1.534259691834449768e-02 6.913146004080772400e-03 1.811176305636763573e-03 1.437106519006192684e-03 4.763026256114244461e-03 1.023540273308753967e-02 2.258644439280033112e-02 1.619805395603179932e-02 2.350479364395141602e-02 2.373909950256347656e-02 3.779251128435134888e-02 2.307162620127201080e-02 1.215136889368295670e-02 6.960017606616020203e-03 2.579909004271030426e-02 1.382673997431993484e-02 1.565775461494922638e-02 2.249146439135074615e-02 1.906536705791950226e-02 3.987926058471202850e-03 1.843407563865184784e-02 1.609351602382957935e-03 1.384700927883386612e-02 3.693818143801763654e-05 2.726272679865360260e-02 2.777015790343284607e-02 1.849379763007164001e-02 1.407151948660612106e-02
5.164689570665359497e-02 3.080025874078273773e-02 2.980568818747997284e-02 8.208176121115684509e-03 2.045421861112117767e-03 5.318501964211463928e-02 2.580219879746437073e-02 2.630582265555858612e-02 2.443152770865708590e-04 6.750546745024621487e-04 8.525739908218383789e-01 1.444675680249929428e-02 5.399497225880622864e-02 3.420106368139386177e-03 3.074447810649871826e-02 2.273153699934482574e-02 1.664382778108119965e-02 9.307111613452434540e-03 2.329429611563682556e-02 1.041558221913874149e-03 8.567187935113906860e-03 2.545164339244365692e-02 7.980364607647061348e-04 4.007273819297552109e-03 3.753804136067628860e-03 5.124260671436786652e-03 1.693096011877059937e-03 7.361628115177154541e-03 2.072489634156227112e-02 9.606593288481235504e-03 1.367769110947847366e-02 1.078069675713777542e-02 8.825268596410751343e-03 9.448723867535591125e-03 1.496702712029218674e-02 1.056993193924427032e-02 1.963542075827717781e-03 5.394406151026487350e-03 7.631515152752399445e-03 1.415146142244338989e-02 4.417495336383581161e-03 6.849057390354573727e-04 7.187586277723312378e-03 1.442610379308462143e-02 2.110358513891696930e-02 2.116519026458263397e-03 4.973483085632324219e-02 2.315183170139789581e-02 1.288239844143390656e-02 1.245641242712736130e-02 1.803043414838612080e-03 1.108584087342023849e-02 2.338243834674358368e-02 1.803850010037422180e-02 1.843599975109100342e-02 1.798969320952892303e-02 6.674888078123331070e-03 2.043529180809855461e-03 2.009902708232402802e-02 2.876100502908229828e-02 1.440289244055747986e-02 1.102106645703315735e-02 6.611071992665529251e-03 9.826577268540859222e-03 2.787175215780735016e-02 3.279485553503036499e-02 3.899283707141876221e-03 1.047794707119464874e-02 3.228011727333068848e-02 6.821680814027786255e-03 2.782734110951423645e-02 6.196053232997655869e-03 1.867423183284699917e-03 1.240541692823171616e-02 7.477081380784511566e-03 1.102393958717584610e-03 3.516579046845436096e-03 1.215914357453584671e-02 6.976120173931121826e-03 7.706722710281610489e-03 2.296953648328781128e-02 1.886632852256298065e-02 1.968884840607643127e-02 8.395855315029621124e-03 3.382882103323936462e-03 7.233351469039916992e-03 2.268011681735515594e-02 3.059188090264797211e-02 1.853413996286690235e-03 1.126191299408674240e-02 3.660284727811813354e-02 2.460083551704883575e-02 1.043006218969821930e-02 1.723904535174369812e-02 1.672382652759552002e-02 4.925709217786788940e-03 6.596870254725217819e-03 8.854011073708534241e-03 2.804142422974109650e-02 1.786780357360839844e-02 1.343338633887469769e-03 2.951418282464146614e-03 1.876317337155342102e-02 1.597806252539157867e-02 7.417452521622180939e-03 7.476022932678461075e-03 5.342663265764713287e-03 1.831698231399059296e-02 1.107748225331306458e-02 1.859393157064914703e-02 4.263595212250947952e-03 1.121719367802143097e-02 1.659371703863143921e-02 1.771925948560237885e-02 1.085451687686145306e-03 5.461064283736050129e-04
2.003434300422668457e-02 8.726716972887516022e-03 2.075488213449716568e-03 2.062489802483469248e-04 8.927001617848873138e-04 4.184210672974586487e-02 1.443371828645467758e-02 1.055638957768678665e-02 4.349981993436813354e-02 1.824895851314067841e-02 1.444675680249929428e-02 8.525739908218383789e-01 1.981481909751892090e-02 5.444141104817390442e-02 1.142742298543453217e-02 3.023430146276950836e-02 2.165718562901020050e-02 2.528196014463901520e-02 6.698638666421175003e-03 1.034031901508569717e-02 9.107899852097034454e-03 2.513034734874963760e-03 5.699763447046279907e-02 4.987666755914688110e-02 1.247990410774946213e-02 1.077128201723098755e-02 1.084962161257863045e-03 2.901804633438587189e-02 3.275136649608612061e-02 2.594744041562080383e-02 5.189563147723674774e-03 1.828965730965137482e-02 6.717506330460309982e-03 7.731015793979167938e-03 1.008738204836845398e-02 1.229677814990282059e-02 3.632423933595418930e-03 6.952874828130006790e-04 1.459984015673398972e-02 5.362147931009531021e-03 1.078850938938558102e-03 3.119784779846668243e-02 2.888324111700057983e-02 3.974969731643795967e-04 4.800263792276382446e-02 1.990237645804882050e-02 4.653417505323886871e-03 1.136058196425437927e-02 6.983801722526550293e-03 1.137264817953109741e-02 2.277000993490219116e-02 2.750810794532299042e-02 9.899980388581752777e-03 1.329113356769084930e-02 3.252480924129486084e-02 9.034120477735996246e-03 1.183078158646821976e-02 5.790897179394960403e-03 2.526436932384967804e-02 2.359276823699474335e-02 9.295348078012466431e-03 9.871968999505043030e-03 9.739245288074016571e-03 2.017029933631420135e-02 7.154423277825117111e-03 1.217041350901126862e-02 4.303494642954319715e-04 4.255970474332571030e-03 2.442783117294311523e-02 1.168577186763286591e-02 9.758654981851577759e-03 6.699973251670598984e-03 1.589005254209041595e-02 1.357238553464412689e-02 1.033831201493740082e-02 2.228534547612071037e-03 4.244608804583549500e-02 3.490833565592765808e-02 4.613783210515975952e-02 2.563619427382946014e-02 1.633923314511775970e-02 7.619278039783239365e-03 1.340599078685045242e-02 1.492578350007534027e-02 4.213087633252143860e-02 2.580578252673149109e-02 1.395473722368478775e-02 1.144727319478988647e-02 3.894307091832160950e-02 2.050226740539073944e-02 2.703673206269741058e-02 2.257300307974219322e-03 1.366565376520156860e-02 1.368821831420063972e-03 5.541951395571231842e-04 1.126891095191240311e-02 7.098964881151914597e-03 1.071122661232948303e-02 1.877748407423496246e-02 1.095993723720312119e-02 1.700745522975921631e-02 6.774466950446367264e-03 2.260935725644230843e-03 1.594495400786399841e-02 7.567422930151224136e-03 7.947326637804508209e-03 1.289864350110292435e-02 1.330866711214184761e-03 4.627544432878494263e-03 6.400367710739374161e-03 2.647603861987590790e-03 4.561228211969137192e-03 3.435016050934791565e-02 3.745969012379646301e-02 5.861076992005109787e-03 1.701767905615270138e-04
6.170243769884109497e-02 6.666160374879837036e-02 2.098678983747959137e-02 3.571104723960161209e-03 3.303677774965763092e-03 4.237395897507667542e-02 5.985178798437118530e-02 1.621494442224502563e-02 5.429939366877079010e-03 5.507364403456449509e-03 5.399497225880622864e-02 1.981481909751892090e-02 8.525739908218383789e-01 1.918842457234859467e-02 1.912698335945606232e-02 5.435020662844181061e-03 5.764523055404424667e-03 2.472292445600032806e-02 1.874746568500995636e-02 1.837703981436789036e-03 8.179542608559131622e-03 1.385803241282701492e-02 1.101391622796654701e-03 1.917337649501860142e-03 1.496424153447151184e-02 1.082608592696487904e-03 4.339159000664949417e-03 3.776408731937408447e-03 5.371795035898685455e-03 3.069930244237184525e-03 3.797358274459838867e-02 2.638947777450084686e-02 1.147112715989351273e-02 7.472998462617397308e-03 8.087451569736003876e-03 1.027366705238819122e-02 3.171781543642282486e-03 5.924991797655820847e-03 2.499946160241961479e-03 1.118639297783374786e-02 4.046393558382987976e-03 1.150103285908699036e-02 5.006360355764627457e-03 1.097980793565511703e-02 1.581700146198272705e-02 1.310518570244312286e-02 3.770720958709716797e-02 5.297920852899551392e-02 1.453682780265808105e-02 1.096158009022474289e-02 1.807204075157642365e-02 2.479010820388793945e-02 1.988332532346248627e-02 9.073772467672824860e-03 5.362790543586015701e-03 1.304601132869720459e-02 1.100330427289009094e-02 1.317182835191488266e-02 1.399524882435798645e-02 1.918623037636280060e-02 2.042483724653720856e-02 7.811940740793943405e-03 1.317872758954763412e-02 1.733365788822993636e-04 4.280981607735157013e-03 3.650594502687454224e-02 1.204869151115417480e-02 1.251033693552017212e-02 1.523188315331935883e-03 1.112670544534921646e-02 1.484520733356475830e-03 6.533288396894931793e-03 1.358470413833856583e-02 1.963080465793609619e-02 8.287282660603523254e-03 1.089359633624553680e-02 5.726795061491429806e-04 8.789942599833011627e-03 1.443147473037242889e-02 1.426628232002258301e-02 1.824359223246574402e-02 1.498219370841979980e-02 2.356814965605735779e-02 2.698661992326378822e-03 1.176098641008138657e-02 8.091049268841743469e-03 1.170391403138637543e-02 2.848303131759166718e-02 9.103012271225452423e-03 6.006701383739709854e-03 4.128995910286903381e-02 2.133791131200268865e-04 2.819892391562461853e-02 1.896507851779460907e-02 3.225119551643729210e-03 3.577457740902900696e-03 1.375805772840976715e-02 2.877323189750313759e-03 9.337046183645725250e-03 1.270237844437360764e-03 1.981048658490180969e-02 7.802816107869148254e-03 1.506849378347396851e-02 1.774680987000465393e-02 1.260016299784183502e-02 7.282340899109840393e-03 1.767145469784736633e-02 4.569114185869693756e-03 9.190911427140235901e-03 7.178567349910736084e-03 1.031596399843692780e-02 1.917690783739089966e-02 2.990670129656791687e-02 2.795763500034809113e-02 6.442696321755647659e-03 6.041808519512414932e-04
