8.428016304969787598e-01 8.630684763193130493e-02 8.117062039673328400e-03 1.104276999831199646e-02 1.089264266192913055e-02 4.313272982835769653e-02 4.003138840198516846e-02 9.059324860572814941e-03 4.333657212555408478e-03 2.448781952261924744e-02 6.061272695660591125e-02 6.668575573712587357e-03 5.555010214447975159e-02 2.210227586328983307e-02 5.233124364167451859e-03 1.883513107895851135e-02 2.308381348848342896e-02 8.803660981357097626e-03 2.516409941017627716e-02 2.746519632637500763e-02 2.488901279866695404e-02 2.470025792717933655e-02 1.135781127959489822e-02 1.130831986665725708e-02 1.286895200610160828e-02 2.567556314170360565e-02 1.161699462682008743e-02 7.661840412765741348e-03 3.966684639453887939e-02 9.498875006102025509e-04 3.796828910708427429e-02 1.847036764957010746e-03 1.853222376666963100e-03 2.488454245030879974e-02 2.224944718182086945e-02 6.506935227662324905e-03 1.211491995491087437e-03 2.017429098486900330e-03 1.147067290730774403e-03 7.051343098282814026e-03 1.624598540365695953e-02 1.125921774655580521e-02 4.566869698464870453e-03 4.319261293858289719e-03 5.747308488935232162e-03 1.547570805996656418e-02 5.221256613731384277e-02 2.734364755451679230e-02 8.399493992328643799e-03 1.003116555511951447e-02 8.932934142649173737e-03 1.753186434507369995e-02 3.788125468418002129e-03 7.784525863826274872e-03 4.525288008153438568e-03 1.729998178780078888e-02 7.246864959597587585e-03 1.065837033092975616e-02 1.088642422109842300e-02 1.379201654344797134e-02 4.090147558599710464e-03 1.505060307681560516e-02 1.548324432224035263e-02 4.586275201290845871e-03 1.425355952233076096e-02 7.362327072769403458e-03 1.601802930235862732e-02 1.834238506853580475e-02 1.527543086558580399e-02 7.915313355624675751e-03 1.485729310661554337e-02 1.530417241156101227e-03 1.117190252989530563e-02 3.738210536539554596e-03 2.123392187058925629e-02 7.740182336419820786e-03 1.224272418767213821e-02 1.683866605162620544e-02 2.326499111950397491e-02 3.134296834468841553e-02 1.534138899296522141e-02 2.933214884251356125e-03 7.122940733097493649e-04 5.809976719319820404e-03 2.166465483605861664e-02 2.479420974850654602e-02 6.657688412815332413e-03 1.662828400731086731e-02 5.281384568661451340e-03 1.291105896234512329e-02 3.894872590899467468e-02 1.347907166928052902e-02 1.550253387540578842e-02 1.594108156859874725e-02 2.273955178679898381e-04 9.994476102292537689e-03 8.129579946398735046e-03 8.475917391479015350e-03 4.106419626623392105e-03 4.632198542822152376e-04 1.277492032386362553e-03 1.488142181187868118e-02 1.758684637024998665e-03 4.581596702337265015e-03 5.575684830546379089e-03 3.631262574344873428e-03 8.972096256911754608e-03 9.037676267325878143e-03 1.413894910365343094e-02 3.284288104623556137e-03 1.155438739806413651e-02 3.519214922562241554e-03 2.212790586054325104e-02 1.604005508124828339e-02 1.641040295362472534e-02 6.537944427691400051e-04
8.630684763193130493e-02 8.428016304969787598e-01 1.235486101359128952e-02 1.035799155943095684e-03 1.382807968184351921e-03 3.959996625781059265e-02 5.150246247649192810e-02 1.062310766428709030e-02 5.574185401201248169e-03 2.377979271113872528e-02 4.958347603678703308e-02 2.400778932496905327e-03 6.024604290723800659e-02 2.729592472314834595e-02 2.344927517697215080e-03 1.538843475282192230e-02 1.888811588287353516e-02 1.691818906692788005e-04 1.355038024485111237e-02 3.386222943663597107e-02 2.823545038700103760e-02 2.035656571388244629e-02 1.550362445414066315e-02 1.392547972500324249e-02 1.641147583723068237e-02 2.330950088798999786e-02 1.200383063405752182e-02 7.730751764029264450e-03 2.692801319062709808e-02 1.493332162499427795e-02 3.149958327412605286e-02 8.514037355780601501e-03 4.690276924520730972e-03 2.701890468597412109e-02 1.425774488598108292e-02 3.988656215369701385e-03 2.038520528003573418e-03 3.534354269504547119e-03 7.092726416885852814e-03 2.067214576527476311e-03 1.203098334372043610e-02 2.299065142869949341e-02 1.248661521822214127e-02 6.797914975322782993e-04 1.442958414554595947e-02 2.043686248362064362e-02 4.476925358176231384e-02 3.840317949652671814e-02 6.427028682082891464e-03 1.565794274210929871e-02 7.372565451078116894e-04 8.167441934347152710e-03 5.451097153127193451e-03 6.034989841282367706e-03 4.769428633153438568e-03 1.732962764799594879e-02 8.914155885577201843e-03 5.320062628015875816e-04 7.497722748667001724e-03 1.070688478648662567e-02 4.776835907250642776e-03 1.917460933327674866e-03 1.961561664938926697e-02 1.153582986444234848e-02 6.682861596345901489e-03 3.138218075037002563e-03 2.135472930967807770e-02 2.558715455234050751e-02 6.349470000714063644e-03 2.846990479156374931e-03 6.813534069806337357e-03 4.967467393726110458e-04 1.091707684099674225e-02 3.567935200408101082e-03 4.809471312910318375e-03 1.247651502490043640e-02 7.837549783289432526e-03 1.820880547165870667e-02 3.060893900692462921e-02 4.034772887825965881e-02 1.468690391629934311e-02 2.280850429087877274e-03 1.723889634013175964e-02 7.368246559053659439e-03 2.943410538136959076e-02 3.080351091921329498e-02 1.777117839083075523e-03 1.965664513409137726e-02 7.199316751211881638e-03 1.956141740083694458e-02 1.982001774013042450e-02 8.555689826607704163e-03 2.958033420145511627e-02 1.882978342473506927e-02 6.594685837626457214e-04 8.594864979386329651e-03 3.062287345528602600e-03 4.005906637758016586e-03 9.830380789935588837e-03 6.640935316681861877e-03 3.668050747364759445e-03 1.463654171675443649e-02 3.064459422603249550e-03 1.297795679420232773e-03 1.072487793862819672e-02 7.158840075135231018e-03 9.641037322580814362e-03 9.189266711473464966e-03 1.037098467350006104e-02 1.028567273169755936e-02 1.133608259260654449e-02 8.849109522998332977e-03 2.590793557465076447e-02 1.432782039046287537e-02 2.337762340903282166e-02 1.674251863732933998e-03
8.117062039673328400e-03 1.235486101359128952e-02 8.428016304969787598e-01 7.255283650010824203e-03 3.840864868834614754e-03 2.009542845189571381e-02 1.019155234098434448e-02 5.492495372891426086e-02 1.566716702654957771e-03 1.108128856867551804e-02 8.989507332444190979e-03 1.153828948736190796e-02 1.389293838292360306e-02 6.570138968527317047e-03 8.769425563514232635e-03 1.578213647007942200e-02 9.862479753792285919e-03 9.104276075959205627e-03 9.093927219510078430e-03 1.006083679385483265e-03 6.668550893664360046e-03 9.319773875176906586e-03 7.855054922401905060e-03 7.196187973022460938e-03 9.693523868918418884e-03 7.123540155589580536e-03 3.379323706030845642e-02 1.188346091657876968e-02 1.291489694267511368e-02 1.065310440026223660e-03 1.080281380563974380e-02 6.622888613492250443e-03 9.300879202783107758e-03 2.170371357351541519e-03 7.854316500015556812e-04 8.261082693934440613e-03 1.042069867253303528e-03 6.305753253400325775e-03 1.898359507322311401e-02 1.338868867605924606e-02 4.516156855970621109e-03 1.238998211920261383e-02 1.458808686584234238e-02 4.025008156895637512e-02 6.361132953315973282e-03 1.619154959917068481e-02 2.127073705196380615e-03 2.344357082620263100e-03 4.216237924993038177e-03 1.071006525307893753e-02 1.917540282011032104e-02 2.489068917930126190e-02 1.379978377372026443e-02 5.684061441570520401e-03 2.628462621942162514e-03 9.537713602185249329e-03 1.265892665833234787e-02 4.776321817189455032e-03 1.657187566161155701e-02 7.658097427338361740e-03 1.406135736033320427e-03 4.511422012001276016e-03 1.484455727040767670e-02 4.039959982037544250e-03 1.029321271926164627e-02 1.519234012812376022e-02 1.497609540820121765e-03 2.608800539746880531e-03 6.056662183254957199e-03 2.731657773256301880e-02 7.080411538481712341e-03 1.439815014600753784e-02 8.423415012657642365e-03 3.975602611899375916e-02 3.394334809854626656e-03 2.571679465472698212e-02 4.274872597306966782e-03 1.610470935702323914e-02 3.350016195327043533e-03 9.686403907835483551e-03 6.468866020441055298e-02 4.255396500229835510e-02 1.152230519801378250e-02 2.832045778632164001e-03 6.431583780795335770e-03 4.001692403107881546e-03 1.964507251977920532e-02 6.603131070733070374e-03 1.492134016007184982e-02 1.484271883964538574e-02 1.341304089874029160e-02 3.420698689296841621e-03 2.104647085070610046e-02 1.281299861147999763e-03 1.523169595748186111e-02 3.490022616460919380e-03 2.110493369400501251e-02 1.228658016771078110e-02 7.509794086217880249e-04 1.762463245540857315e-03 4.702441394329071045e-03 4.905584733933210373e-03 1.464725844562053680e-02 1.783063262701034546e-02 2.212199033237993717e-04 4.855122417211532593e-03 5.711804609745740891e-03 8.370952680706977844e-03 9.870355715975165367e-04 1.059211418032646179e-02 1.860774867236614227e-02 2.496030926704406738e-02 9.735482744872570038e-03 4.717692732810974121e-03 3.076988086104393005e-02 2.761445939540863037e-02
1.104276999831199646e-02 1.035799155943095684e-03 7.255283650010824203e-03 8.428016304969787598e-01 6.680708378553390503e-02 1.040028594434261322e-02 1.093033934012055397e-03 5.876824725419282913e-03 1.456290949136018753e-02 1.283417269587516785e-02 1.565174572169780731e-02 1.644803583621978760e-02 1.251077558845281601e-02 1.512498315423727036e-02 2.144931070506572723e-02 5.706670694053173065e-03 5.876507610082626343e-03 1.179031562060117722e-02 2.710183709859848022e-02 3.076822264119982719e-03 1.674004830420017242e-03 4.343567881733179092e-03 1.119860075414180756e-02 1.093422807753086090e-02 1.123466715216636658e-02 1.659329608082771301e-02 1.420289836823940277e-02 2.182802371680736542e-02 1.857365854084491730e-02 1.510940771549940109e-02 1.764564961194992065e-02 1.048673223704099655e-02 3.579176217317581177e-02 4.086185246706008911e-03 2.846653759479522705e-02 1.810022629797458649e-03 9.683933109045028687e-03 1.554814167320728302e-02 4.883585497736930847e-02 3.480923548340797424e-02 3.830837784335017204e-03 4.528275225311517715e-03 2.470389707013964653e-03 1.510372851043939590e-02 1.653940044343471527e-02 4.806623794138431549e-03 1.265799859538674355e-03 1.938490779139101505e-03 5.963261704891920090e-03 6.632207892835140228e-03 1.672500930726528168e-02 1.113438885658979416e-02 2.346061170101165771e-02 1.870371960103511810e-02 8.045073598623275757e-03 6.431912072002887726e-03 3.344505280256271362e-02 3.322483226656913757e-02 1.496735960245132446e-02 2.167323231697082520e-02 5.625745654106140137e-02 3.601425141096115112e-02 3.445840626955032349e-02 3.771220892667770386e-02 2.605110220611095428e-02 2.841094881296157837e-02 8.062559179961681366e-03 1.391594391316175461e-02 2.315837889909744263e-02 3.039675066247582436e-03 1.887811720371246338e-02 1.146607659757137299e-02 5.363781377673149109e-02 7.011981215327978134e-03 3.408319130539894104e-02 5.026586353778839111e-03 2.026454079896211624e-03 1.142507698386907578e-02 1.125282142311334610e-03 6.796205416321754456e-03 1.431729644536972046e-02 8.011447265744209290e-03 4.441194236278533936e-02 3.586607798933982849e-02 1.241379790008068085e-02 5.815254990011453629e-03 2.200458571314811707e-02 1.190457399934530258e-02 7.118089124560356140e-03 4.623201675713062286e-03 1.070729363709688187e-02 1.388548035174608231e-02 8.897069841623306274e-03 8.031457662582397461e-03 5.775610916316509247e-03 6.636620499193668365e-03 4.279254470020532608e-03 2.604452660307288170e-03 1.324106007814407349e-02 6.437754258513450623e-03 2.066173590719699860e-02 2.396382205188274384e-02 6.203305907547473907e-03 3.281296463683247566e-03 4.588569700717926025e-02 2.926968410611152649e-02 1.104299165308475494e-02 3.647150844335556030e-02 1.799375563859939575e-02 2.801385335624217987e-02 7.806326611898839474e-04 1.482452638447284698e-02 1.254412438720464706e-02 1.589944958686828613e-02 7.829427719116210938e-03 1.758957281708717346e-03
1.089264266192913055e-02 1.382807968184351921e-03 3.840864868834614754e-03 6.680708378553390503e-02 8.428016304969787598e-01 1.938008703291416168e-02 6.195091176778078079e-03 8.312987163662910461e-03 2.125127799808979034e-02 1.033157017081975937e-02 2.145048417150974274e-02 2.468276023864746094e-02 1.550105027854442596e-02 1.947877183556556702e-02 2.152360230684280396e-02 4.874442704021930695e-03 7.944568991661071777e-03 1.301171910017728806e-02 1.216671615839004517e-02 1.075655780732631683e-02 1.031081471592187881e-02 1.479633711278438568e-02 1.304750796407461166e-02 7.813825272023677826e-03 1.202575583010911942e-02 1.630290970206260681e-02 1.439557410776615143e-03 2.115864865481853485e-02 2.539492398500442505e-02 1.511977612972259521e-02 1.681680418550968170e-02 1.030578278005123138e-02 2.918934449553489685e-02 1.615064218640327454e-02 3.454868495464324951e-02 3.509884467348456383e-03 1.846005395054817200e-02 1.927995495498180389e-02 4.117704182863235474e-02 3.987645357847213745e-02 4.244757816195487976e-03 1.047411561012268066e-02 4.720946308225393295e-03 5.834142677485942841e-03 1.177775580435991287e-02 2.185467164963483810e-03 6.044596433639526367e-03 5.229001981206238270e-04 1.240643206983804703e-02 8.028802461922168732e-03 8.690000511705875397e-03 2.193618798628449440e-03 2.419952675700187683e-02 2.313308604061603546e-02 1.020314084598794580e-04 2.028640359640121460e-02 1.497310865670442581e-02 2.189483493566513062e-02 2.169655822217464447e-02 2.420011907815933228e-02 4.517982900142669678e-02 3.891789540648460388e-02 3.230360150337219238e-02 3.635415807366371155e-02 2.878981642425060272e-02 3.082618862390518188e-02 1.432748697698116302e-02 2.219231240451335907e-02 1.794528774917125702e-02 2.484106225892901421e-03 1.708821766078472137e-02 1.777233369648456573e-02 3.777213022112846375e-02 6.323846522718667984e-03 4.258676618337631226e-02 5.648261401802301407e-03 1.115319691598415375e-02 9.570334106683731079e-03 6.510989740490913391e-03 4.616036079823970795e-03 1.483231596648693085e-02 6.856729742139577866e-03 2.198347076773643494e-02 4.088436439633369446e-02 1.181059796363115311e-02 1.042110659182071686e-02 2.486398071050643921e-02 1.719327270984649658e-02 5.529786576516926289e-04 4.669921472668647766e-03 1.567841880023479462e-02 2.126416750252246857e-02 6.873540580272674561e-03 7.224502507597208023e-03 9.099078364670276642e-03 7.045435253530740738e-03 9.116647765040397644e-03 7.225029170513153076e-03 1.466381084173917770e-02 4.247475415468215942e-03 1.103068888187408447e-02 2.602896839380264282e-02 9.963156655430793762e-03 5.146344192326068878e-03 4.048251733183860779e-02 3.705657646059989929e-02 9.540843777358531952e-03 2.896840311586856842e-02 2.143002115190029144e-02 3.203180059790611267e-02 9.341988712549209595e-03 9.112959727644920349e-03 1.352980732917785645e-02 1.499088667333126068e-02 9.061899036169052124e-03 1.055960077792406082e-03
4.313272982835769653e-02 3.959996625781059265e-02 2.009542845189571381e-02 1.040028594434261322e-02 1.938008703291416168e-02 8.428016304969787598e-01 7.250746339559555054e-02 1.438179053366184235e-02 7.542269304394721985e-03 1.703113690018653870e-02 4.601806402206420898e-02 2.567080780863761902e-02 3.722299262881278992e-02 2.570601738989353180e-02 1.354996394366025925e-02 2.606851235032081604e-02 2.811017446219921112e-02 1.396191772073507309e-02 3.341332776471972466e-03 2.786527946591377258e-02 2.456282824277877808e-02 4.665253683924674988e-03 2.280466631054878235e-02 2.620734833180904388e-02 1.226945780217647552e-02 1.125813834369182587e-02 2.276408672332763672e-02 1.864898018538951874e-02 3.322694823145866394e-02 1.926111616194248199e-02 2.602676674723625183e-02 2.118798904120922089e-02 5.478168372064828873e-03 2.881876379251480103e-02 1.088730618357658386e-02 1.549039967358112335e-02 5.897784605622291565e-03 1.495364401489496231e-02 2.007349021732807159e-02 2.826802246272563934e-02 3.994416445493698120e-03 1.410875190049409866e-02 4.615071695297956467e-03 8.024718612432479858e-03 1.281393691897392273e-02 5.680700764060020447e-03 4.769913852214813232e-02 3.230753913521766663e-02 1.196853723376989365e-02 8.551778271794319153e-03 1.168771367520093918e-02 8.382801897823810577e-03 1.182601600885391235e-02 1.385297253727912903e-02 1.239012926816940308e-02 9.969921782612800598e-03 7.819725200533866882e-03 7.302223704755306244e-03 7.630482781678438187e-03 1.270849723368883133e-02 1.337967999279499054e-02 1.080324873328208923e-02 3.206640947610139847e-03 4.276065155863761902e-03 1.047991588711738586e-02 1.090603694319725037e-02 2.204756811261177063e-02 1.588660478591918945e-02 7.601608522236347198e-03 9.613831527531147003e-03 1.299094222486019135e-02 2.371604554355144501e-02 1.359328976832330227e-03 2.107686921954154968e-02 2.110941708087921143e-02 2.697519399225711823e-02 6.946897483430802822e-04 2.221069531515240669e-03 7.143988739699125290e-03 2.047419361770153046e-02 8.566197007894515991e-03 3.929863683879375458e-03 1.973852515220642090e-02 9.303566999733448029e-03 1.331093348562717438e-02 1.661805622279644012e-02 9.430380538105964661e-03 1.097118016332387924e-02 1.401592325419187546e-02 4.960536491125822067e-03 3.200804069638252258e-02 1.062283292412757874e-02 1.072061341255903244e-02 1.263975980691611767e-03 1.877394039183855057e-03 5.881674122065305710e-03 1.830603368580341339e-02 1.970972865819931030e-02 3.842090372927486897e-04 4.010771226603537798e-04 2.212617173790931702e-02 2.613984979689121246e-02 1.549472101032733917e-02 2.026493102312088013e-02 2.055989578366279602e-03 1.170761138200759888e-02 1.787496358156204224e-02 1.917683146893978119e-02 1.501561328768730164e-02 8.830075152218341827e-03 2.442477038130164146e-03 1.028833631426095963e-02 5.931279622018337250e-03 6.610976066440343857e-03 1.114076934754848480e-02 2.673167362809181213e-02
4.003138840198516846e-02 5.150246247649192810e-02 1.019155234098434448e-02 1.093033934012055397e-03 6.195091176778078079e-03 7.250746339559555054e-02 8.428016304969787598e-01 1.943054422736167908e-02 1.285153627395629883e-02 1.824871823191642761e-02 4.887386038899421692e-02 2.700313925743103027e-02 5.485995858907699585e-02 3.449561819434165955e-02 4.656621254980564117e-03 2.115564048290252686e-02 2.076908573508262634e-02 1.330695860087871552e-02 5.606894381344318390e-03 3.026250191032886505e-02 2.348110638558864594e-02 7.877734489738941193e-03 3.668327257037162781e-02 3.761802613735198975e-02 1.969319954514503479e-02 1.900297403335571289e-02 2.567406045272946358e-03 8.885067887604236603e-03 3.526854887604713440e-02 8.300592191517353058e-03 3.848418593406677246e-02 2.570795454084873199e-02 2.905508503317832947e-03 3.095976077020168304e-02 1.297796051949262619e-02 2.559875836595892906e-03 9.301813319325447083e-03 8.338605053722858429e-03 1.184630766510963440e-02 2.252122014760971069e-02 4.338422324508428574e-03 7.549448870122432709e-03 8.905556052923202515e-03 8.096721954643726349e-03 9.118757210671901703e-03 2.282339148223400116e-02 4.826098307967185974e-02 5.377474054694175720e-02 3.327898448333144188e-04 1.063515804708003998e-02 3.282630350440740585e-03 5.037598311901092529e-03 1.516026258468627930e-02 1.718411967158317566e-02 2.145125763490796089e-03 1.078395079821348190e-02 1.849698135629296303e-03 7.440680637955665588e-03 1.051031332463026047e-02 1.460043806582689285e-02 1.355245802551507950e-02 2.902440726757049561e-03 5.250141257420182228e-04 3.515551565214991570e-03 1.233543921262025833e-02 1.601298339664936066e-02 2.717350050806999207e-02 1.939452998340129852e-02 1.361041679047048092e-03 6.985844229348003864e-04 5.073216743767261505e-03 3.329388331621885300e-03 6.870595738291740417e-03 1.032437570393085480e-02 9.559644386172294617e-03 1.466857269406318665e-02 8.323872461915016174e-03 5.160044878721237183e-03 2.462336979806423187e-02 3.092057444155216217e-02 8.145849220454692841e-03 7.717560511082410812e-03 1.270997431129217148e-02 1.247758162207901478e-03 2.613906376063823700e-02 3.098237700760364532e-02 1.327329315245151520e-02 2.083810418844223022e-02 8.989065885543823242e-03 8.120453916490077972e-03 2.683860994875431061e-02 1.610548980534076691e-02 2.841822430491447449e-02 1.451521273702383041e-02 4.167051520198583603e-03 3.401928581297397614e-03 3.911787178367376328e-03 5.236987490206956863e-03 1.242644805461168289e-02 1.380167622119188309e-02 2.529471181333065033e-02 2.983057685196399689e-02 1.305337413214147091e-03 5.110874306410551071e-03 5.287818145006895065e-03 1.378821209073066711e-02 1.824411563575267792e-02 9.566253982484340668e-03 2.027604915201663971e-02 3.040453884750604630e-03 8.675959892570972443e-03 1.912356470711529255e-03 1.461326330900192261e-02 1.091508194804191589e-02 9.954039938747882843e-03 1.140199508517980576e-02
9.059324860572814941e-03 1.062310766428709030e-02 5.492495372891426086e-02 5.876824725419282913e-03 8.312987163662910461e-03 1.438179053366184235e-02 1.943054422736167908e-02 8.428016304969787598e-01 4.365655768197029829e-04 2.735674381256103516e-03 2.077271789312362671e-02 1.276022382080554962e-02 8.723289705812931061e-03 1.392610277980566025e-02 1.640088297426700592e-02 1.535327266901731491e-02 1.511338166892528534e-02 1.125669199973344803e-02 5.977234803140163422e-03 2.031538635492324829e-03 4.299506545066833496e-03 1.169688440859317780e-02 1.092803571373224258e-02 1.865766383707523346e-02 1.720005529932677746e-03 6.914485711604356766e-03 1.071448903530836105e-02 1.312953699380159378e-02 8.638515137135982513e-03 1.764286309480667114e-02 4.446862265467643738e-03 1.176619436591863632e-02 1.546376664191484451e-02 1.620030589401721954e-02 1.029870938509702682e-02 1.938004791736602783e-02 2.677677385509014130e-02 1.681065745651721954e-02 3.448572754859924316e-02 3.316335380077362061e-02 1.604601368308067322e-02 5.364148411899805069e-03 5.478671751916408539e-03 4.759828746318817139e-02 7.431456469930708408e-04 9.415860287845134735e-03 1.427412871271371841e-02 4.793138243257999420e-03 4.168899729847908020e-03 1.826171297580003738e-03 6.934822071343660355e-03 3.170813899487257004e-03 1.553604193031787872e-02 1.968804933130741119e-02 8.708196692168712616e-03 3.652859479188919067e-03 7.383312098681926727e-03 2.139625884592533112e-02 2.394359186291694641e-02 2.054618112742900848e-02 1.571311382576823235e-03 1.727311755530536175e-03 1.666889153420925140e-02 1.485154591500759125e-02 1.925539970397949219e-02 2.293221279978752136e-02 2.333192533114925027e-04 7.360976655036211014e-03 1.209015958011150360e-02 2.120343968272209167e-02 1.115946378558874130e-02 1.442814338952302933e-02 1.302867662161588669e-02 2.485664747655391693e-02 1.582770049571990967e-02 1.056555565446615219e-02 4.635534249246120453e-03 4.497643560171127319e-03 1.488791592419147491e-02 1.007670909166336060e-02 7.542813569307327271e-02 6.635536253452301025e-02 4.016885533928871155e-03 1.563018374145030975e-02 1.486801262944936752e-02 2.217372693121433258e-02 3.998098149895668030e-02 2.230688184499740601e-02 1.589226908981800079e-02 4.870526492595672607e-03 1.484707091003656387e-02 9.234385215677320957e-04 1.018653158098459244e-02 1.068986859172582626e-02 1.704596728086471558e-02 1.579140429385006428e-03 1.630087941884994507e-02 1.050182897597551346e-02 5.190593074075877666e-04 4.815804306417703629e-03 2.381166070699691772e-02 2.768741175532341003e-02 7.988337427377700806e-03 1.291730720549821854e-02 1.438116282224655151e-02 2.120661363005638123e-02 1.839639991521835327e-02 9.083060547709465027e-03 2.942228876054286957e-02 2.709656581282615662e-02 4.449047613888978958e-03 3.822172875516116619e-04 1.773767289705574512e-03 9.707790799438953400e-03 1.532918959856033325e-02 2.456345222890377045e-02
4.333657212555408478e-03 5.574185401201248169e-03 1.566716702654957771e-03 1.456290949136018753e-02 2.125127799808979034e-02 7.542269304394721985e-03 1.285153627395629883e-02 4.365655768197029829e-04 8.428016304969787598e-01 5.305810645222663879e-02 2.027318347245454788e-03 4.303378611803054810e-02 1.213777810335159302e-03 2.987665869295597076e-02 2.087277173995971680e-02 4.984730854630470276e-02 3.842982649803161621e-02 4.670162871479988098e-02 6.610975600779056549e-03 1.866329461336135864e-02 3.446846967563033104e-03 1.653805561363697052e-02 5.077939853072166443e-02 4.161277785897254944e-02 1.052741706371307373e-02 9.233694523572921753e-03 1.120783668011426926e-02 1.016579195857048035e-02 5.139928776770830154e-03 1.043510343879461288e-02 9.171892888844013214e-03 3.546775877475738525e-02 5.026183091104030609e-03 1.724640838801860809e-02 8.679592050611972809e-03 2.486602589488029480e-02 7.391365244984626770e-03 2.150480821728706360e-02 1.295588631182909012e-02 7.768461480736732483e-03 2.174398628994822502e-03 1.449957396835088730e-02 1.248399727046489716e-02 7.535186887253075838e-05 3.354043001309037209e-04 1.075010932981967926e-02 2.382421121001243591e-02 1.520629599690437317e-02 5.761516466736793518e-02 1.913302019238471985e-02 1.510391756892204285e-02 1.249532331712543964e-03 1.345717348158359528e-02 2.567213494330644608e-03 5.475844442844390869e-02 1.675077714025974274e-02 2.858102880418300629e-02 4.448035731911659241e-03 3.553800052031874657e-03 5.954461637884378433e-03 6.507000420242547989e-03 4.965484607964754105e-03 3.485355898737907410e-02 2.795538306236267090e-02 1.178187318146228790e-02 1.399767026305198669e-02 9.867849759757518768e-03 7.522074505686759949e-03 3.169154003262519836e-02 1.544580142945051193e-02 1.391427498310804367e-02 1.525685004889965057e-02 6.183421239256858826e-03 1.078786235302686691e-02 5.621524062007665634e-03 6.366906687617301941e-03 7.184882462024688721e-02 3.087892942130565643e-02 1.227664388716220856e-02 9.594041621312499046e-04 1.777928206138312817e-03 1.003458397462964058e-03 2.620832994580268860e-02 5.149272270500659943e-03 8.548254147171974182e-03 2.459886309225112200e-05 5.385435651987791061e-03 2.059065038338303566e-03 5.484234914183616638e-02 1.868667267262935638e-02 2.337468415498733521e-02 2.000045962631702423e-02 1.096829306334257126e-02 1.153331995010375977e-02 3.483308106660842896e-02 3.065254352986812592e-02 5.169468000531196594e-03 6.931315641850233078e-03 1.062480174005031586e-02 1.709722098894417286e-03 1.513380743563175201e-02 2.890254138037562370e-03 4.583165049552917480e-03 1.007502991706132889e-02 1.897530746646225452e-03 1.390713173896074295e-02 2.274296060204505920e-02 7.489948533475399017e-03 2.117807045578956604e-03 6.400584243237972260e-03 1.628516800701618195e-02 5.973572377115488052e-03 2.327075414359569550e-02 2.591437846422195435e-02 2.550529781728982925e-03 2.482339739799499512e-03
2.448781952261924744e-02 2.377979271113872528e-02 1.108128856867551804e-02 1.283417269587516785e-02 1.033157017081975937e-02 1.703113690018653870e-02 1.824871823191642761e-02 2.735674381256103516e-03 5.305810645222663879e-02 8.428016304969787598e-01 1.763042807579040527e-02 2.382804825901985168e-02 4.277899861335754395e-03 3.820773586630821228e-02 1.494901813566684723e-02 4.458286240696907043e-02 4.910802841186523438e-02 6.729588378220796585e-03 3.289390355348587036e-02 1.732933893799781799e-02 3.292311681434512138e-03 2.049655420705676079e-03 3.626645356416702271e-02 4.546036571264266968e-02 6.695057731121778488e-03 4.123164340853691101e-03 6.777890492230653763e-03 3.776664147153496742e-03 1.036675553768873215e-02 3.489329246804118156e-03 6.795786786824464798e-03 1.962236315011978149e-02 4.119572986382991076e-04 2.298086695373058319e-02 6.188132800161838531e-03 2.251553721725940704e-02 1.769510656595230103e-02 1.134231686592102051e-02 9.004161693155765533e-03 1.393077708780765533e-02 1.516529079526662827e-02 1.967814378440380096e-02 5.410211160778999329e-03 1.424031518399715424e-02 2.035147044807672501e-03 8.946425281465053558e-03 1.865435205399990082e-02 8.086561225354671478e-03 3.978829830884933472e-02 4.330058023333549500e-02 2.576353773474693298e-02 3.213401138782501221e-02 1.398274768143892288e-02 9.996809996664524078e-03 3.117967210710048676e-02 3.578559309244155884e-02 2.284515649080276489e-02 4.496936686336994171e-03 1.125706639140844345e-02 1.091796066612005234e-02 4.047872498631477356e-03 2.645505964756011963e-02 2.800014056265354156e-02 1.563401147723197937e-02 1.383209484629333019e-03 1.176794711500406265e-02 5.718637723475694656e-03 6.595241837203502655e-03 3.340412676334381104e-02 5.543392151594161987e-03 4.213957116007804871e-02 7.598088122904300690e-03 8.397702127695083618e-03 5.972837097942829132e-04 2.286044135689735413e-02 3.596026217564940453e-03 4.519056528806686401e-02 6.050001457333564758e-02 1.985873468220233917e-02 2.730794809758663177e-02 1.008693594485521317e-02 5.847259890288114548e-03 6.788076832890510559e-03 2.774588763713836670e-02 5.123852752149105072e-03 3.753232071176171303e-03 3.476212965324521065e-03 4.865812137722969055e-03 3.953645378351211548e-02 4.493255540728569031e-02 1.331596821546554565e-02 1.229082513600587845e-02 2.783574163913726807e-04 9.951573796570301056e-03 3.932179883122444153e-02 4.812847822904586792e-02 6.068735849112272263e-03 3.977638669312000275e-03 1.960582565516233444e-03 2.805245807394385338e-03 9.025393053889274597e-03 1.130947656929492950e-02 7.220867555588483810e-03 1.175186876207590103e-02 7.164446637034416199e-03 1.025084406137466431e-02 2.112662978470325470e-02 1.114275772124528885e-02 1.875107176601886749e-02 3.689611330628395081e-03 1.860149088315665722e-03 8.724438026547431946e-03 1.097998465411365032e-03 2.892740257084369659e-02 1.895033492473885417e-04 1.095119677484035492e-02
6.061272695660591125e-02 4.958347603678703308e-02 8.989507332444190979e-03 1.565174572169780731e-02 2.145048417150974274e-02 4.601806402206420898e-02 4.887386038899421692e-02 2.077271789312362671e-02 2.027318347245454788e-03 1.763042807579040527e-02 8.428016304969787598e-01 2.053366741165518761e-03 5.893488973379135132e-02 1.908930204808712006e-02 1.728574559092521667e-02 1.590251922607421875e-02 1.951495744287967682e-02 8.807194535620510578e-05 1.046438049525022507e-02 2.964629046618938446e-02 2.281994186341762543e-02 2.782789431512355804e-02 1.444996148347854614e-02 1.955800130963325500e-02 2.179111912846565247e-02 2.660557813942432404e-02 1.775026321411132812e-02 7.695784792304039001e-03 5.099963769316673279e-02 5.227364599704742432e-03 4.633660987019538879e-02 1.564421691000461578e-02 1.253309566527605057e-02 3.164774924516677856e-02 2.894058451056480408e-02 7.200608961284160614e-04 8.364736102521419525e-03 1.864613965153694153e-02 1.515770610421895981e-02 2.261499501764774323e-02 1.996729709208011627e-02 5.638451315462589264e-03 8.531448431313037872e-03 1.052409783005714417e-02 7.839499041438102722e-03 2.099708095192909241e-02 4.539755731821060181e-02 3.236974030733108521e-02 1.013627089560031891e-02 1.029094774276018143e-02 9.366846061311662197e-04 7.041400764137506485e-03 1.828133314847946167e-02 2.090427465736865997e-02 2.027815906330943108e-03 1.518468372523784637e-02 7.102373987436294556e-03 1.768044754862785339e-02 2.339797094464302063e-02 2.667424827814102173e-02 7.758548599667847157e-04 1.373368501663208008e-02 4.763927310705184937e-03 1.362283155322074890e-02 3.174779936671257019e-02 3.060112707316875458e-02 2.424175851047039032e-02 1.996479555964469910e-02 5.160475149750709534e-03 6.273682694882154465e-03 1.033401023596525192e-02 6.332295743050053716e-05 9.859749116003513336e-03 4.843068774789571762e-03 2.231601998209953308e-02 6.641040672548115253e-04 5.915522924624383450e-04 6.943294312804937363e-03 2.461416833102703094e-02 2.454624697566032410e-02 9.924442507326602936e-03 1.384389773011207581e-02 9.813434444367885590e-04 1.073648221790790558e-02 2.666020579636096954e-02 2.897342108190059662e-02 2.303905785083770752e-02 2.840793691575527191e-02 2.492001978680491447e-03 3.246629843488335609e-03 3.344506025314331055e-02 2.652020752429962158e-02 1.844092272222042084e-02 2.182145044207572937e-02 1.979884691536426544e-04 7.505543180741369724e-04 3.164825495332479477e-03 3.227587556466460228e-03 5.706162191927433014e-03 5.236230790615081787e-03 1.991717144846916199e-02 3.228505328297615051e-02 3.156713675707578659e-03 2.938228135462850332e-04 1.324909180402755737e-02 2.547503076493740082e-02 1.836063340306282043e-02 7.602385710924863815e-03 2.890059165656566620e-02 1.147692557424306870e-02 1.441987883299589157e-02 2.629502676427364349e-03 2.068495936691761017e-02 1.161998324096202850e-02 5.307105369865894318e-03 3.266806248575448990e-03
6.668575573712587357e-03 2.400778932496905327e-03 1.153828948736190796e-02 1.644803583621978760e-02 2.468276023864746094e-02 2.567080780863761902e-02 2.700313925743103027e-02 1.276022382080554962e-02 4.303378611803054810e-02 2.382804825901985168e-02 2.053366741165518761e-03 8.428016304969787598e-01 6.400718353688716888e-03 9.301398694515228271e-02 1.257569622248411179e-02 1.885754615068435669e-02 1.572734117507934570e-02 4.183137323707342148e-03 1.965613290667533875e-02 8.770507760345935822e-03 7.213839329779148102e-03 1.685486873611807823e-03 5.659049376845359802e-02 4.632178321480751038e-02 3.865862498059868813e-03 1.284361351281404495e-02 1.746331341564655304e-02 5.022003501653671265e-02 2.663092687726020813e-03 5.172044783830642700e-02 9.169415570795536041e-03 4.030053038150072098e-03 1.719254651106894016e-03 2.066342160105705261e-03 1.477803452871739864e-04 2.638766774907708168e-03 1.362595334649085999e-02 7.635093759745359421e-03 1.697664614766836166e-03 4.420517478138208389e-03 4.472179280128329992e-04 1.964843645691871643e-02 1.033649686723947525e-02 1.364860776811838150e-02 2.772200666368007660e-02 1.166192442178726196e-02 2.318643406033515930e-02 1.675056410022079945e-03 1.330644008703529835e-03 4.613272845745086670e-03 2.650577202439308167e-02 3.497345000505447388e-02 2.972614951431751251e-03 6.484000943601131439e-03 5.551331210881471634e-03 5.629910621792078018e-03 8.861922658979892731e-03 8.800984360277652740e-03 9.905823972076177597e-04 3.097148612141609192e-03 1.850482448935508728e-02 3.111751936376094818e-02 1.712525635957717896e-02 5.868460983037948608e-03 3.461380954831838608e-03 1.268535293638706207e-02 9.026675485074520111e-03 1.317474432289600372e-02 8.986373431980609894e-03 1.029858645051717758e-02 9.944590739905834198e-03 3.592458786442875862e-03 1.506250700913369656e-03 8.899046108126640320e-03 4.701079800724983215e-03 1.012716535478830338e-02 4.387138411402702332e-02 2.312065288424491882e-02 9.952446445822715759e-03 1.825060881674289703e-02 5.831564776599407196e-03 2.350056916475296021e-02 2.388841938227415085e-03 1.165650784969329834e-02 2.122192643582820892e-03 6.731619942001998425e-04 1.382319442927837372e-02 8.949999697506427765e-03 1.956949569284915924e-02 2.162349643185734749e-03 1.694411784410476685e-02 1.206957502290606499e-03 9.137419983744621277e-03 1.466302759945392609e-02 9.169840253889560699e-03 4.980737343430519104e-03 5.887081380933523178e-03 1.058301236480474472e-02 1.489593461155891418e-02 2.001040615141391754e-02 1.528631895780563354e-03 8.470761589705944061e-03 2.479279413819313049e-03 9.219181723892688751e-03 2.326414454728364944e-03 7.932479493319988251e-03 8.340378291904926300e-03 2.428526524454355240e-03 1.373735605739057064e-03 1.412069611251354218e-02 3.916154149919748306e-03 5.324199795722961426e-03 2.929981099441647530e-03 9.396790526807308197e-03 1.099308370612561703e-03 4.723517689853906631e-03
5.555010214447975159e-02 6.024604290723800659e-02 1.389293838292360306e-02 1.251077558845281601e-02 1.550105027854442596e-02 3.722299262881278992e-02 5.485995858907699585e-02 8.723289705812931061e-03 1.213777810335159302e-03 4.277899861335754395e-03 5.893488973379135132e-02 6.400718353688716888e-03 8.428016304969787598e-01 6.655266974121332169e-03 1.652210764586925507e-02 8.093427866697311401e-03 6.610414013266563416e-03 1.061214692890644073e-02 3.816975979134440422e-03 3.055014647543430328e-02 1.997252367436885834e-02 3.396263346076011658e-02 1.240122225135564804e-02 1.187163125723600388e-02 2.676150202751159668e-02 3.204184398055076599e-02 1.890398375689983368e-02 7.687265519052743912e-03 4.483406990766525269e-02 1.551092788577079773e-02 6.133849546313285828e-02 2.062068879604339600e-02 2.105634286999702454e-02 2.878767624497413635e-02 2.768731862306594849e-02 4.213414154946804047e-03 2.807053504511713982e-03 7.765909656882286072e-03 4.757753573358058929e-03 1.059760805219411850e-02 1.216561906039714813e-02 7.504281587898731232e-03 2.896065125241875648e-03 7.877221214585006237e-04 1.522197015583515167e-02 2.494899369776248932e-02 4.403053224086761475e-02 5.304843932390213013e-02 1.512489980086684227e-03 5.633563268929719925e-04 9.307331405580043793e-03 8.821099065244197845e-03 1.869549974799156189e-02 1.926476322114467621e-02 9.355629794299602509e-03 6.410680245608091354e-03 4.083698615431785583e-03 1.401864551007747650e-02 1.489454507827758789e-02 1.256775110960006714e-02 1.921541406773030758e-03 1.066387863829731941e-03 2.093386137858033180e-03 6.272899452596902847e-03 2.136138640344142914e-02 3.108633682131767273e-02 3.026319667696952820e-02 2.253045886754989624e-02 4.816119559109210968e-03 1.140402257442474365e-02 6.238114088773727417e-03 1.905125379562377930e-02 6.619739346206188202e-03 2.500664675608277321e-03 8.185480721294879913e-03 4.091530572623014450e-03 4.926440888084471226e-04 6.110040470957756042e-03 2.614458650350570679e-02 2.418150939047336578e-02 1.870538690127432346e-03 3.609756007790565491e-03 5.223299376666545868e-03 3.291246714070439339e-03 3.455993160605430603e-02 3.457042574882507324e-02 1.343427412211894989e-02 2.601600624620914459e-02 6.727148778736591339e-03 5.733431782573461533e-03 2.987481839954853058e-02 2.532126754522323608e-02 3.258111327886581421e-02 3.960965946316719055e-02 5.422360729426145554e-03 4.010348580777645111e-03 4.679912701249122620e-03 8.739646524190902710e-03 8.035322651267051697e-03 5.600169301033020020e-03 1.750950329005718231e-02 2.951174974441528320e-02 1.110390014946460724e-02 1.131710223853588104e-02 1.051862258464097977e-02 2.178829722106456757e-02 1.258391607552766800e-02 6.581536494195461273e-03 2.168830670416355133e-02 2.352798124775290489e-03 1.062340009957551956e-02 8.987349458038806915e-03 1.693250238895416260e-02 1.559336669743061066e-02 1.442740391939878464e-02 1.982090994715690613e-03
