8.234298229217529297e-01 5.734886601567268372e-02 7.360982708632946014e-03 2.379579469561576843e-03 1.175346504896879196e-02 1.338166464120149612e-02 1.312681660056114197e-02 3.201150894165039062e-02 7.663899101316928864e-03 1.595220901072025299e-02 7.103920727968215942e-02 5.994496401399374008e-03 2.355280146002769470e-02 2.410273300483822823e-03 5.232058465480804443e-02 1.440077833831310272e-02 3.999481443315744400e-03 1.824220409616827965e-03 9.006407111883163452e-03 5.034394562244415283e-03 1.164800836704671383e-03 3.845202922821044922e-02 9.813192300498485565e-03 6.174103822559118271e-03 1.050062943249940872e-02 2.926183165982365608e-03 2.911409921944141388e-02 2.491410635411739349e-02 3.320600464940071106e-02 3.534473851323127747e-02 3.752303496003150940e-02 4.626705311238765717e-03 1.348527986556291580e-02 5.071313120424747467e-03 8.171643130481243134e-04 1.132214441895484924e-02 6.677196826785802841e-03 2.622487768530845642e-02 1.283338107168674469e-02 7.102546747773885727e-03 3.223491087555885315e-02 7.873431779444217682e-03 5.004236940294504166e-03 3.118166467174887657e-03 3.146759048104286194e-02 2.473060041666030884e-02 1.000332878902554512e-03 1.706014573574066162e-02 1.371994032524526119e-03 2.159471623599529266e-02 1.614754833281040192e-02 3.643805626779794693e-03 5.090939812362194061e-03 1.933210529386997223e-02 1.669576740823686123e-03 2.765425597317516804e-04 6.084281951189041138e-03 1.023689564317464828e-02 5.510220304131507874e-03 3.282484365627169609e-03 1.401641406118869781e-02 4.644681699573993683e-03 5.664697382599115372e-03 1.042851340025663376e-02 3.605790063738822937e-02 2.800857275724411011e-02 4.989013541489839554e-03 1.438755309209227562e-03 1.487058773636817932e-02 5.977537017315626144e-03 1.463738922029733658e-02 1.365994848310947418e-02 2.801726013422012329e-02 1.275476347655057907e-02 1.697834208607673645e-02 6.106026004999876022e-03 4.528266377747058868e-03 2.127275429666042328e-02 1.195622980594635010e-02 1.071520801633596420e-02 2.086190693080425262e-02 4.730216227471828461e-03 1.827269233763217926e-02 2.297267084941267967e-03 1.023440854623913765e-03 1.817176118493080139e-02 4.118177294731140137e-02 1.257222332060337067e-02 2.887315861880779266e-02 5.177877377718687057e-03 3.010439313948154449e-02 2.283064462244510651e-02 2.591375261545181274e-02 3.776933997869491577e-03 2.331892773509025574e-02 1.863473281264305115e-02 3.122643753886222839e-02 1.379756256937980652e-02 5.811009556055068970e-03 1.176440855488181114e-03 7.672775536775588989e-04 6.024246104061603546e-03 2.843833714723587036e-02 8.795532397925853729e-03 1.326316967606544495e-02 3.116687526926398277e-03 1.743304170668125153e-02 1.677985861897468567e-02 6.545525509864091873e-03 8.596260100603103638e-03 2.432192489504814148e-02 5.002636928111314774e-03 2.438980387523770332e-03 1.335291378200054169e-02 1.407661009579896927e-02 3.769382461905479431e-02
5.734886601567268372e-02 8.234298229217529297e-01 7.702962029725313187e-03 1.872839219868183136e-02 1.499555911868810654e-02 3.879727423191070557e-02 4.811286181211471558e-02 3.246860578656196594e-02 1.591860689222812653e-02 2.254166640341281891e-02 5.026473850011825562e-02 1.871817163191735744e-03 6.655918061733245850e-02 1.218614866957068443e-03 2.912289276719093323e-02 1.600350998342037201e-02 4.037923645228147507e-03 7.305100094527006149e-03 2.469314262270927429e-02 2.642707712948322296e-02 1.477933209389448166e-02 2.638657577335834503e-02 1.638853549957275391e-02 1.503701787441968918e-03 1.952110975980758667e-02 3.800684120506048203e-03 1.526712439954280853e-02 9.105740173254162073e-05 1.463981159031391144e-02 2.632772084325551987e-03 9.930105879902839661e-03 8.164803497493267059e-03 2.521364251151680946e-03 9.630449116230010986e-03 5.552880931645631790e-03 1.954028941690921783e-02 2.026400901377201080e-02 3.108453564345836639e-02 1.795076020061969757e-02 2.539075724780559540e-02 3.434506431221961975e-02 6.036231643520295620e-04 1.127618551254272461e-02 5.389479454606771469e-03 1.268365187570452690e-03 9.145858697593212128e-03 4.199738055467605591e-02 3.005130402743816376e-02 3.628050675615668297e-03 1.099684182554483414e-02 9.488892741501331329e-03 1.317092776298522949e-02 2.952896058559417725e-03 8.316841907799243927e-03 1.290090568363666534e-02 1.764786778949201107e-03 2.409793995320796967e-02 1.509225927293300629e-02 1.297787390649318695e-02 6.574121303856372833e-03 4.440661985427141190e-03 1.123837102204561234e-02 8.873308077454566956e-03 7.092891260981559753e-03 3.629143582656979561e-03 2.997289597988128662e-02 1.641696505248546600e-02 1.058929041028022766e-02 1.744147506542503834e-03 3.180551901459693909e-02 1.031456887722015381e-02 2.809299901127815247e-02 7.432780694216489792e-03 1.647211238741874695e-02 1.114462595432996750e-02 2.243157289922237396e-02 1.586106047034263611e-02 2.485485933721065521e-02 1.160599786089733243e-04 2.058278769254684448e-02 2.320633083581924438e-02 2.664742525666952133e-03 1.223076693713665009e-02 2.294081449508666992e-02 7.939199917018413544e-03 5.189938005059957504e-03 2.607094310224056244e-02 2.588068507611751556e-02 5.290576256811618805e-03 1.789012551307678223e-02 6.142262835055589676e-03 8.751153945922851562e-03 5.280280020087957382e-03 1.606040052138268948e-03 3.118968801572918892e-03 9.552734903991222382e-03 3.461513202637434006e-03 7.292745634913444519e-03 7.068537175655364990e-03 7.355989422649145126e-03 1.279095932841300964e-02 1.191855221986770630e-02 4.120803787373006344e-04 9.135968051850795746e-03 3.230824600905179977e-03 1.075568329542875290e-02 2.872170507907867432e-02 4.252958670258522034e-02 2.607095800340175629e-02 3.376208245754241943e-02 3.303549950942397118e-03 1.362145319581031799e-02 3.466865513473749161e-03 3.533323295414447784e-03 3.668579738587141037e-03 3.210256248712539673e-02
7.360982708632946014e-03 7.702962029725313187e-03 8.234298229217529297e-01 1.562887802720069885e-02 7.647473830729722977e-03 2.711300551891326904e-02 1.596111804246902466e-02 4.149303585290908813e-02 3.022675216197967529e-02 1.966461539268493652e-02 4.704126156866550446e-03 1.051326282322406769e-02 1.387728285044431686e-02 1.121596526354551315e-02 1.997356489300727844e-02 1.054096966981887817e-02 1.911940053105354309e-02 5.021920893341302872e-03 5.622829310595989227e-03 1.081137731671333313e-02 1.126542128622531891e-02 3.626053407788276672e-02 1.739261299371719360e-02 1.871491409838199615e-02 1.376626081764698029e-02 3.001568838953971863e-02 2.918539941310882568e-02 1.137168798595666885e-02 1.321329735219478607e-02 1.773260906338691711e-02 1.282897032797336578e-02 1.429510070011019707e-03 2.162514254450798035e-02 5.049814470112323761e-03 8.408209308981895447e-03 1.567538082599639893e-02 2.998501993715763092e-03 4.645985085517168045e-03 1.692525343969464302e-03 1.512818317860364914e-02 1.145950984209775925e-02 1.592914341017603874e-03 5.035244394093751907e-03 3.636584058403968811e-02 3.831172580248676240e-05 1.289526373147964478e-02 1.767194829881191254e-02 2.718579769134521484e-02 1.905964687466621399e-02 1.600064523518085480e-02 7.922199554741382599e-03 1.961418054997920990e-02 1.348405797034502029e-02 1.984077971428632736e-03 2.787666581571102142e-02 2.216816507279872894e-02 5.347795411944389343e-02 3.381101414561271667e-02 1.755214855074882507e-02 1.107101142406463623e-02 2.789342403411865234e-02 2.080039121210575104e-02 2.318182960152626038e-02 9.378782473504543304e-03 1.849820604547858238e-03 5.515278782695531845e-03 4.630301613360643387e-03 1.457059290260076523e-02 3.216718509793281555e-02 1.138189528137445450e-02 3.243545070290565491e-02 4.660683684051036835e-03 1.654730737209320068e-02 7.076651672832667828e-04 2.418047562241554260e-02 1.140720117837190628e-02 3.020285442471504211e-02 2.474940568208694458e-02 1.345541048794984818e-02 2.295659109950065613e-02 5.803250893950462341e-02 4.903613403439521790e-02 5.839362740516662598e-03 9.861827827990055084e-03 2.393613383173942566e-02 3.283978626132011414e-02 2.647148631513118744e-02 2.569685690104961395e-02 2.788190543651580811e-02 1.944019272923469543e-02 2.275240607559680939e-02 1.558842882513999939e-02 3.287513926625251770e-02 4.165933001786470413e-03 5.048375460319221020e-04 1.422737631946802139e-02 4.329509567469358444e-03 1.945728063583374023e-02 1.070536486804485321e-02 1.182404253631830215e-02 1.044181734323501587e-02 3.361471230164170265e-03 5.749615840613842010e-03 1.827839203178882599e-02 2.520075812935829163e-02 2.277321182191371918e-03 5.182216875255107880e-03 6.121896207332611084e-03 6.450446322560310364e-03 1.029044575989246368e-02 7.820324972271919250e-03 4.131926689296960831e-03 2.602101303637027740e-03 1.766563951969146729e-02 1.655848510563373566e-02 7.422491442412137985e-03
2.379579469561576843e-03 1.872839219868183136e-02 1.562887802720069885e-02 8.234298229217529297e-01 7.166707515716552734e-02 1.062885951250791550e-02 1.173767820000648499e-02 1.014892477542161942e-02 8.281962946057319641e-03 2.153228223323822021e-02 3.481987863779067993e-03 1.093358267098665237e-02 1.879915222525596619e-02 1.520639751106500626e-02 8.639928884804248810e-03 1.085388660430908203e-02 6.736480165272951126e-03 3.514416143298149109e-02 3.701435029506683350e-02 1.785836741328239441e-02 8.491811342537403107e-03 4.949952475726604462e-03 2.002943120896816254e-02 1.975086890161037445e-02 1.791518181562423706e-02 5.879606585949659348e-03 1.964666415005922318e-03 7.044760510325431824e-03 7.376887951977550983e-04 1.221317984163761139e-02 2.966946177184581757e-02 1.159357372671365738e-02 2.552964724600315094e-03 1.170070935040712357e-02 2.046796865761280060e-02 1.584347337484359741e-02 5.055762827396392822e-03 1.165683846920728683e-03 7.598423212766647339e-02 5.998723208904266357e-02 2.304009161889553070e-03 1.145669072866439819e-02 2.472098730504512787e-02 5.495143122971057892e-03 1.219252962619066238e-02 8.772904053330421448e-03 1.280045951716601849e-03 1.866460964083671570e-02 1.724940724670886993e-02 2.126369252800941467e-02 5.019147880375385284e-03 1.630979590117931366e-02 2.338197641074657440e-02 1.037519518285989761e-02 8.882641792297363281e-03 1.230079028755426407e-02 2.384956553578376770e-02 7.509063929319381714e-03 4.729748517274856567e-02 4.315021913498640060e-03 4.751972854137420654e-02 3.573808819055557251e-02 9.147375822067260742e-03 3.182367235422134399e-02 6.171823013573884964e-03 2.514293976128101349e-02 1.340844016522169113e-02 9.395234286785125732e-03 2.410018118098378181e-03 9.841690771281719208e-03 1.207878347486257553e-02 1.786164566874504089e-02 6.632389128208160400e-02 3.582037519663572311e-03 7.299839705228805542e-02 7.178301457315683365e-03 1.359487883746623993e-03 2.074242010712623596e-02 2.184090949594974518e-02 6.729819811880588531e-03 6.345448549836874008e-03 7.898183539509773254e-03 2.766576409339904785e-02 4.062473773956298828e-02 1.461281068623065948e-02 1.176748611032962799e-02 2.521038753911852837e-03 6.370406132191419601e-03 1.270912121981382370e-02 1.020036754198372364e-03 1.001084875315427780e-02 6.975631695240736008e-03 1.190463546663522720e-02 8.871177211403846741e-03 2.538594044744968414e-02 5.009512417018413544e-03 7.349145598709583282e-03 5.116028245538473129e-03 8.641947060823440552e-04 9.590486995875835419e-03 1.786562846973538399e-03 2.668377012014389038e-03 1.355842035263776779e-02 1.240120269358158112e-02 1.117825042456388474e-02 7.571758236736059189e-03 2.179179340600967407e-03 9.780098684132099152e-03 7.837804965674877167e-03 8.293142542243003845e-03 8.953953161835670471e-03 2.742051612585783005e-03 2.181965671479701996e-02 1.637282781302928925e-02 1.147893723100423813e-02 1.774476026184856892e-03
1.175346504896879196e-02 1.499555911868810654e-02 7.647473830729722977e-03 7.166707515716552734e-02 8.234298229217529297e-01 2.695687115192413330e-03 1.668814220465719700e-03 5.599840544164180756e-03 4.273020196706056595e-03 7.246858440339565277e-03 1.017585396766662598e-02 2.569851092994213104e-02 5.109233781695365906e-03 2.247928082942962646e-02 5.478720180690288544e-03 3.618209622800350189e-03 5.038124509155750275e-03 3.041500411927700043e-02 3.364770114421844482e-02 8.368654176592826843e-03 1.073885476216673851e-03 3.042331081815063953e-04 3.288197889924049377e-02 2.416680753231048584e-02 4.769963212311267853e-03 1.846728380769491196e-03 2.157072070986032486e-03 2.958102524280548096e-02 1.457631215453147888e-02 2.433685027062892914e-02 1.175924297422170639e-02 2.145723672583699226e-03 2.591545926406979561e-04 9.282403625547885895e-03 2.570852451026439667e-02 2.962451986968517303e-02 1.507880538702011108e-02 2.088245470076799393e-03 5.891149491071701050e-02 8.931428939104080200e-02 5.821744562126696110e-04 3.636432345956563950e-03 7.720286492258310318e-03 5.927061196416616440e-03 5.535563454031944275e-03 4.101544152945280075e-03 1.639478653669357300e-02 1.872787950560450554e-03 1.649234816431999207e-02 1.941812573932111263e-03 1.634326018393039703e-02 2.856661798432469368e-03 2.973381616175174713e-02 4.156490787863731384e-02 7.237294688820838928e-03 1.759932027198374271e-03 9.038597345352172852e-03 7.748764939606189728e-03 5.184390023350715637e-02 2.457032725214958191e-02 3.484670445322990417e-02 4.015772044658660889e-02 6.077856523916125298e-04 1.568627357482910156e-02 1.734025217592716217e-02 5.525076994672417641e-04 9.588522370904684067e-04 2.411616733297705650e-03 1.395481359213590622e-02 7.794187404215335846e-03 2.046421170234680176e-03 7.052730768918991089e-03 3.553438186645507812e-02 6.009194999933242798e-03 5.402323231101036072e-02 9.680426679551601410e-03 1.061292551457881927e-02 5.488364025950431824e-03 1.546490844339132309e-02 1.620218157768249512e-02 1.166552677750587463e-02 1.682358793914318085e-02 1.451307814568281174e-02 4.839930310845375061e-02 6.549916695803403854e-03 9.133680723607540131e-03 3.774252953007817268e-03 1.538006775081157684e-02 1.742871291935443878e-02 4.607377573847770691e-03 4.775241483002901077e-03 5.652270745486021042e-03 8.728074026294052601e-04 6.615836173295974731e-03 1.430901419371366501e-02 2.593860216438770294e-02 3.297068178653717041e-03 4.026090260595083237e-03 5.797321442514657974e-03 1.090404926799237728e-03 2.293671853840351105e-02 2.717889472842216492e-02 4.224075470119714737e-03 7.321712560951709747e-03 1.601550914347171783e-02 1.636139117181301117e-02 1.972798816859722137e-02 1.896790042519569397e-02 1.513411197811365128e-02 1.413404010236263275e-02 4.177912138402462006e-03 6.015478167682886124e-03 3.025754354894161224e-03 6.510621402412652969e-03 9.013049304485321045e-03 1.383832935243844986e-02
1.338166464120149612e-02 3.879727423191070557e-02 2.711300551891326904e-02 1.062885951250791550e-02 2.695687115192413330e-03 8.234298229217529297e-01 8.132743090391159058e-02 9.266056120395660400e-03 2.744033746421337128e-02 1.038177055306732655e-03 1.169139239937067032e-02 2.442383207380771637e-02 3.212275356054306030e-02 1.836570724844932556e-02 9.288269095122814178e-03 2.753954380750656128e-02 3.165864571928977966e-02 2.462679333984851837e-02 2.603256516158580780e-02 1.850003190338611603e-02 1.611839048564434052e-02 1.499993726611137390e-03 2.821093425154685974e-02 2.419519424438476562e-02 2.326307445764541626e-02 2.656196057796478271e-02 1.241978257894515991e-02 1.842374913394451141e-03 2.183204330503940582e-02 3.258252516388893127e-03 7.009159773588180542e-03 2.302711643278598785e-02 1.459137257188558578e-02 1.500766351819038391e-02 1.040349900722503662e-02 9.836461395025253296e-03 5.553191062062978745e-03 1.312946551479399204e-03 1.568336598575115204e-02 1.104332599788904190e-02 3.131958888843655586e-03 5.330154206603765488e-03 2.783394651487469673e-03 1.610300317406654358e-02 1.374669838696718216e-02 4.055673256516456604e-03 7.117340713739395142e-02 4.912495613098144531e-02 1.191479433327913284e-02 8.584763854742050171e-04 1.630551181733608246e-02 1.321474369615316391e-02 2.376853488385677338e-02 1.440177671611309052e-03 7.413844577968120575e-03 5.362064577639102936e-03 8.279470726847648621e-03 1.574728637933731079e-02 2.031020820140838623e-02 7.578724063932895660e-03 6.046574562788009644e-03 1.534479670226573944e-02 2.427010424435138702e-02 9.310033172369003296e-03 1.679623685777187347e-02 1.486997120082378387e-02 1.789972372353076935e-02 1.749536208808422089e-02 3.012459352612495422e-02 3.406772390007972717e-02 1.432248391211032867e-02 1.854879595339298248e-02 1.301747560501098633e-02 1.534964703023433685e-02 2.529239747673273087e-03 1.615863665938377380e-02 2.045837417244911194e-02 4.099867772310972214e-03 1.332231052219867706e-02 9.459953755140304565e-03 6.846325937658548355e-03 2.234211377799510956e-02 1.551261451095342636e-02 2.571389451622962952e-02 3.545576706528663635e-02 2.103726752102375031e-02 7.688632234930992126e-03 1.468643639236688614e-02 5.384036339819431305e-03 1.098249666392803192e-02 1.622420176863670349e-02 9.873243980109691620e-03 1.742581650614738464e-02 3.639610018581151962e-03 4.531112965196371078e-03 1.187454536557197571e-02 2.507489360868930817e-02 7.968956604599952698e-03 2.250053174793720245e-02 1.890238560736179352e-02 1.608188077807426453e-02 9.094431996345520020e-03 3.212635964155197144e-02 1.809165440499782562e-02 1.114170439541339874e-02 2.222908224212005734e-04 1.040646247565746307e-02 3.545057401061058044e-02 7.671514060348272324e-03 7.225800771266222000e-03 2.456857077777385712e-02 2.601904608309268951e-02 1.175241079181432724e-02 6.334215868264436722e-04 2.080210251733660698e-03 1.364540657959878445e-03
1.312681660056114197e-02 4.811286181211471558e-02 1.596111804246902466e-02 1.173767820000648499e-02 1.668814220465719700e-03 8.132743090391159058e-02 8.234298229217529297e-01 3.649540944024920464e-03 2.333233878016471863e-02 3.868085565045475960e-03 7.632341585122048855e-04 2.034589461982250214e-02 4.207885637879371643e-02 2.763965539634227753e-02 3.525428939610719681e-03 2.492066286504268646e-02 2.898490615189075470e-02 1.923364028334617615e-02 2.048066258430480957e-02 1.541773881763219833e-02 1.277465373277664185e-02 2.669173991307616234e-04 2.081605419516563416e-02 1.950310543179512024e-02 2.001183480024337769e-02 2.242546342313289642e-02 1.068081241101026535e-02 7.717787288129329681e-03 2.727741375565528870e-02 7.326825056225061417e-03 1.406441791914403439e-03 1.745475083589553833e-02 1.530050882138311863e-03 8.023681119084358215e-03 6.008745636790990829e-03 1.030026283115148544e-02 1.278895977884531021e-02 1.234899368137121201e-02 9.798834100365638733e-03 9.715059772133827209e-03 2.134208800271153450e-03 1.315934676676988602e-02 6.826412864029407501e-03 1.684039458632469177e-02 2.815814130008220673e-02 1.836932450532913208e-02 7.633816450834274292e-02 5.815109983086585999e-02 7.447769865393638611e-03 3.849105443805456161e-03 9.368668310344219208e-03 1.317068003118038177e-02 2.353715896606445312e-02 6.830980535596609116e-03 7.251004717545583844e-05 8.549834601581096649e-03 4.839370492845773697e-03 1.299252826720476151e-02 2.870768122375011444e-02 1.062791794538497925e-02 1.114383712410926819e-02 1.008285582065582275e-02 1.341556292027235031e-02 6.856402847915887833e-03 2.886670641601085663e-02 1.390029117465019226e-02 1.569535024464130402e-02 1.403579395264387131e-02 2.285843901336193085e-02 3.057662211358547211e-02 1.205976773053407669e-02 1.601888239383697510e-02 1.921382360160350800e-02 1.390335615724325180e-02 1.681398483924567699e-03 2.863580547273159027e-02 1.379930041730403900e-02 1.081128232181072235e-02 1.762082986533641815e-02 1.290010171942412853e-03 3.605794394388794899e-03 1.909739151597023010e-02 1.927248015999794006e-02 1.735687069594860077e-02 2.810587733983993530e-02 2.274050749838352203e-02 3.386508673429489136e-03 1.409741118550300598e-02 2.173882210627198219e-03 2.415935508906841278e-03 1.237211376428604126e-02 7.777111139148473740e-03 1.478878874331712723e-02 1.571913249790668488e-03 1.832685619592666626e-02 5.102819763123989105e-03 3.151634708046913147e-02 2.101917006075382233e-02 2.188215777277946472e-02 1.541071850806474686e-02 1.255519594997167587e-02 3.704675706103444099e-03 3.308907896280288696e-02 1.678386330604553223e-02 1.079506985843181610e-02 7.034885697066783905e-03 9.274644777178764343e-03 3.810836374759674072e-02 1.136762928217649460e-02 1.780798286199569702e-02 3.029713779687881470e-02 2.464450709521770477e-02 6.725794635713100433e-03 1.259362231940031052e-02 8.557271212339401245e-03 3.885291051119565964e-03
3.201150894165039062e-02 3.246860578656196594e-02 4.149303585290908813e-02 1.014892477542161942e-02 5.599840544164180756e-03 9.266056120395660400e-03 3.649540944024920464e-03 8.234298229217529297e-01 9.413646534085273743e-03 1.732112839818000793e-02 4.044115543365478516e-02 9.016217663884162903e-03 4.951668530702590942e-02 9.303612634539604187e-03 8.378424495458602905e-02 8.745833300054073334e-03 4.852545447647571564e-03 6.841706577688455582e-03 2.166272141039371490e-03 4.349201451987028122e-03 3.604935016483068466e-03 5.736177042126655579e-02 2.415338531136512756e-03 1.524764113128185272e-02 1.206817477941513062e-02 1.384663954377174377e-02 3.189983963966369629e-02 1.705352775752544403e-02 4.411506000906229019e-03 1.905128918588161469e-02 3.263515653088688850e-03 2.878300473093986511e-02 3.410521894693374634e-03 3.331502154469490051e-02 4.183440003544092178e-03 1.738422736525535583e-02 2.610774710774421692e-02 1.549888681620359421e-02 5.681654438376426697e-03 2.962778555229306221e-03 2.471605688333511353e-02 1.923468778841197491e-03 4.223063122481107712e-03 2.720194496214389801e-02 4.376624245196580887e-03 6.820404436439275742e-03 7.365392055362462997e-03 2.388298977166414261e-03 1.619020709767937660e-03 3.208855167031288147e-03 5.939713679254055023e-03 4.570514429360628128e-03 2.557134022936224937e-03 1.498034317046403885e-02 5.140797235071659088e-03 1.257182657718658447e-02 3.906024619936943054e-02 2.344266697764396667e-02 1.227908115833997726e-02 1.546673476696014404e-02 9.100786410272121429e-03 4.760061856359243393e-03 2.969536371529102325e-02 2.205742709338665009e-02 1.668251305818557739e-02 1.523151341825723648e-02 8.118957281112670898e-03 2.637582598254084587e-03 2.020748145878314972e-02 6.348564755171537399e-03 2.993625774979591370e-02 1.303954608738422394e-02 1.003531389869749546e-03 1.372241787612438202e-02 5.541020655073225498e-04 1.975194364786148071e-02 2.645972929894924164e-02 2.535204589366912842e-02 6.530253682285547256e-03 1.478204689919948578e-02 7.616637647151947021e-02 3.736092150211334229e-02 1.529548503458499908e-02 1.120249088853597641e-02 4.518829751759767532e-03 2.078672870993614197e-02 8.514283597469329834e-02 6.596583873033523560e-02 2.287342399358749390e-02 1.729713380336761475e-02 1.181256608106195927e-03 3.379406407475471497e-02 3.456737147644162178e-03 7.880195975303649902e-03 2.798945084214210510e-02 2.313215285539627075e-02 5.919449962675571442e-03 1.352066546678543091e-02 1.612560637295246124e-02 9.221264161169528961e-03 3.144997870549559593e-03 9.225715883076190948e-03 2.600534819066524506e-03 1.726725324988365173e-02 4.518426023423671722e-03 2.145930426195263863e-03 1.984427683055400848e-02 1.770667731761932373e-02 1.926002651453018188e-02 1.927650906145572662e-02 1.712843962013721466e-02 5.408647935837507248e-03 2.620688639581203461e-03 1.161242602393031120e-03 2.444352395832538605e-02 1.188219524919986725e-02
7.663899101316928864e-03 1.591860689222812653e-02 3.022675216197967529e-02 8.281962946057319641e-03 4.273020196706056595e-03 2.744033746421337128e-02 2.333233878016471863e-02 9.413646534085273743e-03 8.234298229217529297e-01 4.552921652793884277e-02 1.609489135444164276e-02 3.534748405218124390e-02 1.062372978776693344e-02 2.849895507097244263e-02 2.002728637307882309e-03 3.474599868059158325e-02 3.755347803235054016e-02 1.752750203013420105e-02 6.239514332264661789e-04 1.024248171597719193e-02 1.001149974763393402e-02 1.660352759063243866e-02 2.757776901125907898e-02 3.051935136318206787e-02 2.330143935978412628e-02 3.148337453603744507e-02 1.145000290125608444e-02 4.117357078939676285e-03 2.095684036612510681e-02 7.342570926994085312e-03 1.750015653669834137e-02 2.579104155302047729e-02 7.886555977165699005e-03 1.630199141800403595e-02 1.063949428498744965e-02 8.126084692776203156e-03 1.501124817878007889e-02 4.572135396301746368e-03 1.005990430712699890e-02 1.454467535950243473e-03 6.926698144525289536e-03 3.304686397314071655e-02 6.307248491793870926e-03 1.262025535106658936e-02 2.401408180594444275e-02 2.006321027874946594e-02 1.715718396008014679e-02 2.430510520935058594e-02 3.593055158853530884e-02 2.554359473288059235e-02 2.301824837923049927e-02 2.981370314955711365e-02 3.102434612810611725e-02 1.663859374821186066e-02 4.787453263998031616e-02 2.695508860051631927e-02 1.788112148642539978e-02 3.042920865118503571e-02 2.727841585874557495e-02 1.116918865591287613e-02 1.774119585752487183e-02 8.855048567056655884e-03 9.571669623255729675e-03 8.545885793864727020e-03 6.457644049078226089e-03 3.612103406339883804e-03 1.052456256002187729e-02 7.646832149475812912e-03 3.805622085928916931e-02 5.103986244648694992e-03 2.307553589344024658e-02 1.212775241583585739e-02 1.042291149497032166e-02 1.459049293771386147e-03 5.402314011007547379e-03 4.089851398020982742e-03 5.399964377284049988e-02 4.528503119945526123e-02 4.005559906363487244e-02 3.289156407117843628e-02 2.130330540239810944e-02 2.882673777639865875e-02 1.732221432030200958e-02 6.730790715664625168e-03 2.094575203955173492e-02 2.317492105066776276e-02 6.811154074966907501e-03 5.594619084149599075e-03 2.332421950995922089e-02 2.133634313941001892e-02 3.405724465847015381e-02 5.133931990712881088e-04 2.732774615287780762e-02 1.888623647391796112e-02 7.780058775097131729e-03 1.787488348782062531e-02 1.043382845818996429e-02 2.315619029104709625e-03 2.213062345981597900e-02 2.439302578568458557e-02 2.000969089567661285e-02 1.105701085180044174e-02 1.342669315636157990e-02 1.162332366220653057e-03 1.801498420536518097e-02 3.051979700103402138e-03 1.341961883008480072e-02 1.242565829306840897e-02 1.260301098227500916e-02 1.121507305651903152e-02 5.347974598407745361e-03 2.594995545223355293e-03 1.535813603550195694e-02 4.741017241030931473e-03 6.517266388982534409e-03 1.279325783252716064e-02
1.595220901072025299e-02 2.254166640341281891e-02 1.966461539268493652e-02 2.153228223323822021e-02 7.246858440339565277e-03 1.038177055306732655e-03 3.868085565045475960e-03 1.732112839818000793e-02 4.552921652793884277e-02 8.234298229217529297e-01 2.637674100697040558e-02 2.612858079373836517e-02 1.967865414917469025e-02 3.627207502722740173e-02 7.718750275671482086e-03 7.869395427405834198e-03 1.904520019888877869e-02 1.517932303249835968e-02 2.605766803026199341e-02 4.797275178134441376e-04 7.356235757470130920e-03 1.273451838642358780e-02 1.515014562755823135e-02 2.989208698272705078e-02 1.336720678955316544e-02 3.045425564050674438e-02 5.698220338672399521e-03 4.462406504899263382e-03 4.963177256286144257e-03 2.047085203230381012e-02 1.416159514337778091e-02 9.007303044199943542e-03 1.162034831941127777e-02 1.731583848595619202e-02 4.138604737818241119e-03 7.664112839847803116e-03 1.206768676638603210e-02 5.418240092694759369e-03 1.622365042567253113e-02 3.251989372074604034e-03 5.956626497209072113e-03 3.283073008060455322e-02 2.516316995024681091e-02 6.181480828672647476e-03 1.320379879325628281e-02 2.209753170609474182e-02 1.451206114143133163e-02 1.515615964308381081e-03 1.877043396234512329e-02 4.373699799180030823e-02 1.824003085494041443e-02 2.309634350240230560e-02 3.035308793187141418e-02 2.725365012884140015e-02 1.716112345457077026e-02 5.046394839882850647e-02 5.792590789496898651e-03 2.687759697437286377e-02 2.248945459723472595e-02 7.730897050350904465e-03 2.035725116729736328e-02 1.108325459063053131e-02 1.049968414008617401e-02 2.484756056219339371e-03 5.324154160916805267e-03 4.261635709553956985e-03 8.558152243494987488e-03 7.918559014797210693e-03 2.890019677579402924e-02 3.242938593029975891e-02 3.715328127145767212e-02 1.956002041697502136e-02 1.982574537396430969e-02 2.912281826138496399e-02 2.086132735712453723e-04 1.955059356987476349e-02 4.242512583732604980e-02 6.567507982254028320e-02 3.643647581338882446e-02 6.337636709213256836e-02 2.047466300427913666e-02 2.353935688734054565e-02 2.820936590433120728e-02 1.660547591745853424e-02 6.981588900089263916e-03 3.413281962275505066e-02 1.673934608697891235e-02 7.389699574559926987e-03 1.501146517693996429e-02 3.889460116624832153e-02 2.901206724345684052e-03 1.382530294358730316e-02 2.067552646622061729e-03 2.288490720093250275e-02 9.038846939802169800e-03 4.378251265734434128e-03 7.745255250483751297e-03 1.622679457068443298e-02 2.133072353899478912e-02 2.158112078905105591e-02 1.317024137824773788e-02 1.342966500669717789e-02 4.705445840954780579e-03 1.292070373892784119e-02 8.420201018452644348e-03 1.511198375374078751e-02 1.071609673090279102e-03 9.609151631593704224e-03 9.577071294188499451e-03 7.419780362397432327e-03 2.432897873222827911e-02 2.869389578700065613e-02 2.641769312322139740e-02 1.140618044883012772e-02 1.653672009706497192e-02 2.554662711918354034e-02
7.103920727968215942e-02 5.026473850011825562e-02 4.704126156866550446e-03 3.481987863779067993e-03 1.017585396766662598e-02 1.169139239937067032e-02 7.632341585122048855e-04 4.044115543365478516e-02 1.609489135444164276e-02 2.637674100697040558e-02 8.234298229217529297e-01 1.646268367767333984e-02 6.287883967161178589e-02 1.685841381549835205e-02 4.651094600558280945e-02 1.056266017258167267e-02 5.000909324735403061e-03 1.100701652467250824e-02 8.820765651762485504e-03 6.830297410488128662e-03 1.566831022500991821e-02 4.180458560585975647e-02 4.120573867112398148e-03 2.077359333634376526e-02 5.517205689102411270e-03 1.409007888287305832e-02 2.273412793874740601e-02 4.894105251878499985e-03 2.498685941100120544e-02 5.568024353124201298e-04 3.315435349941253662e-02 3.844874911010265350e-03 1.125977840274572372e-03 7.815788500010967255e-03 1.107911486178636551e-02 2.963353134691715240e-02 2.528630010783672333e-02 1.640995591878890991e-02 2.340729814022779465e-03 2.905193716287612915e-03 2.659301087260246277e-02 6.679357960820198059e-03 1.216793246567249298e-02 1.290230266749858856e-02 2.049211040139198303e-02 2.159121632575988770e-02 1.724015548825263977e-02 1.093846745789051056e-02 5.721440073102712631e-03 3.234953852370381355e-03 9.284854750148952007e-04 1.088150194846093655e-03 2.986788004636764526e-02 3.867794573307037354e-02 9.466147981584072113e-03 9.817915037274360657e-03 1.253604143857955933e-02 2.744618989527225494e-02 1.955793239176273346e-02 1.418142393231391907e-02 1.441721338778734207e-02 9.350518696010112762e-03 2.338433824479579926e-02 2.498958073556423187e-02 4.500563815236091614e-02 4.626308009028434753e-02 2.263582777231931686e-03 1.086025591939687729e-02 2.040057675912976265e-03 1.429491396993398666e-02 9.552038391120731831e-04 3.508623689413070679e-02 1.911167800426483154e-02 4.656144417822360992e-03 6.656520534306764603e-03 1.179422903805971146e-02 1.312993466854095459e-02 2.275886014103889465e-02 2.072369121015071869e-02 2.903513424098491669e-02 2.458932995796203613e-02 1.280110236257314682e-02 1.267473399639129639e-02 1.856396440416574478e-03 1.164167653769254684e-02 2.402171865105628967e-02 4.332428798079490662e-02 1.979573071002960205e-02 1.849323278293013573e-03 1.260797493159770966e-02 1.520819030702114105e-02 2.223451994359493256e-02 4.654444288462400436e-03 8.057188242673873901e-03 2.809623815119266510e-02 2.624388411641120911e-02 1.293900143355131149e-02 1.280780229717493057e-02 9.531743824481964111e-03 1.531994203105568886e-03 1.400104444473981857e-02 1.086830534040927887e-02 1.107621658593416214e-02 5.056089721620082855e-03 5.537814460694789886e-03 4.590081516653299332e-03 2.140728570520877838e-02 2.199848555028438568e-02 1.486257836222648621e-02 1.621370762586593628e-02 1.315352134406566620e-02 1.098637803806923330e-04 8.313133381307125092e-03 6.908009294420480728e-03 2.845834940671920776e-03 1.112557668238878250e-02
5.994496401399374008e-03 1.871817163191735744e-03 1.051326282322406769e-02 1.093358267098665237e-02 2.569851092994213104e-02 2.442383207380771637e-02 2.034589461982250214e-02 9.016217663884162903e-03 3.534748405218124390e-02 2.612858079373836517e-02 1.646268367767333984e-02 8.234298229217529297e-01 1.642590388655662537e-02 7.830175757408142090e-02 8.086674846708774567e-03 7.120354566723108292e-04 1.419182633981108665e-03 2.273538522422313690e-02 1.813196390867233276e-02 9.108095429837703705e-03 1.658527762629091740e-03 1.022795587778091431e-02 3.837895020842552185e-02 3.427325189113616943e-02 4.121148595004342496e-05 2.359694242477416992e-02 9.895880706608295441e-03 5.996287241578102112e-02 1.378461252897977829e-02 5.907274037599563599e-02 7.175011094659566879e-03 6.811461877077817917e-03 1.176293939352035522e-02 4.964657127857208252e-03 7.842390914447605610e-04 2.055442146956920624e-02 7.282865699380636215e-03 2.106354758143424988e-02 2.872786298394203186e-02 2.672739326953887939e-02 2.314837649464607239e-02 1.126218307763338089e-02 1.495894859544932842e-03 2.866540104150772095e-02 3.916712477803230286e-02 2.370642498135566711e-02 9.753380902111530304e-03 9.261783212423324585e-03 5.217521917074918747e-03 8.973026997409760952e-04 2.249466814100742340e-02 3.822821751236915588e-02 1.924057491123676300e-02 2.213765867054462433e-02 5.069482605904340744e-03 7.322295103222131729e-03 6.360017694532871246e-03 2.446772903203964233e-02 1.565654203295707703e-02 4.195471759885549545e-03 3.224248811602592468e-02 1.943496987223625183e-02 1.478784717619419098e-03 2.062791585922241211e-02 2.340808697044849396e-02 1.683886721730232239e-02 6.958889774978160858e-03 5.533188581466674805e-03 2.042049169540405273e-02 1.419308595359325409e-02 1.679387316107749939e-02 1.626704074442386627e-02 1.492795906960964203e-02 1.695816218852996826e-02 5.437907762825489044e-03 2.142597921192646027e-02 3.905129805207252502e-02 3.570981696248054504e-02 4.055115208029747009e-02 3.229811042547225952e-02 2.643156331032514572e-03 1.403002254664897919e-02 5.619682837277650833e-03 1.740390202030539513e-03 1.185095589607954025e-02 1.768190599977970123e-02 2.249455545097589493e-03 8.531624451279640198e-03 5.075845867395401001e-02 4.760390892624855042e-02 1.822508499026298523e-02 9.905301034450531006e-03 1.024998351931571960e-02 1.043605370796285570e-04 2.571644075214862823e-02 2.021156065165996552e-02 7.470653858035802841e-03 4.322830121964216232e-03 1.113727875053882599e-02 1.077540591359138489e-02 1.409526262432336807e-02 1.772154681384563446e-02 4.403725732117891312e-03 1.927927136421203613e-02 4.167858976870775223e-03 1.690716296434402466e-02 1.422164961695671082e-02 4.635334480553865433e-03 1.353999786078929901e-02 1.144013251177966595e-03 3.338556038215756416e-03 8.803042583167552948e-04 5.008546868339180946e-04 1.750605413690209389e-03 1.746674813330173492e-02 1.508464477956295013e-02
2.355280146002769470e-02 6.655918061733245850e-02 1.387728285044431686e-02 1.879915222525596619e-02 5.109233781695365906e-03 3.212275356054306030e-02 4.207885637879371643e-02 4.951668530702590942e-02 1.062372978776693344e-02 1.967865414917469025e-02 6.287883967161178589e-02 1.642590388655662537e-02 8.234298229217529297e-01 1.907140761613845825e-02 4.622283950448036194e-02 1.609951443970203400e-02 4.461971111595630646e-03 9.558290243148803711e-03 2.168365987017750740e-03 1.162926014512777328e-02 1.021984778344631195e-02 4.657752439379692078e-02 1.732791279209777713e-04 1.012785732746124268e-02 7.685914169996976852e-03 9.850275702774524689e-03 1.952578127384185791e-02 1.789902709424495697e-02 1.698949560523033142e-02 2.813456021249294281e-02 2.780041657388210297e-02 1.274249982088804245e-02 7.353736087679862976e-03 1.110238581895828247e-02 2.016057632863521576e-02 1.687040738761425018e-02 1.880909129977226257e-02 1.701378263533115387e-02 8.389074355363845825e-03 1.360041461884975433e-02 2.458772063255310059e-02 2.186020836234092712e-03 1.154872588813304901e-02 1.390149164944887161e-02 3.609998384490609169e-03 1.792848668992519379e-02 3.956072777509689331e-02 2.499716542661190033e-02 9.246518020518124104e-04 5.711551755666732788e-03 4.946997854858636856e-03 3.605027915909886360e-03 1.060693804174661636e-02 3.036372177302837372e-02 1.274973433464765549e-02 3.883377881720662117e-03 1.701153069734573364e-02 2.533348463475704193e-02 1.544556114822626114e-03 1.774074509739875793e-02 5.429648794233798981e-03 6.104472093284130096e-03 1.622636243700981140e-02 1.937086507678031921e-02 4.501572810113430023e-03 4.921758547425270081e-02 2.156717237085103989e-04 7.193600758910179138e-03 3.280357690528035164e-03 2.646574936807155609e-02 1.006200816482305527e-02 9.881218895316123962e-03 2.270029159262776375e-03 1.408345345407724380e-02 6.868831813335418701e-03 2.009278163313865662e-02 1.519532222300767899e-02 2.520987391471862793e-02 7.744825910776853561e-03 2.661652676761150360e-02 3.572354465723037720e-02 1.934450119733810425e-02 3.951295744627714157e-03 1.323737390339374542e-02 6.167988758534193039e-04 1.115914620459079742e-02 4.256813600659370422e-02 4.144582897424697876e-02 2.276045270264148712e-02 3.319024667143821716e-02 1.007732702419161797e-03 1.962352544069290161e-02 9.110235609114170074e-03 1.582446508109569550e-02 3.412686754018068314e-03 1.530106063000857830e-03 1.124555710703134537e-02 5.467649549245834351e-03 8.454149588942527771e-03 1.494892989285290241e-03 1.134388148784637451e-02 1.067372690886259079e-02 1.095951441675424576e-02 9.458754211664199829e-03 3.869356587529182434e-04 5.442074965685606003e-03 2.221395261585712433e-02 2.924666181206703186e-02 2.417573519051074982e-02 2.664171159267425537e-02 5.212157033383846283e-03 6.210817024111747742e-03 1.972765661776065826e-03 3.736860584467649460e-03 6.766078993678092957e-03 4.589749965816736221e-03
