8.384249210357666016e-01 6.871602684259414673e-02 6.196080241352319717e-03 2.409466169774532318e-02 9.462472982704639435e-03 5.095982924103736877e-02 2.933140099048614502e-02 2.429929561913013458e-02 7.559035904705524445e-03 1.208608411252498627e-02 5.118295177817344666e-02 1.235563657246530056e-03 2.890615724027156830e-02 5.318816285580396652e-03 2.253290452063083649e-02 1.646881178021430969e-02 1.929151453077793121e-02 1.645068079233169556e-02 3.461565822362899780e-02 7.846122607588768005e-03 1.298455614596605301e-02 1.251233555376529694e-02 1.438188948668539524e-03 8.182594552636146545e-03 4.038197547197341919e-02 7.068238686770200729e-03 6.897606421262025833e-03 3.445007372647523880e-03 9.309016168117523193e-03 1.553276181221008301e-02 3.393349703401327133e-03 3.869154257699847221e-03 2.858965098857879639e-02 6.714704213663935661e-04 1.813907921314239502e-02 2.234350889921188354e-02 1.644091680645942688e-02 1.637387461960315704e-02 3.474825993180274963e-02 1.010985206812620163e-02 2.908219210803508759e-02 2.319975756108760834e-03 3.262203186750411987e-03 4.270787350833415985e-03 3.015303052961826324e-03 2.455297298729419708e-02 3.844065964221954346e-02 1.424389239400625229e-02 1.357405562885105610e-03 2.629972063004970551e-03 1.429501548409461975e-02 1.737193576991558075e-02 6.173057947307825089e-03 2.413624897599220276e-02 9.527050890028476715e-03 2.452544635161757469e-03 4.023428633809089661e-02 8.148811757564544678e-03 1.617124653421342373e-03 2.407397888600826263e-02 5.678458604961633682e-03 1.090946979820728302e-02 2.567944675683975220e-02 3.580380976200103760e-02 1.688699238002300262e-02 1.836075261235237122e-02 6.737292744219303131e-03 2.636018441990017891e-03 1.488934503868222237e-03 3.756930818781256676e-03 6.864496506750583649e-03 9.231003932654857635e-03 3.600828349590301514e-02 1.528249494731426239e-02 7.208775728940963745e-03 2.966457279399037361e-03 1.720893383026123047e-02 2.639967575669288635e-02 1.637861132621765137e-02 1.605622842907905579e-02 3.148022107779979706e-03 5.024658516049385071e-03 4.910990595817565918e-02 3.835235908627510071e-02 3.466957481577992439e-03 1.445696316659450531e-02 1.842353120446205139e-02 3.375032218173146248e-03 1.652885042130947113e-02 1.137385377660393715e-03 2.691951580345630646e-02 1.796350069344043732e-02 8.156700059771537781e-03 2.588282153010368347e-02 9.849607944488525391e-03 2.029409864917397499e-03 1.303114742040634155e-02 1.248773094266653061e-02 8.604472503066062927e-03 2.617737976834177971e-03 5.364675540477037430e-03 1.636774465441703796e-02 7.830522023141384125e-03 4.790419247001409531e-03 1.258729677647352219e-02 8.825141936540603638e-03 2.567675837781280279e-04 7.844447158277034760e-03 1.984863355755805969e-02 7.688806363148614764e-05 1.199148502200841904e-02 5.759305320680141449e-03 5.855477415025234222e-03 6.143921054899692535e-03 1.031088270246982574e-02 2.105571888387203217e-02
6.871602684259414673e-02 8.384249210357666016e-01 9.072936140000820160e-03 3.184193745255470276e-02 3.180694533511996269e-03 4.130854085087776184e-02 3.057540953159332275e-02 1.758726872503757477e-02 1.058338209986686707e-02 3.197607817128300667e-03 4.392933100461959839e-02 4.794676322489976883e-03 2.965824492275714874e-02 1.137149240821599960e-02 2.169987373054027557e-02 2.015992067754268646e-02 2.786238119006156921e-02 9.014370734803378582e-04 2.415646985173225403e-02 2.598877251148223877e-02 7.905255071818828583e-03 1.673042401671409607e-02 7.347905077040195465e-03 8.726830594241619110e-03 3.250783309340476990e-02 4.331597592681646347e-03 1.135786715894937515e-02 4.522667732089757919e-03 1.392101589590311050e-02 1.375229656696319580e-02 8.235432207584381104e-03 8.786121616140007973e-04 2.464556880295276642e-02 6.804306525737047195e-03 1.651621237397193909e-02 1.759692467749118805e-02 1.085857115685939789e-02 8.130236528813838959e-03 2.770701423287391663e-02 7.513667456805706024e-03 2.798656933009624481e-02 1.337851863354444504e-02 1.161700114607810974e-02 1.662002876400947571e-02 6.579236942343413830e-04 2.014299295842647552e-02 2.902663499116897583e-02 1.405040267854928970e-02 2.362380269914865494e-03 1.119288522750139236e-02 3.932671621441841125e-03 5.487681832164525986e-03 1.309729181230068207e-02 2.850551530718803406e-02 9.759937413036823273e-03 8.290981873869895935e-03 2.362899668514728546e-02 2.699198434129357338e-03 3.995560982730239630e-04 3.593969717621803284e-02 6.581066641956567764e-03 1.666882447898387909e-02 1.965172402560710907e-02 3.973685950040817261e-02 1.735731400549411774e-02 2.299677766859531403e-02 3.371188417077064514e-03 1.150235440582036972e-02 1.584742567501962185e-03 6.279009860008955002e-03 7.842944934964179993e-03 2.072121948003768921e-02 3.849624469876289368e-02 1.408088020980358124e-03 2.745283534750342369e-03 1.716798730194568634e-02 1.030158065259456635e-02 1.739937998354434967e-02 2.576802857220172882e-02 4.097232595086097717e-04 2.376482123509049416e-03 1.331788487732410431e-02 4.327655956149101257e-02 2.314623631536960602e-02 4.892290569841861725e-03 9.935704991221427917e-03 1.547051873058080673e-02 6.466622930020093918e-03 8.617580868303775787e-03 1.623892597854137421e-02 2.742218226194381714e-02 1.729301363229751587e-02 8.621143177151679993e-03 2.856498956680297852e-02 1.037982665002346039e-02 8.267300203442573547e-03 4.367347806692123413e-03 1.833376474678516388e-02 6.458401214331388474e-03 1.465652836486697197e-03 5.927973426878452301e-03 1.415346842259168625e-02 2.243186719715595245e-02 2.269088756293058395e-03 6.525832228362560272e-03 1.542263664305210114e-03 1.325594930676743388e-04 4.418910015374422073e-03 1.991738751530647278e-02 2.672679256647825241e-03 7.292665075510740280e-03 4.330480936914682388e-03 1.467692852020263672e-02 1.364062260836362839e-02 3.648051992058753967e-03 2.519489638507366180e-02
6.196080241352319717e-03 9.072936140000820160e-03 8.384249210357666016e-01 3.276120871305465698e-03 1.930828765034675598e-02 1.479215733706951141e-02 1.365584880113601685e-02 2.392683550715446472e-02 2.567441901192069054e-03 9.963151067495346069e-03 2.293600700795650482e-03 2.549552917480468750e-02 1.016666274517774582e-02 9.354477748274803162e-03 2.275676093995571136e-02 2.689530141651630402e-02 2.162593044340610504e-02 1.134517602622509003e-02 6.474420893937349319e-03 1.058436091989278793e-02 7.258478552103042603e-03 1.556312106549739838e-02 2.866323105990886688e-02 2.698346786201000214e-02 1.329384278506040573e-03 1.251075044274330139e-02 1.530406158417463303e-02 1.162944361567497253e-02 1.153628341853618622e-02 1.442073471844196320e-02 7.623998681083321571e-04 2.467055059969425201e-02 1.576827652752399445e-02 1.680976152420043945e-02 9.632062166929244995e-03 1.471642404794692993e-02 2.083683945238590240e-02 1.254713162779808044e-02 1.125071197748184204e-02 1.877917384263128042e-04 1.441731117665767670e-02 1.483402587473392487e-02 2.631942555308341980e-02 1.544272433966398239e-02 1.438452024012804031e-02 1.917028054594993591e-02 4.901968408375978470e-03 1.669256202876567841e-02 8.349158801138401031e-03 2.033499069511890411e-02 1.974883303046226501e-02 2.677900716662406921e-02 2.187464199960231781e-02 1.323241926729679108e-02 5.979634821414947510e-03 1.541365683078765869e-02 3.084166673943400383e-03 1.516519114375114441e-02 8.198120631277561188e-03 1.408059522509574890e-02 2.708862163126468658e-02 2.617892064154148102e-02 7.188623305410146713e-03 8.778935298323631287e-03 1.696721091866493225e-02 1.396525558084249496e-02 7.265449035912752151e-03 6.087069865316152573e-03 3.537296503782272339e-02 2.579912729561328888e-02 2.958276867866516113e-02 1.299656555056571960e-02 2.243643626570701599e-02 2.700950391590595245e-02 2.570299431681632996e-02 1.104035042226314545e-02 2.474436908960342407e-02 1.953608728945255280e-02 1.287734485231339931e-03 1.178357098251581192e-02 3.663779795169830322e-02 7.125288713723421097e-03 5.035866051912307739e-03 6.798860849812626839e-04 1.858808472752571106e-02 1.760192960500717163e-02 2.794177271425724030e-02 1.953733712434768677e-02 3.871373366564512253e-03 5.928630707785487175e-04 1.400301046669483185e-02 2.492349781095981598e-02 5.153027828782796860e-03 1.722299493849277496e-02 1.761806942522525787e-02 2.997127361595630646e-02 6.567340344190597534e-03 1.341030932962894440e-02 2.054922096431255341e-02 1.814137212932109833e-02 2.815858274698257446e-02 2.903162315487861633e-02 2.165681496262550354e-02 3.050860390067100525e-02 1.057030726224184036e-02 1.920776814222335815e-02 1.102253701537847519e-02 4.478748887777328491e-03 2.448132075369358063e-02 3.193643689155578613e-02 3.201385959982872009e-02 2.780584432184696198e-02 2.019187808036804199e-02 2.475437521934509277e-02 1.635138131678104401e-02 1.285803318023681641e-02
2.409466169774532318e-02 3.184193745255470276e-02 3.276120871305465698e-03 8.384249210357666016e-01 6.338348239660263062e-02 1.487451512366533279e-02 1.839097402989864349e-02 1.138419006019830704e-02 5.072261393070220947e-02 1.126300636678934097e-02 9.715962223708629608e-03 1.120573189109563828e-02 3.056940436363220215e-02 1.775499619543552399e-02 3.790829097852110863e-03 1.793826743960380554e-02 3.443371877074241638e-02 1.244027353823184967e-02 2.685211040079593658e-02 2.316991053521633148e-02 1.542611978948116302e-02 2.895371057093143463e-02 2.055707015097141266e-02 9.446843527257442474e-03 4.681096761487424374e-04 2.288689464330673218e-02 1.994730904698371887e-02 4.562105052173137665e-03 7.997159846127033234e-03 1.878041541203856468e-03 3.267798200249671936e-02 8.484749123454093933e-03 6.540181580930948257e-03 1.443518511950969696e-02 6.642481777817010880e-03 2.251039026305079460e-03 3.694909159094095230e-03 6.411872804164886475e-03 2.292268909513950348e-02 2.038974501192569733e-02 2.183293551206588745e-02 1.592596434056758881e-02 3.077066503465175629e-02 1.310165738686919212e-03 1.436803210526704788e-02 9.398722089827060699e-03 1.224148273468017578e-02 1.820223219692707062e-02 1.692628301680088043e-02 1.723619061522185802e-03 4.633420612663030624e-03 1.085925288498401642e-02 3.004811331629753113e-02 1.581243798136711121e-02 4.616891499608755112e-03 7.839895552024245262e-04 2.161179110407829285e-02 2.340470999479293823e-02 1.430301833897829056e-02 2.612727321684360504e-02 1.718393154442310333e-02 8.684646338224411011e-03 5.899476818740367889e-03 1.690520159900188446e-02 1.112854108214378357e-02 2.736772410571575165e-02 4.609468742273747921e-04 1.937573216855525970e-02 1.223666011355817318e-03 8.302738890051841736e-03 8.037094958126544952e-03 1.380466762930154800e-02 3.988386690616607666e-02 1.465030666440725327e-02 2.072037570178508759e-02 1.587511785328388214e-02 1.219323556870222092e-02 4.452075518202036619e-04 3.266378864645957947e-02 1.305245980620384216e-02 5.843939725309610367e-03 1.415778882801532745e-02 2.734338119626045227e-02 9.837735444307327271e-03 1.160203944891691208e-02 1.947802491486072540e-02 4.434646572917699814e-03 3.554450348019599915e-03 1.614785194396972656e-02 2.817356260493397713e-03 1.268747262656688690e-02 2.020128816366195679e-02 2.258413285017013550e-02 2.200415730476379395e-02 1.524612028151750565e-02 6.448728498071432114e-03 1.648342423141002655e-02 1.715824380517005920e-02 4.313637036830186844e-03 2.863949397578835487e-03 3.356511006131768227e-04 3.599969786591827869e-04 2.976198215037584305e-03 1.547209266573190689e-02 3.472937270998954773e-03 1.865190081298351288e-02 1.273942552506923676e-02 1.290986780077219009e-02 2.440214157104492188e-03 1.435632538050413132e-02 7.820709608495235443e-03 4.470108542591333389e-03 1.519582606852054596e-02 1.600256748497486115e-02 3.652612911537289619e-03 3.035293892025947571e-02
9.462472982704639435e-03 3.180694533511996269e-03 1.930828765034675598e-02 6.338348239660263062e-02 8.384249210357666016e-01 1.886145025491714478e-02 3.907242324203252792e-03 3.614453133195638657e-03 4.302653297781944275e-02 1.985051855444908142e-02 1.756106130778789520e-02 3.053470328450202942e-02 1.408874616026878357e-02 2.400460653007030487e-02 1.843041391111910343e-03 2.391930483281612396e-02 3.011756949126720428e-02 2.289786003530025482e-02 2.611320838332176208e-02 4.809964913874864578e-03 1.687137410044670105e-02 1.277484651654958725e-02 4.088539257645606995e-02 2.204320952296257019e-02 1.684906519949436188e-02 1.217599958181381226e-02 2.670657075941562653e-02 1.618195883929729462e-02 3.103105991613119841e-04 9.049240499734878540e-03 3.107998892664909363e-02 2.584365196526050568e-02 2.070936188101768494e-02 1.280903466977179050e-03 1.327217905782163143e-03 1.089218631386756897e-02 1.563075371086597443e-02 6.596102379262447357e-03 6.223856005817651749e-03 1.542055979371070862e-02 5.851360969245433807e-03 5.778478807769715786e-04 9.200063534080982208e-03 2.419867552816867828e-03 9.150693658739328384e-04 1.872070692479610443e-02 1.320951152592897415e-02 1.287781167775392532e-02 3.181931003928184509e-02 2.463793754577636719e-02 1.201512198895215988e-02 1.546141458675265312e-03 3.525459766387939453e-02 2.182651776820421219e-03 1.774378493428230286e-02 1.418964564800262451e-02 3.435341641306877136e-02 1.376759074628353119e-02 1.314269751310348511e-02 8.347525261342525482e-03 6.204435601830482483e-03 1.401164755225181580e-02 1.479968242347240448e-02 1.150287315249443054e-02 1.447388716042041779e-02 2.343715168535709381e-02 5.432673264294862747e-03 1.489450130611658096e-02 1.385951042175292969e-02 1.022209879010915756e-02 3.294195281341671944e-03 3.816932905465364456e-03 1.341348281130194664e-03 1.634234376251697540e-02 1.340347714722156525e-02 1.000439748167991638e-02 1.873907819390296936e-02 1.634544809348881245e-03 2.080507948994636536e-02 8.897804655134677887e-03 4.369595553725957870e-03 6.573576014488935471e-03 1.305144280195236206e-02 1.325522735714912415e-02 7.219616323709487915e-03 3.744852170348167419e-02 5.921131465584039688e-03 9.368317201733589172e-03 7.935461588203907013e-03 3.346137702465057373e-03 7.339903619140386581e-03 3.763062180951237679e-03 2.086846902966499329e-02 5.882531870156526566e-03 1.404483150690793991e-02 3.755785292014479637e-03 1.772166416049003601e-02 2.074308693408966064e-02 3.007360268384218216e-03 7.411062251776456833e-04 3.799682715907692909e-03 5.900665186345577240e-03 4.758903291076421738e-03 2.417145855724811554e-02 1.243061735294759274e-03 6.175893358886241913e-03 1.262482907623052597e-02 5.354753695428371429e-03 6.149080581963062286e-03 3.849212545901536942e-03 1.600847207009792328e-02 1.232326496392488480e-02 2.134832087904214859e-03 3.098966553807258606e-03 7.394618587568402290e-04 2.466474287211894989e-02
5.095982924103736877e-02 4.130854085087776184e-02 1.479215733706951141e-02 1.487451512366533279e-02 1.886145025491714478e-02 8.384249210357666016e-01 4.757696017622947693e-02 4.033015575259923935e-03 1.351513247936964035e-02 3.144825994968414307e-02 3.612446039915084839e-02 2.555229468271136284e-03 3.600339218974113464e-02 4.271511919796466827e-03 4.589384887367486954e-03 6.985795684158802032e-03 4.087141249328851700e-03 2.846891293302178383e-03 2.151652052998542786e-02 1.521016843616962433e-02 2.406375482678413391e-02 2.155494689941406250e-02 1.137120742350816727e-02 9.211378055624663830e-04 3.565976396203041077e-02 1.769701577723026276e-02 1.501458231359720230e-02 5.808809655718505383e-04 1.929675228893756866e-02 1.060049422085285187e-02 4.845760762691497803e-03 2.228461392223834991e-02 3.079660236835479736e-02 9.966773912310600281e-03 2.533416263759136200e-02 2.621188759803771973e-03 4.456391907297074795e-04 1.687658205628395081e-02 2.138887997716665268e-03 1.235441304743289948e-03 1.839742995798587799e-02 2.314104512333869934e-02 1.841408759355545044e-02 1.818220317363739014e-02 1.164088491350412369e-02 2.762524224817752838e-02 5.079216137528419495e-02 3.659201413393020630e-02 1.486654952168464661e-02 2.062020637094974518e-02 3.124930523335933685e-02 2.898170985281467438e-02 5.901558324694633484e-03 7.754686288535594940e-03 2.794803865253925323e-02 2.008142694830894470e-02 2.874576672911643982e-02 1.686978898942470551e-02 6.652764976024627686e-03 1.805237960070371628e-03 3.117901645600795746e-02 2.723698318004608154e-02 1.018792856484651566e-02 2.731506898999214172e-02 7.931995205581188202e-03 2.657437697052955627e-02 3.345438977703452110e-03 2.545434748753905296e-03 2.405095472931861877e-02 8.899736218154430389e-03 2.239950560033321381e-02 4.250921774655580521e-03 3.033240698277950287e-02 4.243130329996347427e-03 3.558430587872862816e-03 3.882010933011770248e-04 2.539513632655143738e-02 3.720670193433761597e-02 8.308988064527511597e-03 5.997949745506048203e-03 2.697321027517318726e-02 1.662665605545043945e-02 1.808723248541355133e-02 4.686961881816387177e-03 2.939636632800102234e-02 2.278065308928489685e-02 1.177778234705328941e-03 2.163473702967166901e-02 2.114949747920036316e-03 1.236844807863235474e-02 1.078690029680728912e-02 9.808905422687530518e-03 2.113838866353034973e-02 2.046799287199974060e-02 6.906271446496248245e-03 1.025076210498809814e-02 6.832654587924480438e-03 6.368998903781175613e-03 1.284324470907449722e-02 1.462576910853385925e-02 7.275000098161399364e-04 7.538819219917058945e-03 1.296404656022787094e-02 1.528885122388601303e-02 1.039501558989286423e-02 1.348181348294019699e-02 1.502164267003536224e-02 2.073906175792217255e-02 7.621072698384523392e-03 1.601113192737102509e-02 7.355022709816694260e-03 1.608311943709850311e-02 2.369188889861106873e-02 2.463068254292011261e-02 6.916482001543045044e-03 1.618115231394767761e-02
2.933140099048614502e-02 3.057540953159332275e-02 1.365584880113601685e-02 1.839097402989864349e-02 3.907242324203252792e-03 4.757696017622947693e-02 8.384249210357666016e-01 6.020989967510104179e-04 2.720500051509588957e-04 3.487941622734069824e-02 2.372489497065544128e-02 1.722985995002090931e-03 3.603194653987884521e-02 5.489292088896036148e-03 7.408788893371820450e-03 2.452815510332584381e-02 1.133923511952161789e-02 8.376390673220157623e-03 4.066929686814546585e-03 1.903372071683406830e-02 2.147541381418704987e-02 2.627010643482208252e-02 1.635515503585338593e-02 2.739432035014033318e-03 1.632880792021751404e-02 1.785794459283351898e-02 2.470334246754646301e-02 6.012629251927137375e-03 1.893519610166549683e-02 4.106277134269475937e-03 2.153540216386318207e-02 1.576418802142143250e-02 1.500965468585491180e-02 6.442507263273000717e-03 1.701302267611026764e-02 9.740962646901607513e-03 1.005849335342645645e-02 1.245600078254938126e-02 9.758225642144680023e-03 1.963931322097778320e-02 1.246357709169387817e-02 2.421050146222114563e-02 2.284780889749526978e-02 2.058650553226470947e-02 3.454879159107804298e-03 6.487265694886445999e-03 4.834964871406555176e-02 4.743256792426109314e-02 7.673947140574455261e-03 2.178720571100711823e-02 2.312916889786720276e-02 1.782950945198535919e-02 5.659081973135471344e-03 7.516184356063604355e-03 2.618417516350746155e-02 3.352495655417442322e-02 6.185934413224458694e-03 1.206817291676998138e-02 1.201697066426277161e-02 1.314016617834568024e-02 3.411406651139259338e-02 3.082477860152721405e-02 1.068502757698297501e-02 1.224232465028762817e-02 5.912439897656440735e-03 2.923923544585704803e-02 1.198309240862727165e-03 7.002198603004217148e-03 2.930675819516181946e-02 7.670227903872728348e-03 2.986298687756061554e-02 1.074180658906698227e-02 3.032584674656391144e-02 6.308809388428926468e-03 1.567946374416351318e-02 1.394290849566459656e-02 1.185478363186120987e-02 3.525431826710700989e-02 5.048642866313457489e-03 1.207925495691597462e-03 2.736431173980236053e-02 2.114122547209262848e-02 4.483708180487155914e-03 1.031573116779327393e-02 2.233572490513324738e-02 1.233374699950218201e-02 3.574625588953495026e-03 2.114042080938816071e-02 1.432004105299711227e-02 2.427675575017929077e-02 1.949460990726947784e-02 8.717943914234638214e-03 3.201850503683090210e-02 1.994133181869983673e-02 4.169613588601350784e-03 1.315487734973430634e-02 2.457772567868232727e-02 1.204126700758934021e-02 1.183830387890338898e-02 1.184325199574232101e-02 8.413526229560375214e-03 1.069150399416685104e-02 1.531931012868881226e-02 2.169633284211158752e-02 9.504193440079689026e-03 2.505999058485031128e-02 9.091531857848167419e-03 2.073290199041366577e-02 8.481169119477272034e-03 1.745574362576007843e-02 1.577851548790931702e-02 2.673400007188320160e-02 2.178121544420719147e-02 2.235021442174911499e-02 6.179964169859886169e-03 1.470363233238458633e-02
2.429929561913013458e-02 1.758726872503757477e-02 2.392683550715446472e-02 1.138419006019830704e-02 3.614453133195638657e-03 4.033015575259923935e-03 6.020989967510104179e-04 8.384249210357666016e-01 6.923363078385591507e-03 3.562950994819402695e-03 3.345284238457679749e-02 5.804225802421569824e-03 9.178341366350650787e-03 2.691737376153469086e-02 3.601074963808059692e-02 2.509882673621177673e-02 1.543015614151954651e-02 4.545201547443866730e-03 1.107660355046391487e-03 8.873349986970424652e-03 7.448907475918531418e-03 9.465366601943969727e-03 1.205282285809516907e-03 9.284089319407939911e-03 1.293839793652296066e-02 4.659750033169984818e-03 9.744457900524139404e-03 1.350939832627773285e-02 3.799495473504066467e-02 8.398583158850669861e-03 7.822568877600133419e-04 1.057066489011049271e-02 1.751151494681835175e-02 3.490034490823745728e-03 1.973849162459373474e-02 1.027240324765443802e-02 1.010785438120365143e-02 1.166286785155534744e-02 3.101836144924163818e-02 1.106703002005815506e-02 9.524052962660789490e-03 1.048765797168016434e-02 7.686985656619071960e-03 1.342210266739130020e-02 6.846429314464330673e-03 6.157515104860067368e-03 2.068787999451160431e-02 2.115311799570918083e-03 2.192899957299232483e-02 1.347080687992274761e-03 2.573242038488388062e-02 2.227210812270641327e-02 2.127509750425815582e-02 2.827733755111694336e-02 1.653670333325862885e-02 5.643787793815135956e-03 2.108562365174293518e-02 1.376263052225112915e-02 7.402477203868329525e-04 2.869397215545177460e-02 2.268794924020767212e-02 1.901648379862308502e-02 2.412371523678302765e-02 7.110327016562223434e-03 4.828745499253273010e-02 5.641818046569824219e-03 9.372076950967311859e-03 1.026543250191025436e-04 2.988865971565246582e-02 2.253326587378978729e-02 2.091722190380096436e-02 4.419388249516487122e-03 1.395484618842601776e-02 5.493587814271450043e-03 4.717463627457618713e-03 1.210379227995872498e-02 2.972517162561416626e-02 5.248315166682004929e-03 1.947389729321002960e-02 2.399190887808799744e-02 2.492859959602355957e-02 2.707693725824356079e-02 9.613720700144767761e-03 1.064240466803312302e-02 1.508457958698272705e-02 1.375708542764186859e-02 3.319049626588821411e-02 2.647818811237812042e-02 8.499994874000549316e-03 3.519596939440816641e-04 3.478611260652542114e-02 2.045373804867267609e-02 1.568950014188885689e-03 9.944031015038490295e-03 3.693943377584218979e-03 1.913929916918277740e-02 6.480112671852111816e-03 3.215920412912964821e-03 1.233934052288532257e-02 5.302866920828819275e-03 1.646730117499828339e-02 2.052056603133678436e-02 5.953992251306772232e-03 1.030763424932956696e-02 1.169918198138475418e-02 1.205845177173614502e-02 1.453689020127058029e-02 1.849514245986938477e-02 2.245376631617546082e-02 1.463994942605495453e-02 8.448430337011814117e-03 4.389305133372545242e-03 1.207590661942958832e-02 1.002414617687463760e-02 1.271275989711284637e-02 1.541687734425067902e-02
7.559035904705524445e-03 1.058338209986686707e-02 2.567441901192069054e-03 5.072261393070220947e-02 4.302653297781944275e-02 1.351513247936964035e-02 2.720500051509588957e-04 6.923363078385591507e-03 8.384249210357666016e-01 3.332732617855072021e-02 5.068223457783460617e-03 2.319641225039958954e-02 1.234093029052019119e-02 1.928673870861530304e-02 2.052107453346252441e-02 1.819024980068206787e-02 2.673495560884475708e-02 3.256735205650329590e-02 7.826742716133594513e-03 2.674669958651065826e-02 3.161662071943283081e-02 3.352198749780654907e-03 2.328631281852722168e-02 3.391057951375842094e-03 2.355231530964374542e-02 5.693024490028619766e-03 3.968758508563041687e-03 4.484885185956954956e-02 1.176208723336458206e-02 3.915324434638023376e-02 3.238101303577423096e-02 2.464777603745460510e-02 3.570536850020289421e-03 1.706581533653661609e-04 2.908114716410636902e-02 1.179971266537904739e-02 1.260748784989118576e-02 1.704049110412597656e-02 1.306549832224845886e-02 2.183162979781627655e-02 5.598648916929960251e-03 7.463863119482994080e-03 1.549762859940528870e-02 1.211636583320796490e-03 2.902110805734992027e-03 1.277528819628059864e-03 5.752754397690296173e-03 3.572258166968822479e-03 4.569165408611297607e-02 5.848864093422889709e-03 3.271074220538139343e-02 2.101998776197433472e-02 5.880024749785661697e-03 9.644601494073867798e-03 9.122746065258979797e-03 2.493230393156409264e-03 3.503419831395149231e-02 1.373730227351188660e-02 1.441684667952358723e-03 2.251833304762840271e-02 1.528917578980326653e-03 3.173578006681054831e-04 1.061186753213405609e-02 1.373151969164609909e-02 1.298141758888959885e-02 4.375847522169351578e-03 6.104712840169668198e-03 1.561275124549865723e-02 9.589652530848979950e-03 8.187977597117424011e-03 2.432259730994701385e-03 1.007757894694805145e-02 2.381651476025581360e-02 7.581150624901056290e-03 3.410504385828971863e-02 6.551906466484069824e-03 3.465485572814941406e-02 1.905048824846744537e-02 5.412242561578750610e-02 2.635424770414829254e-02 1.109953736886382103e-03 2.942765690386295319e-02 6.778753828257322311e-03 7.252982817590236664e-03 1.169108413159847260e-02 2.477236092090606689e-02 7.750987540930509567e-03 1.034158561378717422e-02 2.281253226101398468e-02 6.849813507869839668e-04 1.459297258406877518e-02 7.835170254111289978e-03 5.352775566279888153e-03 4.579120781272649765e-03 9.090347215533256531e-03 1.739464141428470612e-02 3.665619716048240662e-02 7.556989789009094238e-03 6.805095821619033813e-03 7.108011282980442047e-03 4.482373129576444626e-03 6.428284570574760437e-03 1.347558200359344482e-02 4.193318076431751251e-03 6.257300265133380890e-05 2.271078526973724365e-02 1.574846543371677399e-02 1.090712007135152817e-02 1.324859913438558578e-03 2.143646217882633209e-02 8.849037811160087585e-03 9.487248957157135010e-03 9.174298611469566822e-04 6.390229798853397369e-03 9.868801571428775787e-04 7.092053070664405823e-03
1.208608411252498627e-02 3.197607817128300667e-03 9.963151067495346069e-03 1.126300636678934097e-02 1.985051855444908142e-02 3.144825994968414307e-02 3.487941622734069824e-02 3.562950994819402695e-03 3.332732617855072021e-02 8.384249210357666016e-01 1.264002081006765366e-02 1.709613949060440063e-02 2.827538922429084778e-02 6.289282348006963730e-03 1.048042438924312592e-02 3.091428428888320923e-02 1.910224929451942444e-02 7.510394323617219925e-03 2.570314519107341766e-02 5.560920108109712601e-03 4.316908121109008789e-02 2.303901873528957367e-02 2.384520880877971649e-02 9.042365476489067078e-03 1.242878939956426620e-02 1.874635741114616394e-02 1.646487228572368622e-02 1.524705532938241959e-02 2.256481721997261047e-02 8.301382884383201599e-03 8.400415070354938507e-03 2.233722992241382599e-02 4.059814848005771637e-03 2.236205851659178734e-03 1.245212089270353317e-02 7.150940597057342529e-03 1.241000276058912277e-02 2.400823682546615601e-02 3.527223831042647362e-03 1.458855997771024704e-02 1.252435240894556046e-02 2.379433065652847290e-02 1.172942202538251877e-02 6.568159442394971848e-03 1.069072727113962173e-02 1.063488796353340149e-02 2.978895604610443115e-02 3.745627030730247498e-02 1.737977564334869385e-02 3.874667733907699585e-02 2.074898965656757355e-02 1.929837465286254883e-02 2.219607820734381676e-03 1.108137704432010651e-02 9.455474093556404114e-03 3.482878208160400391e-02 4.219557158648967743e-03 1.953411614522337914e-03 1.663814485073089600e-02 2.794528938829898834e-02 2.540025115013122559e-02 3.609994798898696899e-02 9.971194900572299957e-03 8.556167595088481903e-03 3.510310314595699310e-03 1.229245308786630630e-02 1.085588149726390839e-02 2.952831611037254333e-02 2.523778006434440613e-02 9.497588616795837879e-04 2.668602578341960907e-02 2.691305801272392273e-02 4.639302846044301987e-03 3.823105478659272194e-03 8.512677624821662903e-03 2.387549355626106262e-02 1.840304397046566010e-02 4.114098846912384033e-02 2.665050141513347626e-02 2.982075698673725128e-02 8.759368211030960083e-03 1.806582324206829071e-02 1.158503163605928421e-02 7.720449008047580719e-03 2.330671250820159912e-02 4.110260307788848877e-02 1.086552999913692474e-02 4.387937020510435104e-03 1.560240052640438080e-02 2.812694758176803589e-02 3.610637970268726349e-03 7.956352084875106812e-03 2.414539083838462830e-02 2.245284430682659149e-02 2.903524087741971016e-03 1.733904145658016205e-02 2.793194958940148354e-03 3.825489897280931473e-03 8.739420212805271149e-03 8.343247696757316589e-03 1.275327987968921661e-02 1.408875640481710434e-02 2.687310101464390755e-03 9.871945716440677643e-03 7.641396485269069672e-03 1.689126342535018921e-02 1.001041941344738007e-02 7.956184446811676025e-03 7.797454949468374252e-03 1.849589496850967407e-02 6.882333662360906601e-03 1.314514316618442535e-02 1.346156094223260880e-02 1.698265969753265381e-02 6.299398373812437057e-03 1.249500643461942673e-02
5.118295177817344666e-02 4.392933100461959839e-02 2.293600700795650482e-03 9.715962223708629608e-03 1.756106130778789520e-02 3.612446039915084839e-02 2.372489497065544128e-02 3.345284238457679749e-02 5.068223457783460617e-03 1.264002081006765366e-02 8.384249210357666016e-01 1.043203845620155334e-02 3.854973986744880676e-02 1.914284192025661469e-02 1.852023787796497345e-02 1.316115818917751312e-02 1.724071241915225983e-02 2.357937395572662354e-02 3.688593162223696709e-03 1.009628642350435257e-02 2.069731801748275757e-02 1.476735621690750122e-02 4.881316563114523888e-04 3.378491848707199097e-03 2.255160175263881683e-02 2.095775445923209190e-03 2.207129029557108879e-03 2.583446353673934937e-02 1.790178008377552032e-02 4.174032714217901230e-03 1.999886147677898407e-02 1.216055545955896378e-02 3.965627774596214294e-02 2.376024238765239716e-02 8.123826119117438793e-04 1.317766308784484863e-02 4.151729866862297058e-03 7.709429599344730377e-03 1.621267013251781464e-02 2.532068639993667603e-02 8.573330938816070557e-03 1.292335707694292068e-02 1.726307091303169727e-04 8.135867305099964142e-03 1.812983490526676178e-02 1.379348058253526688e-02 4.784934222698211670e-02 2.384933456778526306e-02 1.796265318989753723e-02 3.259782446548342705e-03 3.553902497515082359e-04 7.164543028920888901e-03 1.466791261918842793e-03 1.257031690329313278e-02 1.735185645520687103e-02 7.276808610185980797e-04 3.647925332188606262e-02 1.010890025645494461e-02 1.448482554405927658e-02 1.368494052439928055e-02 3.388337092474102974e-03 3.519692225381731987e-03 3.647511079907417297e-02 7.761975284665822983e-03 2.900948375463485718e-02 1.714985445141792297e-02 2.157786861062049866e-02 1.722356490790843964e-02 2.778613241389393806e-03 2.044710516929626465e-02 2.244242001324892044e-03 1.962941512465476990e-02 2.286722697317600250e-02 8.565305732190608978e-03 6.433456670492887497e-03 2.276988001540303230e-03 5.227901041507720947e-03 1.537226978689432144e-02 1.145107671618461609e-02 2.988471463322639465e-02 5.354237742722034454e-03 2.501107193529605865e-02 1.134577859193086624e-02 4.282226320356130600e-03 1.108571700751781464e-02 1.523758750408887863e-02 2.631574124097824097e-02 2.098766155540943146e-02 2.444899454712867737e-02 2.678757347166538239e-02 4.232472181320190430e-02 3.267712146043777466e-02 1.861863210797309875e-02 3.174021095037460327e-02 2.363475598394870758e-02 2.175978943705558777e-02 2.684473060071468353e-03 4.863361828029155731e-03 1.869150996208190918e-02 1.661835610866546631e-02 2.372487634420394897e-02 2.764928527176380157e-02 6.893674377351999283e-03 1.898591523058712482e-03 1.530123967677354813e-02 1.071112789213657379e-02 2.339702472090721130e-02 4.059704020619392395e-03 3.278803080320358276e-02 1.589973573572933674e-03 4.613276105374097824e-03 1.980814384296536446e-03 4.287605639547109604e-03 1.022826036205515265e-04 2.862121909856796265e-02 2.798514440655708313e-02
1.235563657246530056e-03 4.794676322489976883e-03 2.549552917480468750e-02 1.120573189109563828e-02 3.053470328450202942e-02 2.555229468271136284e-03 1.722985995002090931e-03 5.804225802421569824e-03 2.319641225039958954e-02 1.709613949060440063e-02 1.043203845620155334e-02 8.384249210357666016e-01 4.007099196314811707e-03 3.610192239284515381e-02 2.123092114925384521e-02 3.509916423354297876e-04 1.764043408911675215e-04 3.701328486204147339e-02 2.619362249970436096e-02 1.716212555766105652e-02 2.684332802891731262e-02 2.651939541101455688e-02 1.514971721917390823e-02 3.461835905909538269e-02 4.817007109522819519e-03 2.948132343590259552e-02 3.920964524149894714e-02 3.531802818179130554e-02 4.875465761870145798e-03 3.446230292320251465e-02 2.759652910754084587e-03 1.039075385779142380e-02 1.956686004996299744e-02 9.490047581493854523e-03 2.614760771393775940e-02 1.552828401327133179e-02 1.961240917444229126e-02 2.997864037752151489e-02 5.581818055361509323e-03 1.374907512217760086e-02 3.302881121635437012e-02 4.570781311485916376e-04 8.557751774787902832e-03 2.567444182932376862e-02 3.065688721835613251e-02 3.594390302896499634e-02 6.468361243605613708e-04 9.852632880210876465e-03 1.505266968160867691e-02 7.430569734424352646e-03 6.512139458209276199e-03 4.224591888487339020e-03 2.918352186679840088e-02 4.827422555536031723e-03 9.200198575854301453e-03 1.393566024489700794e-03 1.246379455551505089e-03 3.197482228279113770e-02 5.118284374475479126e-03 1.218912284821271896e-02 3.205961547791957855e-03 1.180751132778823376e-03 2.069669589400291443e-02 9.629295207560062408e-03 2.073425101116299629e-03 2.257421612739562988e-02 1.210585422813892365e-02 1.920350268483161926e-02 1.488711684942245483e-02 2.137054875493049622e-02 9.147703647613525391e-03 2.307170070707798004e-02 1.680306345224380493e-02 2.296308055520057678e-02 2.030546776950359344e-02 2.342458441853523254e-02 7.502276916056871414e-03 1.406712806783616543e-03 1.893351553007960320e-03 2.008915878832340240e-02 1.703358814120292664e-02 1.945956237614154816e-02 2.769760787487030029e-03 1.593051850795745850e-02 1.037006033584475517e-03 1.357488241046667099e-02 2.396586723625659943e-02 6.029418669641017914e-03 6.504504941403865814e-03 1.788734807632863522e-03 1.400202792137861252e-02 2.040208317339420319e-02 3.652976825833320618e-02 2.524290792644023895e-02 8.832295425236225128e-03 5.392679013311862946e-03 6.739611737430095673e-03 2.430661953985691071e-02 1.427172869443893433e-02 1.169185806065797806e-02 2.546228095889091492e-02 3.004815429449081421e-02 2.989189513027667999e-02 2.681205794215202332e-02 9.452268481254577637e-03 1.445878110826015472e-02 3.140419255942106247e-03 2.202387526631355286e-02 1.933809556066989899e-02 2.136397548019886017e-02 3.484273701906204224e-02 2.725115790963172913e-02 1.283339504152536392e-02 2.249124646186828613e-02 1.285658404231071472e-02 1.938837021589279175e-02
2.890615724027156830e-02 2.965824492275714874e-02 1.016666274517774582e-02 3.056940436363220215e-02 1.408874616026878357e-02 3.600339218974113464e-02 3.603194653987884521e-02 9.178341366350650787e-03 1.234093029052019119e-02 2.827538922429084778e-02 3.854973986744880676e-02 4.007099196314811707e-03 8.384249210357666016e-01 4.669105401262640953e-04 1.661430927924811840e-03 3.404904156923294067e-03 2.432411350309848785e-02 1.238321978598833084e-02 1.454793941229581833e-02 5.877868272364139557e-03 2.161889150738716125e-02 3.595884144306182861e-02 1.967028016224503517e-03 4.895478487014770508e-03 9.323582984507083893e-03 1.674665696918964386e-02 2.144692465662956238e-02 3.850464941933751106e-03 2.071269787847995758e-02 2.100584795698523521e-03 4.152416065335273743e-02 3.058475675061345100e-03 1.716318354010581970e-02 1.182584930211305618e-02 1.862684637308120728e-02 1.358570344746112823e-02 6.153301335871219635e-03 1.786812581121921539e-02 1.352375186979770660e-02 2.944720908999443054e-04 1.278174109756946564e-02 1.069509331136941910e-02 2.805669605731964111e-02 2.601679041981697083e-02 7.804891560226678848e-03 1.705268956720829010e-02 4.020892828702926636e-02 4.825984314084053040e-02 2.146762609481811523e-02 3.084003459662199020e-03 1.488519832491874695e-02 1.892050169408321381e-02 1.878547109663486481e-02 1.077746693044900894e-02 2.336713485419750214e-02 1.281157974153757095e-02 1.226970739662647247e-02 3.917043097317218781e-03 2.525765076279640198e-02 6.180286407470703125e-03 3.017936646938323975e-02 1.458641048520803452e-02 2.136780240107327700e-04 1.045613363385200500e-02 1.050848141312599182e-02 4.334794729948043823e-02 2.301641926169395447e-02 1.356772240251302719e-02 2.104394696652889252e-02 3.975063562393188477e-03 2.159054763615131378e-02 2.952845580875873566e-02 1.306828390806913376e-02 1.927514933049678802e-02 3.153581172227859497e-03 2.528913691639900208e-02 5.508726928383111954e-03 2.679288946092128754e-02 5.844208877533674240e-03 1.365973986685276031e-02 1.815353333950042725e-02 5.748747382313013077e-03 5.038557574152946472e-03 9.913831949234008789e-03 6.756764370948076248e-03 3.542392281815409660e-03 1.008889172226190567e-02 7.943574339151382446e-03 1.358866691589355469e-02 3.248547762632369995e-02 1.409046072512865067e-02 2.677360922098159790e-02 3.705569356679916382e-02 3.841380402445793152e-02 2.537531312555074692e-03 8.293959312140941620e-03 7.887255633249878883e-04 1.067357510328292847e-02 1.553133595734834671e-03 2.339368365937843919e-04 5.618773400783538818e-03 9.672572836279869080e-03 7.712440565228462219e-03 5.374276544898748398e-03 1.078110653907060623e-03 1.238725800067186356e-02 6.070153322070837021e-03 1.097245700657367706e-02 9.512181393802165985e-03 1.842092722654342651e-02 7.604035548865795135e-03 1.008415967226028442e-02 1.750008575618267059e-02 2.159195020794868469e-02 1.990173757076263428e-02 4.535225406289100647e-02
