8.520598411560058594e-01 8.282596617937088013e-02 4.972057417035102844e-03 1.087029092013835907e-02 1.676069758832454681e-02 9.157668799161911011e-02 8.772397786378860474e-02 1.435859035700559616e-02 3.948111843783408403e-04 6.682745646685361862e-03 8.635182678699493408e-02 2.881777286529541016e-02 7.100768387317657471e-02 4.663590341806411743e-02 3.289891034364700317e-02 4.884636495262384415e-03 7.510007126256823540e-04 2.166293933987617493e-02 2.622129954397678375e-02 1.194196753203868866e-02 9.022008627653121948e-03 4.210307821631431580e-02 3.298152238130569458e-03 3.272459376603364944e-03 3.461446030996739864e-04 1.845072023570537567e-03 1.325987093150615692e-02 1.584483892656862736e-03 1.334870047867298126e-02 2.357410965487360954e-03 4.263481590896844864e-03 1.323175616562366486e-02 5.685613024979829788e-03 9.723607217893004417e-04 1.379554625600576401e-02 5.443484988063573837e-03 5.277582677081227303e-04 4.087246023118495941e-03 1.260393881238996983e-03 2.311090007424354553e-03 3.562308149412274361e-03 7.136792992241680622e-04 1.727617159485816956e-02 1.019299682229757309e-02 7.953767664730548859e-03 1.280578691512346268e-02 8.438560366630554199e-02 7.018102705478668213e-02 4.108416847884654999e-03 1.404756680130958557e-02 2.934932149946689606e-02 2.716005779802799225e-02 5.721005611121654510e-03 3.620313014835119247e-03 3.512519411742687225e-03 9.098286740481853485e-03 4.017231520265340805e-03 1.111823972314596176e-02 4.716163501143455505e-03 4.633918404579162598e-03 4.764486104249954224e-03 1.458898931741714478e-02 4.095012322068214417e-03 3.927041776478290558e-03 3.208971396088600159e-02 4.884158447384834290e-02 1.123831048607826233e-02 3.980751149356365204e-03 2.991486806422472000e-03 2.120767347514629364e-02 2.246156102046370506e-03 3.562254598364233971e-03 7.770558353513479233e-03 1.655682222917675972e-03 1.384934969246387482e-02 5.962708499282598495e-03 5.175112746655941010e-03 1.147715747356414795e-02 1.575418189167976379e-02 1.083522289991378784e-02 7.484024390578269958e-04 9.268833091482520103e-04 1.281443331390619278e-02 2.417247928678989410e-02 6.959613878279924393e-03 1.294370926916599274e-02 2.391446568071842194e-02 3.495425730943679810e-02 4.429712891578674316e-03 4.584892187267541885e-03 2.162257768213748932e-02 2.751419134438037872e-02 3.461433202028274536e-02 3.327885642647743225e-02 9.879885474219918251e-04 6.435075309127569199e-03 3.153150435537099838e-03 1.418576459400355816e-03 6.348876748234033585e-03 1.564302481710910797e-02 9.676502086222171783e-03 2.091599861159920692e-03 4.503482021391391754e-03 1.096305204555392265e-03 1.552348956465721130e-03 8.635177509859204292e-04 5.853468086570501328e-03 4.854053258895874023e-04 7.336866110563278198e-04 1.253342349082231522e-02 5.003679543733596802e-04 6.657862570136785507e-03 2.480901079252362251e-03 3.086733818054199219e-02 3.474259050562977791e-03 1.999403350055217743e-03
8.282596617937088013e-02 8.520598411560058594e-01 9.988640522351488471e-05 9.534011594951152802e-03 1.255565509200096130e-02 7.301840931177139282e-02 7.407566905021667480e-02 8.757481351494789124e-03 7.757707964628934860e-03 1.669704914093017578e-02 7.292917370796203613e-02 2.348539605736732483e-02 7.290222495794296265e-02 4.159973561763763428e-02 3.453813120722770691e-02 3.375891596078872681e-03 2.692984649911522865e-03 1.825074292719364166e-02 3.233664855360984802e-02 1.170755829662084579e-02 1.094286236912012100e-02 4.167888686060905457e-02 4.477587062865495682e-03 3.099486930295825005e-03 5.703731440007686615e-03 7.038877811282873154e-03 2.580990456044673920e-02 5.462087225168943405e-03 2.005184441804885864e-02 7.682489696890115738e-03 1.763783954083919525e-02 1.449060067534446716e-02 6.908561103045940399e-03 3.227428533136844635e-03 1.852923817932605743e-02 1.329908240586519241e-02 9.244599379599094391e-03 1.088430732488632202e-02 6.326474249362945557e-04 1.617732574231922626e-03 5.706870928406715393e-03 3.466152353212237358e-03 1.432981062680482864e-02 2.503521682228893042e-04 7.539866026490926743e-03 1.035441923886537552e-02 6.655636429786682129e-02 6.126617267727851868e-02 1.155444700270891190e-02 4.927210044115781784e-03 1.984378695487976074e-02 1.762767508625984192e-02 1.145518384873867035e-02 5.571294110268354416e-03 1.860212301835417747e-03 3.038384951651096344e-03 7.287142798304557800e-03 2.821995643898844719e-03 1.390908844769001007e-02 5.409865640103816986e-03 1.431706012226641178e-03 8.076844736933708191e-03 4.055394791066646576e-03 8.655876852571964264e-03 3.089957498013973236e-02 5.152741819620132446e-02 1.421463862061500549e-02 1.828148495405912399e-03 1.885134959593415260e-03 2.202785201370716095e-02 7.536017335951328278e-03 1.127900741994380951e-02 8.613240905106067657e-03 4.860470289713703096e-05 1.360044907778501511e-02 1.687919488176703453e-03 5.839033052325248718e-03 1.671676896512508392e-02 1.693589054048061371e-02 2.023215405642986298e-02 5.461669526994228363e-03 5.404945928603410721e-03 9.072664193809032440e-03 2.267781458795070648e-02 2.573298057541251183e-03 1.223904080688953400e-02 2.841614000499248505e-02 4.361448064446449280e-02 6.396324839442968369e-03 1.125872693955898285e-02 3.203483670949935913e-02 2.655380778014659882e-02 4.560337588191032410e-02 4.128167778253555298e-02 7.693728432059288025e-03 1.533327065408229828e-02 5.826971028000116348e-03 2.659547841176390648e-03 2.732269465923309326e-03 9.573541581630706787e-03 1.614550687372684479e-02 4.324800800532102585e-03 3.142229106742888689e-04 5.511043593287467957e-03 6.749222520738840103e-03 4.520857706665992737e-03 1.308542303740978241e-02 1.435806392692029476e-03 5.104849115014076233e-03 3.765234490856528282e-03 4.860043991357088089e-03 2.200077578891068697e-04 1.172337308526039124e-02 2.535443194210529327e-02 1.541714649647474289e-03 2.170195104554295540e-03
4.972057417035102844e-03 9.988640522351488471e-05 8.520598411560058594e-01 1.613804884254932404e-02 6.671731825917959213e-03 1.497149001806974411e-02 2.113139629364013672e-02 6.179687380790710449e-02 5.917991511523723602e-03 1.492607221007347107e-02 8.064812049269676208e-03 6.410202011466026306e-03 1.043430063873529434e-02 2.225803770124912262e-02 2.582644112408161163e-02 4.369765985757112503e-03 4.124019294977188110e-03 7.807823712937533855e-04 1.460600085556507111e-02 1.285123359411954880e-02 3.072006627917289734e-03 1.027624495327472687e-02 6.680698716081678867e-04 7.732336409389972687e-03 2.405307022854685783e-03 7.224330212920904160e-03 6.447674240916967392e-03 4.668055917136371136e-04 8.452893234789371490e-04 2.792156999930739403e-03 1.486213412135839462e-02 2.447117120027542114e-03 1.815734314732253551e-03 6.025108974426984787e-03 9.453728795051574707e-03 3.075179411098361015e-03 2.197247743606567383e-02 3.872912202496081591e-04 1.166605390608310699e-02 7.762301713228225708e-03 1.236124429851770401e-02 1.734445802867412567e-02 6.161446217447519302e-03 3.521617874503135681e-02 3.511778777465224266e-03 5.328001454472541809e-03 8.223323151469230652e-03 2.539507811889052391e-03 7.646214682608842850e-03 6.699356250464916229e-03 2.280008047819137573e-02 2.027898654341697693e-02 8.993266150355339050e-03 1.625518873333930969e-02 9.081705473363399506e-03 6.915149744600057602e-03 3.865884151309728622e-03 1.846272498369216919e-02 1.929229870438575745e-02 1.313637290149927139e-02 1.667688949964940548e-03 2.907749498263001442e-03 9.102204348891973495e-04 5.801229737699031830e-03 5.654272623360157013e-03 1.127359364181756973e-02 1.055616978555917740e-02 7.088853511959314346e-03 8.429920300841331482e-03 1.870970241725444794e-02 4.178918432444334030e-03 1.026844978332519531e-02 2.057241089642047882e-02 5.660070572048425674e-03 1.646612398326396942e-02 1.045877393335103989e-02 4.166225844528526068e-04 9.535037912428379059e-03 1.827373169362545013e-02 1.574394293129444122e-02 6.244788691401481628e-02 3.996012732386589050e-02 1.954098790884017944e-02 1.239187736064195633e-02 4.186162725090980530e-03 1.533874869346618652e-02 1.455222349613904953e-02 1.389663014560937881e-02 1.315190456807613373e-02 1.860638335347175598e-02 3.731462405994534492e-03 8.651155978441238403e-03 1.435857638716697693e-02 3.660530637716874480e-05 6.065698806196451187e-03 7.834513671696186066e-03 8.372792042791843414e-03 2.658777404576539993e-03 7.525561377406120300e-03 1.251420588232576847e-03 2.299621468409895897e-03 1.017130678519606590e-03 2.636099001392722130e-03 3.402937902137637138e-03 4.478245973587036133e-03 1.483255065977573395e-02 5.784601089544594288e-04 7.834670133888721466e-03 8.365655317902565002e-03 3.748430870473384857e-03 6.053456105291843414e-03 1.677437312901020050e-02 2.113396674394607544e-02 1.278843544423580170e-02 6.897760322317481041e-04 8.795930072665214539e-03
1.087029092013835907e-02 9.534011594951152802e-03 1.613804884254932404e-02 8.520598411560058594e-01 7.759205996990203857e-02 2.145139733329415321e-03 1.751179574057459831e-03 7.176392711699008942e-03 1.208440493792295456e-02 6.694516167044639587e-03 4.508397076278924942e-03 1.290031988173723221e-02 1.000036764889955521e-02 1.061909273266792297e-02 2.734073204919695854e-03 1.719364710152149200e-02 1.900621317327022552e-02 4.966805502772331238e-02 3.422827273607254028e-02 1.114574074745178223e-02 9.268091991543769836e-03 1.870487257838249207e-02 1.748084789142012596e-03 9.258648497052490711e-04 2.426749467849731445e-02 1.109621301293373108e-02 1.405689399689435959e-03 1.113779097795486450e-02 2.569417003542184830e-03 1.229467242956161499e-02 2.742595504969358444e-03 7.638199720531702042e-03 2.034336887300014496e-02 9.842096827924251556e-03 3.460120176896452904e-03 8.718977682292461395e-03 1.092576072551310062e-03 2.324445545673370361e-02 5.056161060929298401e-02 5.012652277946472168e-02 3.829309251159429550e-03 1.751355826854705811e-02 1.181531883776187897e-02 1.593446172773838043e-02 8.164663799107074738e-03 1.063177245669066906e-03 6.982818013057112694e-05 5.346529651433229446e-04 1.628029532730579376e-02 2.113195136189460754e-02 4.426172003149986267e-03 8.383942185901105404e-04 2.935232361778616905e-03 1.233773399144411087e-02 2.007762528955936432e-02 1.464546937495470047e-02 1.824956014752388000e-02 7.170666009187698364e-03 1.955100521445274353e-02 2.351386006921529770e-03 2.987249381840229034e-02 3.859512507915496826e-02 2.097523398697376251e-02 8.959990926086902618e-03 1.088992040604352951e-02 4.591401200741529465e-03 1.651613041758537292e-02 2.616625651717185974e-02 1.772289350628852844e-02 9.556744247674942017e-03 1.748000457882881165e-02 7.089381571859121323e-03 5.466225370764732361e-02 2.486321702599525452e-02 4.821063950657844543e-02 2.475799992680549622e-02 1.842908374965190887e-02 1.814904622733592987e-02 6.274764426052570343e-03 8.721526683075353503e-05 1.293534040451049805e-02 5.728632211685180664e-03 6.383161991834640503e-02 5.034272745251655579e-02 2.763917110860347748e-02 2.706441469490528107e-02 7.238445337861776352e-03 5.210195202380418777e-03 1.553814020007848740e-02 1.577175781130790710e-02 5.535499192774295807e-03 1.695589162409305573e-02 2.380635123699903488e-03 7.476706989109516144e-03 2.648562006652355194e-02 1.337333582341670990e-02 1.928560808300971985e-02 2.210418134927749634e-02 1.260343566536903381e-02 6.451755296438932419e-03 2.658402314409613609e-03 8.028299547731876373e-03 2.413745597004890442e-02 2.351729571819305420e-02 1.460587233304977417e-02 9.142408147454261780e-03 7.188363815657794476e-04 1.729441992938518524e-02 1.864024437963962555e-02 7.694226223975419998e-04 1.236169040203094482e-02 1.622954197227954865e-02 2.574101276695728302e-02 2.153659984469413757e-02 9.671072475612163544e-03 1.043373905122280121e-02
1.676069758832454681e-02 1.255565509200096130e-02 6.671731825917959213e-03 7.759205996990203857e-02 8.520598411560058594e-01 2.503324765712022781e-03 2.900946419686079025e-03 8.506259182468056679e-04 4.245843272656202316e-03 1.277885586023330688e-02 8.766779676079750061e-03 1.337792817503213882e-02 1.079459022730588913e-02 1.434694975614547729e-02 5.989525467157363892e-03 1.634735614061355591e-02 2.222969383001327515e-02 3.945168107748031616e-02 3.693440929055213928e-02 6.626910995692014694e-03 7.662333082407712936e-03 1.440657395869493484e-02 4.035529214888811111e-03 8.242402225732803345e-03 2.000482380390167236e-02 1.387464720755815506e-02 8.709103567525744438e-04 1.240949239581823349e-02 2.322463085874915123e-03 1.716103963553905487e-02 6.254706531763076782e-03 3.692989237606525421e-03 1.221680361777544022e-02 1.082483213394880295e-02 3.950022626668214798e-03 4.983121529221534729e-03 5.526260472834110260e-03 1.900446228682994843e-02 5.353230983018875122e-02 5.471299216151237488e-02 7.619821553817018867e-05 1.551247481256723404e-02 1.482579205185174942e-02 9.298412129282951355e-03 8.832781459204852581e-04 7.851634174585342407e-03 1.003963034600019455e-02 8.095821365714073181e-03 1.387511845678091049e-02 2.645149081945419312e-02 8.001392707228660583e-03 5.443205125629901886e-03 9.251505136489868164e-03 1.636996492743492126e-02 1.818104833364486694e-02 2.128615416586399078e-02 1.194747444242238998e-02 1.013162545859813690e-02 1.079274434596300125e-02 6.479184143245220184e-03 2.781957387924194336e-02 3.957186266779899597e-02 1.180592831224203110e-02 8.408526191487908363e-04 8.005009032785892487e-03 8.912998600862920284e-04 1.568323560059070587e-02 2.862735837697982788e-02 1.299575809389352798e-02 1.238104794174432755e-02 1.621092110872268677e-02 5.418412853032350540e-03 4.800028353929519653e-02 2.428593486547470093e-02 5.276644602417945862e-02 2.117216587066650391e-02 1.063166465610265732e-02 2.242598123848438263e-02 5.006414838135242462e-03 2.611171803437173367e-04 6.360453553497791290e-03 6.914553814567625523e-04 5.034491047263145447e-02 5.787182971835136414e-02 3.288156911730766296e-02 3.416978940367698669e-02 6.074000615626573563e-03 6.344732362776994705e-03 1.389171369373798370e-02 2.117643691599369049e-02 7.386746816337108612e-03 1.583933830261230469e-02 3.926638048142194748e-03 4.057998303323984146e-03 3.076804988086223602e-02 2.393522672355175018e-02 1.882986165583133698e-02 1.804204285144805908e-02 7.348730228841304779e-03 5.924816243350505829e-03 8.210361120291054249e-04 6.439161486923694611e-03 2.334882132709026337e-02 1.884778402745723724e-02 1.363758556544780731e-02 1.235566008836030960e-02 3.620235016569495201e-03 4.456706810742616653e-03 2.089078910648822784e-02 2.009709598496556282e-03 1.243455987423658371e-02 1.329542603343725204e-02 2.573351189494132996e-02 2.411085180938243866e-02 1.242510974407196045e-02 1.133018080145120621e-02
9.157668799161911011e-02 7.301840931177139282e-02 1.497149001806974411e-02 2.145139733329415321e-03 2.503324765712022781e-03 8.520598411560058594e-01 1.002141758799552917e-01 2.625399827957153320e-02 3.827557899057865143e-03 4.451515618711709976e-03 8.381994068622589111e-02 3.662522137165069580e-02 7.025527954101562500e-02 6.044847145676612854e-02 2.843031845986843109e-02 6.625325884670019150e-03 4.207077436149120331e-03 1.106913108378648758e-02 8.966437540948390961e-03 1.330970600247383118e-02 6.171399727463722229e-03 4.627266526222229004e-02 1.328432373702526093e-02 1.397090498358011246e-02 4.007718525826931000e-03 1.000017300248146057e-02 8.414289914071559906e-03 4.324117675423622131e-03 3.690306330099701881e-03 1.598472124896943569e-03 7.453933823853731155e-03 1.037883665412664413e-02 1.856035960372537374e-04 3.579506184905767441e-03 9.695358574390411377e-03 3.509951056912541389e-03 1.022708951495587826e-03 3.900139359757304192e-03 1.518942974507808685e-02 1.752086728811264038e-02 1.020315941423177719e-02 6.143795908428728580e-04 1.211400143802165985e-02 9.742693044245243073e-03 1.676398888230323792e-02 2.409753948450088501e-02 8.813751488924026489e-02 6.919068843126296997e-02 4.029361531138420105e-03 1.259688008576631546e-02 3.505517542362213135e-02 3.473771363496780396e-02 2.232098253443837166e-03 9.266512468457221985e-03 7.474010344594717026e-03 1.137565542012453079e-02 5.232157651335000992e-03 1.508837752044200897e-02 1.012939214706420898e-02 2.578986342996358871e-03 7.551346439868211746e-03 7.678479421883821487e-03 9.461434092372655869e-05 1.132473116740584373e-03 2.583084441721439362e-02 4.573081433773040771e-02 1.237097941339015961e-02 2.982724457979202271e-03 5.661423318088054657e-03 1.740826852619647980e-02 1.333812717348337173e-03 6.480072159320116043e-03 2.059394028037786484e-03 3.654209431260824203e-03 3.341872710734605789e-03 3.085430711507797241e-03 5.172689910978078842e-03 3.068936755880713463e-03 7.977419532835483551e-03 3.642399562522768974e-03 1.209119893610477448e-02 7.855875417590141296e-03 7.349343504756689072e-03 9.322865866124629974e-03 9.934952686307951808e-06 7.917470065876841545e-04 2.244095504283905029e-02 2.751445770263671875e-02 6.149176508188247681e-03 2.727957209572196007e-03 7.354135159403085709e-03 2.933211438357830048e-02 2.967191487550735474e-02 2.475148625671863556e-02 6.572703365236520767e-03 1.758571527898311615e-02 9.746205760166049004e-04 2.560119610279798508e-03 5.349508021026849747e-03 1.156296487897634506e-02 5.165191832929849625e-03 4.201370291411876678e-03 2.811290789395570755e-03 2.174911787733435631e-03 5.841370206326246262e-03 2.201919211074709892e-03 1.653273357078433037e-03 4.512091167271137238e-03 4.019453655928373337e-03 1.632037013769149780e-02 5.364501848816871643e-03 4.418443422764539719e-03 5.625229328870773315e-03 1.682943664491176605e-02 6.925916299223899841e-03 6.719931494444608688e-03
8.772397786378860474e-02 7.407566905021667480e-02 2.113139629364013672e-02 1.751179574057459831e-03 2.900946419686079025e-03 1.002141758799552917e-01 8.520598411560058594e-01 2.634156122803688049e-02 5.456073209643363953e-03 4.938111640512943268e-03 7.879818230867385864e-02 3.784328326582908630e-02 6.703832000494003296e-02 5.967484042048454285e-02 2.297385782003402710e-02 1.871194806881248951e-03 1.246498082764446735e-03 9.026562795042991638e-03 9.384735487401485443e-03 8.736744523048400879e-03 6.031414959579706192e-04 3.897413611412048340e-02 1.052250247448682785e-02 1.368363853543996811e-02 7.470883429050445557e-03 1.328554097563028336e-02 5.187484901398420334e-03 7.869733497500419617e-03 4.276059567928314209e-03 4.618941806256771088e-03 6.393779534846544266e-03 5.851111840456724167e-03 1.881731324829161167e-03 4.325414483901113272e-04 9.511024691164493561e-03 2.173644723370671272e-03 5.894284229725599289e-03 4.487633123062551022e-04 1.480468735098838806e-02 1.701303943991661072e-02 1.281637512147426605e-02 1.207332592457532883e-03 1.194773428142070770e-02 8.448669686913490295e-03 2.316788397729396820e-02 2.825005911290645599e-02 8.999591320753097534e-02 7.676322013139724731e-02 7.426386699080467224e-03 1.583260297775268555e-02 2.896615117788314819e-02 2.789326757192611694e-02 2.051455521723255515e-04 1.123534329235553741e-02 1.041045039892196655e-02 1.538923848420381546e-02 8.778900839388370514e-03 1.762516424059867859e-02 8.074656128883361816e-03 4.630168434232473373e-03 9.510201402008533478e-03 8.826947771012783051e-03 1.233764691278338432e-03 5.823362153023481369e-04 2.054581604897975922e-02 4.131611064076423645e-02 7.658819667994976044e-03 8.826248813420534134e-04 6.247004494071006775e-03 1.460122503340244293e-02 5.688015371561050415e-04 8.883937261998653412e-03 4.207815043628215790e-03 1.698776031844317913e-03 4.987555555999279022e-03 6.079343147575855255e-03 3.507743589580059052e-03 2.348820678889751434e-03 4.364697262644767761e-03 3.498169826343655586e-05 1.856931298971176147e-02 1.137033104896545410e-02 5.676151718944311142e-03 8.955958299338817596e-03 2.445376710966229439e-03 1.388864242471754551e-03 1.707145199179649353e-02 2.123506553471088409e-02 7.382704876363277435e-03 3.304223995655775070e-03 1.323957461863756180e-02 2.279921621084213257e-02 3.576716780662536621e-02 2.220869250595569611e-02 3.490610746666789055e-03 1.246435474604368210e-02 1.517710858024656773e-03 1.573860994540154934e-03 2.112966496497392654e-03 8.616054430603981018e-03 1.391598139889538288e-03 1.057304348796606064e-02 3.515993244946002960e-03 1.907758996821939945e-03 1.780544174835085869e-03 6.710669258609414101e-04 6.764393299818038940e-03 6.130084861069917679e-03 8.719847537577152252e-03 1.600611582398414612e-02 7.329900283366441727e-03 2.362592145800590515e-03 4.549820441752672195e-03 1.583747565746307373e-02 9.208309464156627655e-03 6.337821483612060547e-03
1.435859035700559616e-02 8.757481351494789124e-03 6.179687380790710449e-02 7.176392711699008942e-03 8.506259182468056679e-04 2.625399827957153320e-02 2.634156122803688049e-02 8.520598411560058594e-01 1.814999431371688843e-02 1.956624444574117661e-03 1.627974025905132294e-02 8.776342496275901794e-03 5.365191958844661713e-03 1.369431801140308380e-02 3.671974316239356995e-02 1.017695106565952301e-02 2.011822164058685303e-02 2.443140186369419098e-02 4.691299516707658768e-03 1.214698608964681625e-02 1.596976630389690399e-02 6.023862399160861969e-03 4.422789206728339195e-04 5.230430513620376587e-03 2.265900559723377228e-02 1.202153321355581284e-02 1.804705243557691574e-03 2.427141368389129639e-02 1.907326281070709229e-02 1.998339965939521790e-02 1.071870885789394379e-02 2.374241687357425690e-02 2.107898890972137451e-02 1.273442432284355164e-02 4.794638138264417648e-03 1.063253264874219894e-02 1.636699587106704712e-02 9.552170522511005402e-03 6.248688325285911560e-03 1.022583805024623871e-02 1.664914004504680634e-02 3.877881972584873438e-04 7.829725742340087891e-03 2.633479237556457520e-02 6.995176430791616440e-03 1.181741990149021149e-02 2.150376699864864349e-02 1.964443735778331757e-02 1.246778853237628937e-02 2.787637524306774139e-03 5.726354941725730896e-02 4.835001379251480103e-02 1.615614816546440125e-02 1.438899617642164230e-02 1.930966041982173920e-02 1.604644767940044403e-02 1.982572488486766815e-02 3.493626834824681282e-03 1.578804291784763336e-02 1.373429689556360245e-02 2.134390734136104584e-02 1.241640280932188034e-02 1.328766439110040665e-02 2.368915593251585960e-03 9.629550389945507050e-03 1.327775535173714161e-04 1.413359586149454117e-02 5.112942308187484741e-03 2.548369392752647400e-02 2.690773690119385719e-03 2.032166533172130585e-02 5.457685329020023346e-03 2.192611061036586761e-02 7.487761788070201874e-03 1.638037897646427155e-02 1.125317998230457306e-02 2.567972615361213684e-02 1.205473951995372772e-02 8.589315228164196014e-03 5.052683409303426743e-03 5.543321371078491211e-02 5.222698673605918884e-02 2.826676145195960999e-02 1.045491825789213181e-02 6.614240817725658417e-03 7.126325741410255432e-03 1.873963885009288788e-02 1.540889404714107513e-02 2.229329198598861694e-02 4.376277793198823929e-03 3.772390773519873619e-03 6.987873930484056473e-03 1.027790363878011703e-02 2.523468574509024620e-03 2.170296013355255127e-02 2.939990349113941193e-02 9.439419023692607880e-03 1.499385107308626175e-02 1.577536389231681824e-02 1.288970652967691422e-02 1.707475259900093079e-02 2.004942111670970917e-02 1.266503892838954926e-02 1.076974067836999893e-02 6.668192800134420395e-03 5.077618174254894257e-03 1.568966545164585114e-02 1.966317929327487946e-02 1.363832969218492508e-02 2.795877633616328239e-03 4.098118748515844345e-03 1.789181120693683624e-02 2.112044487148523331e-03 3.258806420490145683e-03 1.791484188288450241e-03 4.159261938184499741e-03
3.948111843783408403e-04 7.757707964628934860e-03 5.917991511523723602e-03 1.208440493792295456e-02 4.245843272656202316e-03 3.827557899057865143e-03 5.456073209643363953e-03 1.814999431371688843e-02 8.520598411560058594e-01 2.395181357860565186e-02 1.657903776504099369e-03 3.042437881231307983e-02 1.397226937115192413e-02 1.320650335401296616e-02 4.540951456874608994e-03 3.006729669868946075e-02 2.705245278775691986e-02 1.666021347045898438e-02 6.786721758544445038e-03 1.032218616455793381e-02 8.468408137559890747e-03 6.706687621772289276e-03 1.931389607489109039e-02 2.002758719027042389e-02 1.574416272342205048e-02 1.029435358941555023e-02 7.594051770865917206e-03 1.617721840739250183e-02 1.485892478376626968e-02 7.867397740483283997e-03 3.581659635528922081e-03 1.768266968429088593e-02 2.485153451561927795e-02 1.611400395631790161e-02 2.434229105710983276e-02 1.354131475090980530e-02 1.167693361639976501e-02 6.885994691401720047e-03 9.928831830620765686e-03 1.399184856563806534e-02 7.473768200725317001e-04 3.696889802813529968e-02 3.025030717253684998e-02 1.094247400760650635e-02 1.992163434624671936e-02 7.954839617013931274e-03 5.060480907559394836e-03 1.243916456587612629e-03 3.135826438665390015e-02 1.899109221994876862e-02 1.171780843287706375e-02 1.270587090402841568e-02 7.218363229185342789e-03 2.004200220108032227e-02 3.946274891495704651e-02 1.791963353753089905e-02 2.862099930644035339e-02 1.479067094624042511e-02 4.197541624307632446e-03 2.172151021659374237e-02 2.365706488490104675e-02 1.844643987715244293e-02 2.984675951302051544e-02 2.744248323142528534e-02 6.429012864828109741e-03 1.499372906982898712e-02 1.625194773077964783e-02 1.188636384904384613e-02 3.851587697863578796e-02 1.520616654306650162e-02 2.990908361971378326e-02 1.984100230038166046e-02 2.021753974258899689e-02 1.323101669549942017e-02 1.089379191398620605e-02 2.339758537709712982e-02 5.858062207698822021e-02 2.727431803941726685e-02 3.620030730962753296e-02 1.427697017788887024e-02 3.922590054571628571e-03 1.037632860243320465e-02 2.253416180610656738e-02 8.646742207929491997e-04 1.749359630048274994e-02 1.319648325443267822e-02 1.696065301075577736e-03 1.023811940103769302e-02 3.396858647465705872e-02 1.295399665832519531e-02 1.777889579534530640e-02 8.706542575964704156e-05 2.940789097920060158e-03 8.911051554605364799e-05 1.043107639998197556e-02 2.798150479793548584e-02 2.341244183480739594e-02 2.339570596814155579e-02 3.514927998185157776e-02 4.001364856958389282e-02 1.243319828063249588e-02 1.613690704107284546e-02 2.545174397528171539e-02 2.359096519649028778e-02 4.484381061047315598e-03 4.695878829807043076e-03 9.333963505923748016e-03 2.136042341589927673e-02 1.130287162959575653e-02 2.726734383031725883e-03 1.509411446750164032e-02 1.163805369287729263e-02 8.478341624140739441e-03 1.693798042833805084e-02 1.921019703149795532e-02 3.768984461203217506e-03
6.682745646685361862e-03 1.669704914093017578e-02 1.492607221007347107e-02 6.694516167044639587e-03 1.277885586023330688e-02 4.451515618711709976e-03 4.938111640512943268e-03 1.956624444574117661e-03 2.395181357860565186e-02 8.520598411560058594e-01 7.532599265687167645e-04 3.075743326917290688e-03 9.622646495699882507e-03 1.115885656327009201e-02 1.221851329319179058e-03 6.732765119522809982e-03 3.048545308411121368e-02 4.218205576762557030e-04 3.915053233504295349e-02 5.649239756166934967e-04 4.629058763384819031e-03 3.323728917166590691e-03 1.328957267105579376e-02 3.214131295680999756e-02 1.285104895941913128e-03 1.020895410329103470e-02 5.909474566578865051e-03 3.159647807478904724e-02 2.771637868136167526e-03 1.936941966414451599e-02 1.311189774423837662e-02 1.100310683250427246e-02 3.016395203303545713e-04 1.765154674649238586e-02 1.017754804342985153e-02 1.382833532989025116e-02 7.979755289852619171e-03 2.344454405829310417e-03 2.848386578261852264e-02 2.856598421931266785e-02 1.420371606945991516e-02 2.745917625725269318e-02 2.035943418741226196e-02 1.570218615233898163e-02 2.489480376243591309e-02 2.924206852912902832e-02 5.401313319453038275e-05 3.997667692601680756e-03 1.237720623612403870e-02 4.295052215456962585e-02 5.723146256059408188e-03 1.103002112358808517e-02 2.409885264933109283e-02 2.565865218639373779e-02 7.281675003468990326e-03 3.395456075668334961e-02 1.891879923641681671e-02 7.122147944755852222e-04 7.925597019493579865e-03 1.613338477909564972e-02 1.320885680615901947e-02 7.620037533342838287e-03 6.075308192521333694e-04 1.356125343590974808e-02 3.248418681323528290e-03 1.289652753621339798e-02 1.010159961879253387e-02 1.518335100263357162e-02 7.895388640463352203e-03 1.922620646655559540e-02 4.082968086004257202e-02 1.913511566817760468e-02 6.545820739120244980e-03 3.042331896722316742e-02 2.572944387793540955e-02 1.173274405300617218e-02 7.590303197503089905e-03 6.433971226215362549e-02 4.102288931608200073e-02 6.406029313802719116e-02 1.957385055720806122e-02 7.089062593877315521e-03 3.460932755842804909e-03 3.159618377685546875e-02 3.219573572278022766e-02 5.171913653612136841e-02 8.460297249257564545e-03 9.449183940887451172e-03 1.647307537496089935e-03 4.772415757179260254e-02 4.699282813817262650e-03 1.285340450704097748e-02 1.096082758158445358e-02 1.614331454038619995e-02 1.428439561277627945e-02 9.522454813122749329e-03 4.072948545217514038e-02 2.711457945406436920e-02 3.363065654411911964e-03 2.995517477393150330e-02 3.665274474769830704e-03 1.079141534864902496e-02 2.312926389276981354e-02 1.568025909364223480e-02 6.713192444294691086e-03 1.178625971078872681e-02 5.386721342802047729e-03 8.846393786370754242e-03 6.502781528979539871e-03 8.236522786319255829e-03 1.506691798567771912e-02 2.746632555499672890e-03 9.251969866454601288e-03 2.738382108509540558e-02 2.376255113631486893e-03 1.920301700010895729e-03
8.635182678699493408e-02 7.292917370796203613e-02 8.064812049269676208e-03 4.508397076278924942e-03 8.766779676079750061e-03 8.381994068622589111e-02 7.879818230867385864e-02 1.627974025905132294e-02 1.657903776504099369e-03 7.532599265687167645e-04 8.520598411560058594e-01 2.443531155586242676e-02 7.474629580974578857e-02 4.245491698384284973e-02 2.581330202519893646e-02 1.499238703399896622e-02 7.022551260888576508e-03 8.364430628716945648e-03 1.283582113683223724e-02 1.814989931881427765e-02 1.327092479914426804e-02 4.754978790879249573e-02 1.299349684268236160e-02 1.670431159436702728e-02 5.229306407272815704e-03 1.113120815716683865e-03 2.028246223926544189e-02 4.679035395383834839e-03 2.179871313273906708e-02 1.115903444588184357e-02 1.368403527885675430e-02 2.430750802159309387e-02 1.034448295831680298e-02 1.459079794585704803e-02 1.293245051056146622e-02 1.074981503188610077e-02 1.188841089606285095e-02 7.856722921133041382e-03 1.644550636410713196e-02 1.784530840814113617e-02 2.653618808835744858e-03 6.776818190701305866e-05 5.008417181670665741e-03 4.875653889030218124e-03 1.677648909389972687e-02 2.750732749700546265e-02 7.644628733396530151e-02 6.162675097584724426e-02 3.903021337464451790e-03 5.343573167920112610e-03 2.679855190217494965e-02 2.584318071603775024e-02 1.154130510985851288e-02 2.030878094956278801e-03 3.092810511589050293e-03 8.612136589363217354e-04 9.849770925939083099e-03 1.743150409311056137e-03 1.508672442287206650e-02 9.369719191454350948e-04 4.646521061658859253e-03 9.814412333071231842e-04 5.471311509609222412e-03 9.867178741842508316e-04 3.966632857918739319e-02 5.051899328827857971e-02 1.537344418466091156e-02 1.905162120237946510e-03 5.281912162899971008e-03 3.038026951253414154e-02 1.172498567029833794e-03 1.265334547497332096e-03 8.459721575491130352e-04 6.487891543656587601e-03 6.384694017469882965e-03 2.466321690008044243e-03 5.004712380468845367e-03 9.235052391886711121e-03 3.452325938269495964e-03 2.728226594626903534e-03 4.492426291108131409e-03 2.596524544060230255e-03 7.278185803443193436e-03 1.444344315677881241e-02 4.275755956768989563e-03 7.247697794809937477e-04 3.454092144966125488e-02 3.415652364492416382e-02 9.592905407771468163e-04 4.125550331082195044e-04 2.157725393772125244e-02 3.738625347614288330e-02 3.778196126222610474e-02 3.262681886553764343e-02 5.509406328201293945e-03 1.386692374944686890e-02 4.234876018017530441e-03 5.393826286308467388e-04 1.019246596843004227e-02 1.211604569107294083e-02 1.157437358051538467e-02 6.267656572163105011e-03 3.915454726666212082e-03 2.285149414092302322e-03 1.172771025449037552e-02 9.048883803188800812e-03 9.618923068046569824e-03 5.923468619585037231e-03 4.342234693467617035e-03 5.062430165708065033e-03 8.297053165733814240e-03 3.644249634817242622e-03 3.999991808086633682e-03 1.632793247699737549e-02 4.854052327573299408e-03 1.868773368187248707e-03
2.881777286529541016e-02 2.348539605736732483e-02 6.410202011466026306e-03 1.290031988173723221e-02 1.337792817503213882e-02 3.662522137165069580e-02 3.784328326582908630e-02 8.776342496275901794e-03 3.042437881231307983e-02 3.075743326917290688e-03 2.443531155586242676e-02 8.520598411560058594e-01 1.796744763851165771e-02 8.242720365524291992e-02 2.490929514169692993e-02 1.568386703729629517e-02 1.811892352998256683e-02 8.838038193061947823e-04 1.248950604349374771e-02 1.805718871764838696e-03 1.538165286183357239e-02 6.865927949547767639e-03 4.129796847701072693e-02 3.385409340262413025e-02 1.069474034011363983e-02 1.527067925781011581e-02 6.034553050994873047e-03 3.526813909411430359e-02 7.753335870802402496e-03 4.166638106107711792e-02 6.415644660592079163e-03 4.880671855062246323e-03 9.045504033565521240e-03 1.184620801359415054e-02 1.922301203012466431e-02 1.060349121689796448e-02 2.010373957455158234e-02 4.411184228956699371e-03 2.640161290764808655e-02 2.398403920233249664e-02 7.885455153882503510e-03 1.852567121386528015e-02 9.339790791273117065e-03 1.027476228773593903e-02 3.210067749023437500e-02 2.145654149353504181e-02 3.397395834326744080e-02 1.867375150322914124e-02 9.053640067577362061e-03 2.133663929998874664e-02 3.977729007601737976e-02 3.022542782127857208e-02 8.815560140646994114e-04 9.038587100803852081e-03 3.481369058135896921e-04 9.153762832283973694e-03 1.289850100874900818e-02 1.159550528973340988e-02 5.596076371148228645e-04 1.152070611715316772e-02 3.772907424718141556e-03 5.034198053181171417e-03 1.825692132115364075e-02 1.979756169021129608e-02 9.040342643857002258e-03 1.016202382743358612e-02 1.427457551471889019e-03 1.855761557817459106e-02 8.133861236274242401e-03 6.979837082326412201e-03 4.785118158906698227e-03 8.549006306566298008e-04 1.351994741708040237e-02 4.487033933401107788e-03 1.843783631920814514e-02 8.548135869204998016e-03 2.987854555249214172e-02 1.167148817330598831e-02 1.689522340893745422e-02 1.116784568876028061e-02 1.154324563685804605e-04 5.448971875011920929e-03 1.052012387663125992e-02 8.768975967541337013e-04 9.721462614834308624e-03 1.845589024014770985e-03 2.817767206579446793e-03 1.188171934336423874e-02 2.951149269938468933e-02 2.394754439592361450e-02 2.116255089640617371e-02 1.174598559737205505e-02 7.034670561552047729e-03 1.273893401958048344e-03 7.362173404544591904e-03 1.198044326156377792e-02 1.676646992564201355e-02 1.640120521187782288e-02 2.565724402666091919e-02 1.317882072180509567e-02 1.336895767599344254e-02 1.725490018725395203e-02 1.304717548191547394e-02 1.078293006867170334e-02 5.311335902661085129e-03 5.622252356261014938e-03 1.569482125341892242e-02 8.842056617140769958e-03 2.675488032400608063e-02 2.308178925886750221e-03 2.680937945842742920e-02 3.128077089786529541e-02 4.513282328844070435e-03 1.558721531182527542e-02 1.908861473202705383e-02 9.280575439333915710e-03
7.100768387317657471e-02 7.290222495794296265e-02 1.043430063873529434e-02 1.000036764889955521e-02 1.079459022730588913e-02 7.025527954101562500e-02 6.703832000494003296e-02 5.365191958844661713e-03 1.397226937115192413e-02 9.622646495699882507e-03 7.474629580974578857e-02 1.796744763851165771e-02 8.520598411560058594e-01 3.961309790611267090e-02 4.103103652596473694e-02 1.281614881008863449e-02 6.974134128540754318e-03 9.241219609975814819e-03 4.951063543558120728e-03 2.224527858197689056e-02 1.934277452528476715e-02 4.758918657898902893e-02 1.926953718066215515e-02 1.576863601803779602e-02 5.562345962971448898e-03 1.248672604560852051e-03 1.742618158459663391e-02 4.528213758021593094e-03 8.717554621398448944e-03 5.920859985053539276e-03 1.749802939593791962e-02 2.148613706231117249e-02 1.211303286254405975e-03 1.486493647098541260e-02 5.868255626410245895e-03 1.523928623646497726e-02 1.798780262470245361e-02 5.564442835748195648e-03 1.057338528335094452e-02 8.684854954481124878e-03 2.464579418301582336e-03 1.757363043725490570e-02 1.214307080954313278e-02 3.215604694560170174e-03 3.498576115816831589e-04 1.504082232713699341e-02 5.750711634755134583e-02 5.062492564320564270e-02 2.984807826578617096e-03 7.838990539312362671e-03 1.899576932191848755e-02 1.603232510387897491e-02 2.047548629343509674e-02 1.294017303735017776e-02 8.028388023376464844e-03 2.958978293463587761e-03 3.183319699019193649e-03 6.313886027783155441e-03 2.672714553773403168e-02 1.703359559178352356e-02 2.528977347537875175e-03 7.391613908112049103e-04 2.970087341964244843e-03 5.654194857925176620e-03 3.217037394642829895e-02 5.479501187801361084e-02 1.664867810904979706e-02 5.383194424211978912e-03 3.743607318028807640e-03 1.735740341246128082e-02 2.552494406700134277e-03 2.907276153564453125e-03 6.822580471634864807e-03 2.752793487161397934e-03 3.515339922159910202e-03 8.577942848205566406e-03 1.608994603157043457e-02 1.648270897567272186e-02 1.735757850110530853e-02 1.793961413204669952e-02 1.513902936130762100e-02 8.809535764157772064e-03 1.252062059938907623e-02 5.569941829890012741e-03 4.029150120913982391e-03 4.333490040153264999e-03 3.829339891672134399e-02 4.098603874444961548e-02 8.073653094470500946e-03 1.096209138631820679e-02 8.762936107814311981e-03 2.689936198294162750e-02 3.789590299129486084e-02 2.628925815224647522e-02 6.796551402658224106e-03 1.836491562426090240e-02 1.047500129789113998e-02 9.418322704732418060e-03 1.131006237119436264e-02 1.732445880770683289e-02 1.200407370924949646e-02 9.557997807860374451e-03 6.159389391541481018e-03 7.355983369052410126e-03 1.227506436407566071e-02 8.363742381334304810e-03 9.316896088421344757e-03 3.498522331938147545e-03 7.050975225865840912e-03 5.014223977923393250e-03 4.276987630873918533e-03 4.327198490500450134e-03 4.303650930523872375e-04 1.949695684015750885e-02 6.040919106453657150e-03 2.202263101935386658e-03
