8.266546726226806641e-01 6.604606658220291138e-02 2.616656571626663208e-02 2.202901756390929222e-03 2.667734771966934204e-02 2.001331001520156860e-02 1.851863972842693329e-02 3.973963111639022827e-02 5.005114711821079254e-03 6.433430127799510956e-03 4.835074767470359802e-02 2.767778746783733368e-02 2.610912919044494629e-02 1.557118142955005169e-03 2.877620235085487366e-02 1.809049397706985474e-02 1.712965779006481171e-02 3.775873035192489624e-02 2.889194898307323456e-02 2.860004268586635590e-02 2.371201105415821075e-02 8.823487907648086548e-03 3.548898175358772278e-02 2.986031956970691681e-02 2.691048197448253632e-02 2.708018757402896881e-02 6.015065126121044159e-03 1.571802236139774323e-02 1.511316467076539993e-02 1.851511374115943909e-02 5.212041083723306656e-03 3.478824719786643982e-02 2.197755686938762665e-02 2.918201498687267303e-02 1.581781730055809021e-02 4.493557661771774292e-02 8.525950834155082703e-03 9.640061296522617340e-03 5.630452651530504227e-04 2.631498035043478012e-03 1.774540171027183533e-02 8.903030306100845337e-03 9.613899514079093933e-03 3.888361621648073196e-03 9.547702036798000336e-03 9.863719344139099121e-03 1.607852638699114323e-03 2.033118531107902527e-02 2.970959618687629700e-02 3.060972504317760468e-02 8.203171193599700928e-03 2.059308812022209167e-03 4.632896743714809418e-03 5.089758895337581635e-03 8.583256974816322327e-03 2.053121291100978851e-02 1.558366417884826660e-02 1.157051511108875275e-02 1.809729635715484619e-02 1.378933619707822800e-02 6.256484426558017731e-03 3.361654002219438553e-03 9.931477718055248260e-03 6.848544348031282425e-03 4.812223371118307114e-03 1.359971240162849426e-02 1.381900720298290253e-02 4.779016599059104919e-03 1.068465318530797958e-02 8.483004756271839142e-03 1.034946087747812271e-02 2.389218285679817200e-02 9.076543938135728240e-05 1.127702882513403893e-03 1.573628745973110199e-02 8.328762836754322052e-03 5.157066043466329575e-03 2.173957414925098419e-03 4.015806131064891815e-03 8.728144690394401550e-03 3.947337716817855835e-02 3.104327619075775146e-02 2.130383439362049103e-02 1.163844484835863113e-02 4.327980801463127136e-02 2.851394750177860260e-02 2.643167227506637573e-02 3.205471858382225037e-02 7.279203273355960846e-03 1.056231372058391571e-02 5.590494256466627121e-03 4.176076967269182205e-03 6.823099218308925629e-03 2.659629285335540771e-02 2.678369916975498199e-02 1.489318348467350006e-02 4.462590906769037247e-03 3.991829697042703629e-03 1.973809488117694855e-02 1.650119200348854065e-02 2.858820371329784393e-02 1.339754089713096619e-02 6.394915748387575150e-03 1.111448463052511215e-02 7.645809091627597809e-03 2.225788310170173645e-02 3.403265029191970825e-02 2.757773501798510551e-03 1.022673677653074265e-02 8.766161277890205383e-03 9.706460870802402496e-03 2.007815614342689514e-02 1.246190164238214493e-02 3.785574343055486679e-03 6.978936959058046341e-03 2.663644403219223022e-02
6.604606658220291138e-02 8.266546726226806641e-01 4.417753312736749649e-03 8.550017140805721283e-03 1.868977397680282593e-02 9.721404872834682465e-03 3.694536164402961731e-03 1.165071129798889160e-02 9.189505130052566528e-03 3.257796633988618851e-03 4.149860702455043793e-03 2.559876441955566406e-02 5.071032419800758362e-02 2.369262801948934793e-05 6.442714482545852661e-03 1.373452041298151016e-02 9.808473289012908936e-03 1.587917655706405640e-02 8.388181217014789581e-03 1.358731742948293686e-02 2.196779474616050720e-02 2.123082242906093597e-02 2.546885423362255096e-02 2.164459042251110077e-02 3.107597678899765015e-02 2.487398497760295868e-02 3.560840710997581482e-02 1.372164674103260040e-02 1.713403128087520599e-02 1.855653896927833557e-02 3.207752853631973267e-02 3.163021802902221680e-02 8.533841930329799652e-03 3.140477091073989868e-02 2.383257448673248291e-02 3.845784813165664673e-02 2.846952294930815697e-03 2.137309685349464417e-02 4.883981775492429733e-03 2.301197499036788940e-03 2.775443345308303833e-02 1.588563434779644012e-03 8.142367936670780182e-03 1.499740756116807461e-03 1.195283513516187668e-02 3.164605423808097839e-02 7.694110274314880371e-03 1.136818062514066696e-02 9.044532664120197296e-03 3.034686297178268433e-02 1.493647578172385693e-04 8.993898518383502960e-03 1.425282564014196396e-02 7.360328454524278641e-04 3.741429885849356651e-03 2.413225360214710236e-02 9.604446822777390480e-04 2.778636291623115540e-03 1.062454748898744583e-02 3.977003507316112518e-03 2.601748565211892128e-03 5.840591620653867722e-03 5.790942814201116562e-03 4.676270298659801483e-03 6.185818463563919067e-03 2.433891221880912781e-02 3.135678125545382500e-03 7.219690829515457153e-03 5.439581815153360367e-03 1.384164951741695404e-02 1.076992135494947433e-03 2.673967368900775909e-02 1.037206314504146576e-02 8.870476856827735901e-03 2.801896771416068077e-03 1.084831543266773224e-02 1.680860761553049088e-03 3.705989336594939232e-03 2.521510235965251923e-03 2.316317288205027580e-03 2.393132261931896210e-02 1.820781826972961426e-02 1.252158917486667633e-02 1.294634118676185608e-02 2.705703489482402802e-02 2.781777828931808472e-02 1.204099599272012711e-02 1.162138301879167557e-02 2.398643642663955688e-03 7.644391618669033051e-03 2.023049443960189819e-02 3.159696934744715691e-03 1.126401126384735107e-02 1.432439498603343964e-02 1.424909569323062897e-02 9.105367586016654968e-03 2.515865257009863853e-03 5.308326799422502518e-03 2.347312495112419128e-02 1.672660000622272491e-03 1.235922332853078842e-02 1.519623445346951485e-03 7.534037344157695770e-03 1.312563940882682800e-02 7.564640138298273087e-03 5.562829785048961639e-03 2.387332543730735779e-02 9.331609122455120087e-03 2.344756852835416794e-03 1.053873915225267410e-03 1.406765542924404144e-02 3.191975876688957214e-02 2.304956503212451935e-02 5.374379456043243408e-03 9.122381918132305145e-03 1.228516642004251480e-02
2.616656571626663208e-02 4.417753312736749649e-03 8.266546726226806641e-01 3.599161980673670769e-03 1.341515779495239258e-02 1.724410802125930786e-02 8.595352992415428162e-03 5.688770487904548645e-02 2.883131150156259537e-03 2.982719801366329193e-03 1.390928309410810471e-02 6.014215250615961850e-05 6.218483205884695053e-03 1.797873154282569885e-02 1.740748807787895203e-02 1.970465667545795441e-02 9.718242101371288300e-03 5.806787405163049698e-03 2.729031257331371307e-02 2.147656492888927460e-02 1.854862272739410400e-02 1.516724191606044769e-02 1.093859598040580750e-02 7.054733578115701675e-03 3.382199257612228394e-02 1.293859165161848068e-02 1.804727362468838692e-04 1.300748321227729321e-03 3.189787676092237234e-04 1.571524515748023987e-02 1.775934942997992039e-03 1.894006505608558655e-02 2.788113057613372803e-02 1.212090998888015747e-02 1.988963782787322998e-02 6.162763573229312897e-03 2.306926064193248749e-02 4.130511730909347534e-02 4.902617074549198151e-03 9.560192935168743134e-03 1.865107566118240356e-02 1.759001170285046101e-03 2.192209661006927490e-02 1.289019826799631119e-02 1.216617505997419357e-02 1.534199900925159454e-02 3.996573388576507568e-03 6.549996323883533478e-03 1.673537306487560272e-02 1.146334689110517502e-03 1.364745316095650196e-03 1.442914642393589020e-02 4.379712045192718506e-03 3.080534981563687325e-03 2.740381099283695221e-02 2.853916026651859283e-03 3.107919543981552124e-02 3.205404616892337799e-03 5.045404657721519470e-03 5.359720438718795776e-03 4.816031432710587978e-04 4.036321304738521576e-03 2.596077695488929749e-02 1.522185374051332474e-02 3.141489578410983086e-03 2.840038156136870384e-03 3.241196274757385254e-02 3.455316647887229919e-02 1.382341259159147739e-03 2.015819307416677475e-03 7.034450769424438477e-03 1.885081268846988678e-02 1.075722184032201767e-02 7.759082596749067307e-03 3.884955076500773430e-03 4.114507511258125305e-02 4.594254423864185810e-04 1.694677630439400673e-04 1.279214164242148399e-03 5.522065862351155374e-07 4.539515450596809387e-02 6.080099195241928101e-02 1.338088884949684143e-02 9.522913955152034760e-03 3.008535876870155334e-02 1.674440503120422363e-02 3.090508282184600830e-02 3.406590595841407776e-02 1.017144415527582169e-02 3.106500953435897827e-03 8.242476731538772583e-03 1.746065355837345123e-02 1.205102726817131042e-02 2.357088960707187653e-02 1.457400433719158173e-02 4.316568840295076370e-03 1.985535584390163422e-02 2.665367722511291504e-02 1.304868981242179871e-02 7.855255156755447388e-03 7.094766013324260712e-03 1.487837638705968857e-03 2.733097970485687256e-02 2.943542227149009705e-02 2.187477238476276398e-02 2.030393481254577637e-02 2.163971588015556335e-02 2.770703285932540894e-02 5.015420727431774139e-03 9.928637184202671051e-03 1.326721510849893093e-03 8.646396920084953308e-03 2.229797840118408203e-02 1.498767733573913574e-02 9.958310984075069427e-03 1.137491036206483841e-02
2.202901756390929222e-03 8.550017140805721283e-03 3.599161980673670769e-03 8.266546726226806641e-01 2.523745410144329071e-02 7.507511414587497711e-03 7.694612257182598114e-03 1.191257685422897339e-02 2.220016904175281525e-02 2.631731145083904266e-02 1.077537890523672104e-02 1.501514692790806293e-03 1.797227188944816589e-02 1.279603503644466400e-02 5.726843141019344330e-03 3.598145395517349243e-02 3.744572773575782776e-02 1.493452768772840500e-02 1.367354113608598709e-02 2.459137002006173134e-03 3.521166509017348289e-03 2.143389917910099030e-02 5.453726276755332947e-03 9.768051095306873322e-04 4.956833552569150925e-03 1.396743115037679672e-02 1.837687450461089611e-03 4.207142442464828491e-02 1.928946375846862793e-02 4.029051586985588074e-02 9.542676620185375214e-03 3.087455872446298599e-03 2.071901410818099976e-02 1.092266850173473358e-02 3.077847510576248169e-02 1.643665321171283722e-02 1.137964986264705658e-02 1.474369550123810768e-03 4.859507083892822266e-02 9.137174114584922791e-03 4.133537411689758301e-03 1.225946657359600067e-02 1.208825688809156418e-02 1.147567853331565857e-02 4.901892039924860001e-03 2.918042882811278105e-04 8.825921453535556793e-03 2.767429221421480179e-03 1.785892061889171600e-02 1.823166385293006897e-02 7.616904098540544510e-03 1.991161331534385681e-02 4.211671650409698486e-02 4.843271523714065552e-02 6.777929142117500305e-03 3.210311289876699448e-03 2.905952557921409607e-02 2.194975130259990692e-02 2.728807181119918823e-02 2.314423769712448120e-02 3.603778406977653503e-02 3.412668779492378235e-02 2.213705517351627350e-02 4.550806432962417603e-02 9.196003898978233337e-03 1.068725995719432831e-02 8.476175367832183838e-03 1.714015565812587738e-02 5.011999979615211487e-02 1.285862643271684647e-02 5.056975781917572021e-02 9.480318054556846619e-03 6.730232387781143188e-02 1.132642012089490891e-02 5.478865653276443481e-02 1.242700777947902679e-02 2.968897810205817223e-03 2.226560562849044800e-02 2.430714666843414307e-02 3.213962167501449585e-02 9.545665234327316284e-03 4.156261216849088669e-03 3.543911874294281006e-02 3.150794655084609985e-04 2.806125953793525696e-02 3.980027884244918823e-02 8.332350989803671837e-04 1.371696498245000839e-02 3.012051992118358612e-02 1.303447503596544266e-02 2.002407610416412354e-02 1.115220412611961365e-02 1.238129450939595699e-03 1.036989851854741573e-03 2.779441652819514275e-03 1.222779508680105209e-02 2.112719789147377014e-02 6.298824213445186615e-03 1.923281932249665260e-03 4.521545488387346268e-03 4.561302717775106430e-03 7.948726415634155273e-03 1.510904543101787567e-02 1.176513545215129852e-02 1.771340332925319672e-02 2.854011021554470062e-02 7.707392796874046326e-03 1.968912314623594284e-03 1.779743842780590057e-02 6.248785182833671570e-03 8.334411308169364929e-03 1.161545887589454651e-02 1.124171447008848190e-02 3.891263622790575027e-03 2.002094686031341553e-02 2.750676311552524567e-02
2.667734771966934204e-02 1.868977397680282593e-02 1.341515779495239258e-02 2.523745410144329071e-02 8.266546726226806641e-01 5.369700957089662552e-03 1.371760666370391846e-02 1.393361203372478485e-02 9.577327407896518707e-03 2.659491263329982758e-02 1.862194738350808620e-03 3.180620074272155762e-02 2.990391571074724197e-03 3.667092416435480118e-03 1.233407482504844666e-02 3.104300796985626221e-02 1.022690813988447189e-02 3.856529295444488525e-02 4.218966141343116760e-02 4.735427908599376678e-03 2.199380099773406982e-02 2.240376546978950500e-02 2.790032699704170227e-02 1.049623917788267136e-02 1.010396704077720642e-02 5.376490764319896698e-03 1.371790189296007156e-03 1.569066755473613739e-02 1.031461404636502266e-03 1.054246257990598679e-02 7.540035061538219452e-03 1.120271044783294201e-03 1.009448524564504623e-02 6.898477207869291306e-03 3.564474731683731079e-02 3.353982046246528625e-02 5.420802626758813858e-03 5.734233651310205460e-03 1.072825863957405090e-02 3.144362568855285645e-02 1.434453646652400494e-03 1.082902657799422741e-03 1.421727240085601807e-02 7.524459157139062881e-03 1.721354573965072632e-02 2.635017596185207367e-02 5.155305564403533936e-02 2.887646295130252838e-02 1.031442452222108841e-02 6.566573865711688995e-03 5.352173931896686554e-03 1.747071929275989532e-02 2.368278801441192627e-02 3.177162632346153259e-02 1.706293597817420959e-02 2.271237410604953766e-02 6.151780020445585251e-03 6.314236205071210861e-03 1.783757098019123077e-02 2.555348351597785950e-02 3.304893523454666138e-02 3.503764793276786804e-02 1.792173087596893311e-02 2.519191056489944458e-02 1.403196062892675400e-02 9.158873930573463440e-03 1.761346124112606049e-02 9.056917391717433929e-03 1.103962119668722153e-02 1.736124791204929352e-02 1.200856361538171768e-02 2.124983817338943481e-03 1.679035276174545288e-02 3.042982332408428192e-02 3.408347442746162415e-02 2.160400152206420898e-02 4.643319174647331238e-03 1.506511401385068893e-02 3.269560867920517921e-03 1.466381922364234924e-02 1.168369036167860031e-02 4.181848373264074326e-03 3.677353262901306152e-02 4.684448614716529846e-02 2.676489204168319702e-02 1.164078991860151291e-02 9.298349730670452118e-03 8.918240666389465332e-03 1.044697314500808716e-02 6.996005773544311523e-03 1.172812562435865402e-02 2.878523897379636765e-03 8.213795372284948826e-04 2.822696464136242867e-03 8.202912285923957825e-03 1.269473321735858917e-02 2.232250524684786797e-03 1.284871436655521393e-02 1.368210371583700180e-02 8.819794282317161560e-03 7.274422328919172287e-03 9.864626452326774597e-03 6.567835807800292969e-03 8.174568414688110352e-03 1.044075470417737961e-02 1.557423081248998642e-02 5.154549144208431244e-03 1.647101528942584991e-02 2.053009113296866417e-03 4.661599919199943542e-02 2.530563250184059143e-02 3.428587224334478378e-03 3.906401805579662323e-03 1.379137951880693436e-02 5.369612481445074081e-03 9.785753209143877029e-04
2.001331001520156860e-02 9.721404872834682465e-03 1.724410802125930786e-02 7.507511414587497711e-03 5.369700957089662552e-03 8.266546726226806641e-01 5.545559525489807129e-02 1.634740270674228668e-02 1.495490223169326782e-02 8.804947137832641602e-04 7.515862584114074707e-03 5.363305658102035522e-02 6.565728224813938141e-03 2.976514585316181183e-02 4.430798348039388657e-03 1.262710150331258774e-02 2.857174549717456102e-04 1.032952452078461647e-03 2.641363814473152161e-02 5.516218487173318863e-03 2.960501937195658684e-03 4.297159612178802490e-03 3.533907607197761536e-02 3.709810972213745117e-02 2.643325924873352051e-02 1.732007414102554321e-02 2.312713675200939178e-02 2.378433756530284882e-02 2.170984167605638504e-03 2.116285078227519989e-02 6.276210770010948181e-04 8.521200157701969147e-03 3.230535890907049179e-03 3.824695479124784470e-03 1.175215817056596279e-03 3.622742369771003723e-02 2.228881046175956726e-02 3.296657465398311615e-03 8.237333036959171295e-03 6.799276452511548996e-03 1.548716146498918533e-02 3.363592782989144325e-03 2.185477502644062042e-02 2.686644205823540688e-03 2.756160311400890350e-02 2.427588216960430145e-03 5.835061147809028625e-02 2.114064246416091919e-02 3.018158860504627228e-02 8.311836048960685730e-03 1.597983203828334808e-02 1.408574916422367096e-02 3.835902083665132523e-03 6.043715868145227432e-03 4.219410568475723267e-02 1.393696572631597519e-02 8.077314123511314392e-03 6.840889807790517807e-03 3.024725941941142082e-03 7.815389893949031830e-03 1.791456900537014008e-02 1.015232410281896591e-02 2.989412983879446983e-03 1.772551098838448524e-03 7.214590441435575485e-04 8.284091018140316010e-03 1.751700416207313538e-02 7.182362605817615986e-04 5.679580848664045334e-03 2.982959710061550140e-02 9.061257354915142059e-03 5.495787598192691803e-03 2.195086097344756126e-03 2.095252275466918945e-02 3.488471265882253647e-03 3.468743525445461273e-03 1.363905263133347034e-03 2.314470941200852394e-03 2.891085855662822723e-02 9.366605663672089577e-04 3.183664754033088684e-02 1.489000674337148666e-02 2.875601127743721008e-02 4.622238222509622574e-03 5.133832246065139771e-02 1.727585680782794952e-02 2.285538800060749054e-02 1.698305457830429077e-02 1.465209643356502056e-03 1.625423878431320190e-02 9.098158217966556549e-03 1.150987949222326279e-02 1.275286078453063965e-02 4.767932929098606110e-03 8.636130223749205470e-05 1.557247899472713470e-02 9.068004786968231201e-03 8.128361776471138000e-03 4.630969371646642685e-03 8.264277130365371704e-03 1.949999597854912281e-03 5.670981016010046005e-03 1.885500922799110413e-02 3.558826074004173279e-02 1.816616021096706390e-02 1.529289502650499344e-02 1.106131076812744141e-02 1.139929890632629395e-02 1.066536270081996918e-02 2.451176010072231293e-02 1.419671438634395599e-02 3.431508317589759827e-03 1.796893775463104248e-02 6.816258974140509963e-05 1.994927413761615753e-02 3.488241881132125854e-02
1.851863972842693329e-02 3.694536164402961731e-03 8.595352992415428162e-03 7.694612257182598114e-03 1.371760666370391846e-02 5.545559525489807129e-02 8.266546726226806641e-01 1.094990689307451248e-02 3.733474761247634888e-02 2.937813475728034973e-02 1.964284107089042664e-03 9.010223671793937683e-03 1.178304664790630341e-02 3.523272648453712463e-02 1.645577698945999146e-02 6.421313621103763580e-03 2.247663069283589721e-04 2.315617538988590240e-02 2.538547292351722717e-02 2.267153747379779816e-02 3.598837181925773621e-03 2.666743006557226181e-03 1.519901957362890244e-02 2.725071460008621216e-02 6.381104700267314911e-03 1.646237634122371674e-02 5.887685343623161316e-03 3.166052978485822678e-03 1.227539614774286747e-03 1.702846493571996689e-03 1.548713445663452148e-02 5.693618673831224442e-03 1.517444569617509842e-02 1.541172503493726254e-03 1.208472624421119690e-02 7.957082241773605347e-03 1.010444015264511108e-02 1.953943632543087006e-02 3.674552077427506447e-03 1.106960698962211609e-02 1.460925489664077759e-02 3.456524759531021118e-02 3.029457852244377136e-02 1.355590857565402985e-02 5.459543317556381226e-02 3.126674517989158630e-02 3.474095836281776428e-02 7.003564387559890747e-02 1.874774321913719177e-02 1.289370586164295673e-03 1.852761209011077881e-02 1.542967371642589569e-02 4.240053822286427021e-04 1.116465032100677490e-02 2.016717568039894104e-02 9.323398582637310028e-03 4.302494227886199951e-03 1.470968779176473618e-02 1.563735678791999817e-02 2.086843363940715790e-02 1.677386648952960968e-02 9.291254915297031403e-03 1.567405089735984802e-02 1.616138219833374023e-02 1.627526618540287018e-02 2.251842990517616272e-02 1.291139796376228333e-02 6.973482202738523483e-03 2.576278056949377060e-03 6.387552712112665176e-03 1.825109124183654785e-03 4.288112744688987732e-03 2.192973624914884567e-03 8.167763240635395050e-03 1.062512211501598358e-02 2.121430821716785431e-02 3.330169990658760071e-02 3.543935343623161316e-02 2.959920465946197510e-02 2.533522993326187134e-02 1.440827548503875732e-02 1.143458648584783077e-03 3.059639595448970795e-02 3.058786317706108093e-02 1.325461082160472870e-02 2.365409024059772491e-02 1.620949804782867432e-02 3.884977893903851509e-03 8.278840221464633942e-03 2.691439539194107056e-02 1.112880464643239975e-02 1.405280362814664841e-02 4.442953690886497498e-02 9.130856953561306000e-03 4.839729517698287964e-03 4.620065912604331970e-03 4.839300643652677536e-03 1.988207548856735229e-02 5.747813731431961060e-03 1.132158562541007996e-02 5.034999456256628036e-03 5.249603651463985443e-03 3.590376581996679306e-03 1.428764220327138901e-02 2.066813223063945770e-02 1.253394130617380142e-02 2.159715443849563599e-02 2.272137440741062164e-02 3.055809938814491034e-04 1.807773113250732422e-02 1.212469022721052170e-02 1.349045895040035248e-03 1.802435889840126038e-02 3.117626346647739410e-02 2.204604825237765908e-04 1.840448356233537197e-03
3.973963111639022827e-02 1.165071129798889160e-02 5.688770487904548645e-02 1.191257685422897339e-02 1.393361203372478485e-02 1.634740270674228668e-02 1.094990689307451248e-02 8.266546726226806641e-01 2.196153439581394196e-02 1.828902214765548706e-02 2.302771806716918945e-02 1.105370186269283295e-02 1.180212292820215225e-02 1.062237843871116638e-02 4.911048337817192078e-02 2.931760158389806747e-03 1.369727775454521179e-02 2.344820089638233185e-02 3.386807814240455627e-02 2.907811291515827179e-02 2.889079228043556213e-02 2.047025039792060852e-02 2.874931320548057556e-02 1.642711646854877472e-02 3.858180344104766846e-02 9.109577164053916931e-03 1.501420140266418457e-02 1.222081016749143600e-02 1.241089683026075363e-02 8.069333620369434357e-03 1.572093926370143890e-02 1.487523317337036133e-02 1.846907474100589752e-02 1.717809215188026428e-02 8.939593099057674408e-03 3.107538260519504547e-02 1.470892783254384995e-02 2.807298675179481506e-02 1.075525418855249882e-03 6.509768310934305191e-03 1.363082230091094971e-02 2.697077114135026932e-03 4.136470670346170664e-04 1.825248263776302338e-02 1.647366955876350403e-02 2.233664505183696747e-03 3.445373382419347763e-03 7.424110546708106995e-03 1.138904225081205368e-02 1.034331042319536209e-02 4.138065129518508911e-02 1.943648047745227814e-02 6.981548387557268143e-03 5.304481834173202515e-03 1.032346207648515701e-02 6.087792105972766876e-03 1.859346032142639160e-02 1.693557365797460079e-03 8.461920544505119324e-03 1.219118665903806686e-02 1.412276364862918854e-02 4.964834544807672501e-03 1.840078085660934448e-02 3.942281007766723633e-03 2.256647916510701180e-03 1.795983407646417618e-03 2.199227735400199890e-02 1.564401760697364807e-02 6.158872507512569427e-03 1.020416431128978729e-02 9.987426921725273132e-03 1.724086329340934753e-02 2.249164739623665810e-03 1.582604646682739258e-02 8.178157731890678406e-03 3.082332760095596313e-02 6.199968513101339340e-03 7.245513610541820526e-03 7.385800126940011978e-03 1.337132044136524200e-02 3.815226256847381592e-02 6.315459311008453369e-02 1.110949646681547165e-02 2.739936485886573792e-02 2.550505287945270538e-02 4.995032679289579391e-03 3.674408420920372009e-02 3.850959613919258118e-02 1.371554750949144363e-02 8.981955237686634064e-03 1.332732290029525757e-02 1.079371385276317596e-02 1.194748096168041229e-03 2.240495570003986359e-02 1.709445752203464508e-02 1.100070774555206299e-02 1.796205900609493256e-02 1.360015850514173508e-02 2.617102675139904022e-02 3.080957755446434021e-02 2.630502171814441681e-02 2.442812733352184296e-02 1.518863067030906677e-02 1.376343145966529846e-02 2.165538631379604340e-02 2.428406849503517151e-02 1.057411916553974152e-02 2.045069122686982155e-03 3.981739748269319534e-03 8.472731336951255798e-03 1.557257492095232010e-02 1.431722659617662430e-02 1.477450411766767502e-02 3.148695221170783043e-03 1.004096493124961853e-02 2.346946857869625092e-02
5.005114711821079254e-03 9.189505130052566528e-03 2.883131150156259537e-03 2.220016904175281525e-02 9.577327407896518707e-03 1.495490223169326782e-02 3.733474761247634888e-02 2.196153439581394196e-02 8.266546726226806641e-01 5.106366425752639771e-02 1.466511376202106476e-02 6.785422097891569138e-03 1.252859830856323242e-03 2.249724790453910828e-02 8.077920414507389069e-03 1.552693545818328857e-02 1.344623323529958725e-02 3.972620517015457153e-02 2.828137576580047607e-02 2.320401929318904877e-02 1.125346496701240540e-02 1.534766238182783127e-02 1.344575721304863691e-04 1.794286817312240601e-02 2.055506780743598938e-02 5.973340012133121490e-03 4.472095053642988205e-03 2.719831094145774841e-02 1.337711146334186196e-04 2.779473736882209778e-02 1.739688031375408173e-02 2.358955517411231995e-02 1.692760363221168518e-02 3.117588348686695099e-03 2.582810353487730026e-03 6.527126301079988480e-03 1.759521663188934326e-02 1.509025320410728455e-02 6.405220367014408112e-03 1.346929650753736496e-02 2.514892630279064178e-02 4.475488513708114624e-02 2.990132011473178864e-02 2.653968520462512970e-02 2.735345624387264252e-02 4.105934128165245056e-02 2.483562380075454712e-02 2.238819934427738190e-02 2.472028881311416626e-02 2.462180145084857941e-02 8.554724045097827911e-03 5.457375198602676392e-03 1.111342199146747589e-02 4.598836880177259445e-03 1.651335321366786957e-02 1.451203878968954086e-02 1.068201009184122086e-02 3.490145900286734104e-04 5.332115106284618378e-03 1.319395098835229874e-02 4.110873211175203323e-03 7.145587820559740067e-03 2.515229955315589905e-02 1.357554644346237183e-02 1.153962220996618271e-02 1.076905988156795502e-02 6.698651239275932312e-03 1.177032850682735443e-02 9.840345941483974457e-03 1.097903773188591003e-02 5.831395741552114487e-03 2.347818389534950256e-02 1.734136790037155151e-02 9.418395347893238068e-03 1.360729802399873734e-02 1.430100854486227036e-02 5.137740075588226318e-02 3.865722566843032837e-02 5.671692639589309692e-02 5.021701753139495850e-02 1.119042746722698212e-02 7.927210070192813873e-03 6.452838890254497528e-03 3.907885029911994934e-02 1.123882364481687546e-02 3.458930924534797668e-02 2.049810253083705902e-03 5.534302908927202225e-03 1.012488827109336853e-02 1.992735266685485840e-02 4.906634334474802017e-03 2.376681566238403320e-02 2.576214633882045746e-02 2.430135384202003479e-02 9.150682017207145691e-03 1.201138459146022797e-02 1.313513424247503281e-02 2.031699940562248230e-02 2.278818935155868530e-02 2.074070647358894348e-02 4.038076382130384445e-03 6.674486212432384491e-03 6.285162642598152161e-03 6.825581192970275879e-03 9.353964589536190033e-03 5.761709064245223999e-03 3.095865482464432716e-03 2.842972055077552795e-02 1.928841811604797840e-04 2.467018924653530121e-02 1.166628021746873856e-02 2.428855560719966888e-02 2.342046611011028290e-02 3.019856847822666168e-02 2.246958389878273010e-02 4.344300366938114166e-03
6.433430127799510956e-03 3.257796633988618851e-03 2.982719801366329193e-03 2.631731145083904266e-02 2.659491263329982758e-02 8.804947137832641602e-04 2.937813475728034973e-02 1.828902214765548706e-02 5.106366425752639771e-02 8.266546726226806641e-01 6.238276604562997818e-03 1.130312681198120117e-02 9.454322047531604767e-03 8.845336735248565674e-03 7.631772663444280624e-03 2.502468973398208618e-02 4.095460288226604462e-03 2.323224209249019623e-02 4.776005074381828308e-02 1.907992176711559296e-02 1.636383705772459507e-03 1.851804670877754688e-03 8.124801330268383026e-03 1.302690897136926651e-02 3.845782484859228134e-03 9.846694767475128174e-03 1.109922211617231369e-02 3.969851881265640259e-02 2.224208787083625793e-02 3.315445408225059509e-02 1.437718886882066727e-02 1.531047653406858444e-02 1.171925384551286697e-02 1.400333829224109650e-02 6.336241960525512695e-03 1.262202672660350800e-02 1.249462179839611053e-02 1.658378896536305547e-04 9.689642116427421570e-03 2.598920650780200958e-02 1.155064813792705536e-02 3.413089364767074585e-02 4.078103229403495789e-02 1.711463928222656250e-02 3.794432431459426880e-02 3.827608004212379456e-02 3.225593641400337219e-02 2.882346138358116150e-02 1.692185364663600922e-02 3.888190165162086487e-02 1.345814112573862076e-02 2.683392725884914398e-02 5.468782503157854080e-03 9.277337230741977692e-03 1.336328964680433273e-02 3.611654415726661682e-02 2.160503901541233063e-02 1.157946139574050903e-02 1.834109239280223846e-02 2.285294234752655029e-02 6.216376554220914841e-03 1.546886842697858810e-02 6.478757597506046295e-03 2.207412326242774725e-04 2.084090933203697205e-02 2.668647095561027527e-02 1.356576941907405853e-02 9.098973125219345093e-03 2.893274091184139252e-02 2.695901133120059967e-02 6.381239276379346848e-03 2.687830664217472076e-02 2.589942142367362976e-02 2.838306687772274017e-02 8.515180088579654694e-03 1.744384132325649261e-02 1.649397425353527069e-02 2.980575710535049438e-02 2.787351980805397034e-02 5.482315272092819214e-02 8.856832049787044525e-03 2.888112328946590424e-03 1.063432265073060989e-02 4.437546804547309875e-02 2.846356946974992752e-03 4.075607284903526306e-02 5.015510134398937225e-03 2.368824090808629990e-03 1.453594490885734558e-02 1.927865669131278992e-02 1.451463066041469574e-02 2.737549319863319397e-02 2.966089174151420593e-02 2.021451108157634735e-02 7.516855373978614807e-03 1.745153032243251801e-02 3.060081414878368378e-02 2.766939997673034668e-02 8.476321585476398468e-03 1.539711188524961472e-02 1.414162572473287582e-02 9.946675971150398254e-03 1.945576258003711700e-02 1.316609699279069901e-02 1.020915573462843895e-03 2.092400100082159042e-03 6.453861016780138016e-03 1.907569356262683868e-02 9.513756260275840759e-03 4.531722143292427063e-02 3.271674364805221558e-02 2.265212824568152428e-03 1.120978221297264099e-02 2.535283565521240234e-02 5.104085896164178848e-03 1.784454286098480225e-02
4.835074767470359802e-02 4.149860702455043793e-03 1.390928309410810471e-02 1.077537890523672104e-02 1.862194738350808620e-03 7.515862584114074707e-03 1.964284107089042664e-03 2.302771806716918945e-02 1.466511376202106476e-02 6.238276604562997818e-03 8.266546726226806641e-01 1.378993317484855652e-02 5.084624886512756348e-02 1.546398736536502838e-02 1.784885302186012268e-02 1.127113495022058487e-02 1.976224593818187714e-02 1.472937036305665970e-02 9.114534594118595123e-03 1.695470698177814484e-02 1.898816041648387909e-02 4.630312696099281311e-02 3.428952023386955261e-02 3.667065873742103577e-02 1.112287770956754684e-02 2.130071446299552917e-02 2.435594983398914337e-02 3.198834368959069252e-03 3.230976313352584839e-02 8.390245027840137482e-03 6.958124227821826935e-03 2.111442945897579193e-02 3.691257163882255554e-02 2.647857554256916046e-02 4.295046441256999969e-03 2.591528184711933136e-02 1.991648692637681961e-03 6.053488235920667648e-03 2.215139567852020264e-03 1.294069457799196243e-02 1.220218953676521778e-03 3.119437396526336670e-02 1.019132602959871292e-02 2.061436511576175690e-02 2.553492784500122070e-03 2.635415457189083099e-02 3.137623146176338196e-02 1.783337938832119107e-04 3.134813532233238220e-02 2.733274921774864197e-02 2.463105134665966034e-03 7.788417395204305649e-03 1.022396609187126160e-02 1.538730248284991831e-05 1.791927590966224670e-02 2.868321537971496582e-02 2.645801380276679993e-02 2.367985807359218597e-02 4.301698878407478333e-03 7.496427744626998901e-03 4.467151593416929245e-03 1.013941410928964615e-02 3.757308470085263252e-03 1.624792627990245819e-02 4.201056063175201416e-02 3.982934728264808655e-02 8.606465533375740051e-03 1.883192337118089199e-03 2.050632983446121216e-02 1.909552700817584991e-02 1.891042478382587433e-02 1.949066482484340668e-02 3.897810354828834534e-03 1.006982102990150452e-02 7.214508019387722015e-03 1.514280214905738831e-02 2.000823989510536194e-02 1.975093781948089600e-02 1.222464907914400101e-02 1.734221167862415314e-02 2.780549973249435425e-02 4.880028311163187027e-03 3.775256685912609100e-03 1.071739848703145981e-02 1.958595216274261475e-02 1.843233965337276459e-02 2.792800031602382660e-02 3.714366257190704346e-02 2.876080106943845749e-03 1.745232194662094116e-02 4.223095253109931946e-02 2.943219058215618134e-02 1.684767752885818481e-02 2.697371132671833038e-02 1.377257145941257477e-02 3.439974272623658180e-03 9.501753374934196472e-03 2.088426845148205757e-03 2.367739379405975342e-02 2.557797171175479889e-02 2.057082951068878174e-02 8.672194555401802063e-03 5.154365673661231995e-03 3.285300452262163162e-03 1.552897854708135128e-03 5.412447266280651093e-03 1.267227530479431152e-02 2.672520093619823456e-02 1.059543155133724213e-02 1.047018636018037796e-02 1.071498263627290726e-02 1.207295712083578110e-02 1.099859829992055893e-02 1.857307925820350647e-02 4.476841539144515991e-03 1.225101947784423828e-02
2.767778746783733368e-02 2.559876441955566406e-02 6.014215250615961850e-05 1.501514692790806293e-03 3.180620074272155762e-02 5.363305658102035522e-02 9.010223671793937683e-03 1.105370186269283295e-02 6.785422097891569138e-03 1.130312681198120117e-02 1.378993317484855652e-02 8.266546726226806641e-01 5.417152307927608490e-03 6.736896187067031860e-02 3.033787012100219727e-02 1.449033990502357483e-02 4.414898343384265900e-03 4.182840883731842041e-02 4.214204475283622742e-02 1.717336848378181458e-02 1.822501234710216522e-02 1.840339228510856628e-02 4.653636738657951355e-02 3.440167382359504700e-02 7.621105294674634933e-03 4.765725694596767426e-03 4.629609640687704086e-03 5.038529261946678162e-02 3.502633189782500267e-03 3.795411065220832825e-02 5.635234527289867401e-03 9.421138092875480652e-03 1.851642876863479614e-02 8.909072726964950562e-03 2.047495730221271515e-02 2.022520639002323151e-02 2.261213585734367371e-02 6.554109044373035431e-03 1.883647055365145206e-03 1.147631462663412094e-02 3.545749466866254807e-03 1.391553878784179688e-02 3.307960182428359985e-02 1.161734294146299362e-02 2.196905016899108887e-02 2.746441168710589409e-03 6.335193756967782974e-03 3.195896372199058533e-02 2.670767717063426971e-02 3.173795761540532112e-03 1.748578995466232300e-02 1.251451577991247177e-02 4.454180598258972168e-03 8.235809393227100372e-03 4.235959611833095551e-03 1.017144322395324707e-02 7.887841784395277500e-04 1.322117261588573456e-02 5.709375720471143723e-03 1.513302884995937347e-02 1.849546283483505249e-02 2.801266312599182129e-02 2.493900619447231293e-02 1.183359883725643158e-02 9.123811498284339905e-03 8.771298453211784363e-03 9.786713635548949242e-04 1.016989350318908691e-02 8.986161090433597565e-03 2.549406699836254120e-02 4.236872773617506027e-03 8.173583075404167175e-03 4.430356435477733612e-03 3.363292291760444641e-02 9.920026175677776337e-03 1.006990857422351837e-02 1.410658285021781921e-02 3.958140034228563309e-03 3.164643794298171997e-02 5.716412793844938278e-03 6.097274366766214371e-03 1.339588430710136890e-03 9.650288149714469910e-03 2.536406368017196655e-02 3.025981038808822632e-02 3.396376734599471092e-03 2.584165334701538086e-02 4.764506127685308456e-03 2.826888812705874443e-03 7.729659322649240494e-03 1.433487609028816223e-02 1.206826791167259216e-02 5.285255145281553268e-03 2.986678667366504669e-02 1.132552325725555420e-02 5.151674617081880569e-03 1.797461137175559998e-02 9.538475424051284790e-03 3.045120835304260254e-02 1.078915968537330627e-02 4.790014587342739105e-03 9.463450871407985687e-03 8.601310662925243378e-03 2.755968831479549408e-02 2.715192269533872604e-03 3.740478714462369680e-04 1.962091401219367981e-02 1.154683646745979786e-03 5.237453617155551910e-03 3.052761033177375793e-02 2.461090311408042908e-02 1.005558297038078308e-02 1.780760125257074833e-03 7.047499064356088638e-03 1.475795824080705643e-02 5.458761006593704224e-03
2.610912919044494629e-02 5.071032419800758362e-02 6.218483205884695053e-03 1.797227188944816589e-02 2.990391571074724197e-03 6.565728224813938141e-03 1.178304664790630341e-02 1.180212292820215225e-02 1.252859830856323242e-03 9.454322047531604767e-03 5.084624886512756348e-02 5.417152307927608490e-03 8.266546726226806641e-01 1.360726775601506233e-03 4.766356199979782104e-03 1.354878535494208336e-03 1.357628311961889267e-02 1.321445684880018234e-02 7.297533564269542694e-03 2.044293563812971115e-03 2.522356621921062469e-02 1.925761438906192780e-02 1.411016564816236496e-02 1.278573367744684219e-02 8.811143226921558380e-03 2.089354209601879120e-02 1.441074768081307411e-03 4.237422719597816467e-03 4.550302028656005859e-02 1.433512941002845764e-02 4.109681397676467896e-02 1.841980405151844025e-02 1.371760386973619461e-02 3.141963854432106018e-02 2.705561928451061249e-03 2.501934021711349487e-02 7.247276604175567627e-03 2.182398550212383270e-02 6.230482365936040878e-03 1.045246515423059464e-02 1.609046384692192078e-02 1.793168671429157257e-02 1.161187514662742615e-02 1.943696662783622742e-02 2.541577443480491638e-02 2.633736003190279007e-04 2.114548534154891968e-02 1.102027203887701035e-02 1.871557533740997314e-02 1.342567708343267441e-02 1.199461799114942551e-02 1.991271786391735077e-02 3.201425448060035706e-02 7.709075231105089188e-03 2.510734647512435913e-02 2.761170268058776855e-02 2.658577635884284973e-03 1.380249485373497009e-02 3.078694082796573639e-02 1.893904432654380798e-02 2.943976037204265594e-02 2.326506748795509338e-02 1.208025123924016953e-02 2.093615755438804626e-02 4.345477372407913208e-02 5.999928712844848633e-02 6.122407969087362289e-03 4.357324447482824326e-03 1.736655645072460175e-02 1.869048550724983215e-02 1.099377777427434921e-02 3.341570496559143066e-02 1.800277270376682281e-02 1.103386748582124710e-02 5.367571488022804260e-03 1.576242153532803059e-03 7.571737747639417648e-03 1.131336856633424759e-02 5.005660932511091232e-03 1.852419925853610039e-03 3.182266652584075928e-02 3.592697030398994684e-04 1.872128620743751526e-02 1.275802217423915863e-02 4.240553826093673706e-03 5.881009157747030258e-03 1.570073142647743225e-02 2.683376334607601166e-02 1.961485948413610458e-03 2.231433987617492676e-03 1.913529448211193085e-02 2.708531916141510010e-03 1.021920330822467804e-02 1.800515502691268921e-02 9.397016838192939758e-03 1.881830953061580658e-02 2.557214815169572830e-03 1.125235110521316528e-02 6.490420084446668625e-03 5.910425912588834763e-03 2.316874638199806213e-02 5.801643710583448410e-03 1.390469726175069809e-02 1.377500034868717194e-02 2.111949957907199860e-02 9.986208751797676086e-03 8.895014412701129913e-03 1.109101250767707825e-02 1.645943708717823029e-02 1.380155980587005615e-02 1.611973531544208527e-02 2.855360694229602814e-02 4.686384461820125580e-03 1.229677698574960232e-03 1.160802319645881653e-02 3.676876425743103027e-03
