8.576267361640930176e-01 5.436810478568077087e-02 1.445040106773376465e-02 1.001003105193376541e-02 1.332704164087772369e-02 4.918926209211349487e-02 4.758832603693008423e-02 2.227183617651462555e-02 1.083650719374418259e-02 4.770231898874044418e-03 4.332510009407997131e-02 7.163899135775864124e-04 4.922484979033470154e-02 2.181638730689883232e-03 3.438820689916610718e-02 2.030570246279239655e-02 1.830427907407283783e-02 2.029388584196567535e-02 3.077634377405047417e-03 1.684546656906604767e-02 2.651843428611755371e-02 3.660124540328979492e-02 8.027778007090091705e-03 1.325955707579851151e-02 2.021376788616180420e-02 2.383155003190040588e-02 2.292155846953392029e-02 3.297999501228332520e-03 3.565724566578865051e-02 3.358618356287479401e-03 3.811647742986679077e-02 9.273434989154338837e-03 6.867308635264635086e-03 1.309716422110795975e-02 9.566237218677997589e-03 5.467373412102460861e-03 1.478726230561733246e-02 2.309863083064556122e-02 1.676658913493156433e-02 1.616575568914413452e-02 2.361884154379367828e-02 1.307484126300550997e-05 4.769815597683191299e-03 8.240191964432597160e-04 7.145877927541732788e-03 9.150110185146331787e-03 4.410140588879585266e-02 4.200236871838569641e-02 2.554302802309393883e-03 9.772839024662971497e-03 1.015675906091928482e-02 4.396673291921615601e-03 1.371546089649200439e-02 2.072655223309993744e-02 1.630999892950057983e-02 1.111365482211112976e-02 1.718727312982082367e-02 2.526640146970748901e-02 1.397693064063787460e-02 2.131950110197067261e-02 1.565537601709365845e-02 1.402180641889572144e-02 2.857370127458125353e-04 1.063862908631563187e-02 2.421503886580467224e-02 3.178044408559799194e-02 1.513388846069574356e-02 1.695567928254604340e-02 9.794339537620544434e-03 7.931439206004142761e-03 2.724038669839501381e-03 2.403335832059383392e-02 2.653680182993412018e-02 9.645315818488597870e-03 3.112778812646865845e-02 1.959379389882087708e-02 7.439516019076108932e-03 3.464773064479231834e-03 2.457598410546779633e-02 1.331070787273347378e-03 2.148793265223503113e-02 2.615625411272048950e-02 4.702511709183454514e-03 7.845070213079452515e-03 8.083199150860309601e-03 8.232558146119117737e-03 2.854643203318119049e-02 2.917101047933101654e-02 9.653756394982337952e-03 5.497493781149387360e-03 3.508415818214416504e-02 2.016056142747402191e-02 3.500982001423835754e-02 2.900782041251659393e-02 1.123151625506579876e-03 5.226008128374814987e-03 2.636731602251529694e-03 1.926628313958644867e-02 1.862719305790960789e-03 5.966698285192251205e-03 8.687918074429035187e-03 2.114087343215942383e-02 1.431464403867721558e-02 2.545979246497154236e-02 7.829233072698116302e-03 1.647345721721649170e-02 7.624879013746976852e-03 1.035259850323200226e-02 1.371574588119983673e-02 2.013137564063072205e-02 1.867968961596488953e-02 2.181601524353027344e-02 3.688005963340401649e-03 8.404610678553581238e-03 1.426861528307199478e-02 1.849113777279853821e-02
5.436810478568077087e-02 8.576267361640930176e-01 2.986585488542914391e-03 1.254211179912090302e-02 1.903331652283668518e-02 6.110317632555961609e-02 6.323793530464172363e-02 1.398221123963594437e-02 2.172688487917184830e-03 1.179208885878324509e-02 4.716139659285545349e-02 9.199536405503749847e-03 6.020414829254150391e-02 2.647707937285304070e-03 2.912350930273532867e-02 1.197280734777450562e-02 1.214647665619850159e-02 1.929119229316711426e-02 2.889523748308420181e-04 6.663052365183830261e-03 1.658170670270919800e-02 3.142001852393150330e-02 1.291736261919140816e-03 5.263479892164468765e-03 1.343803294003009796e-02 1.942042075097560883e-02 1.908665895462036133e-02 1.040202006697654724e-02 2.754788100719451904e-02 6.721706129610538483e-03 2.976325713098049164e-02 4.599816165864467621e-03 3.128189127892255783e-03 8.707559667527675629e-03 9.248047135770320892e-03 2.442398341372609138e-03 1.207408681511878967e-02 2.427667751908302307e-02 1.777210459113121033e-02 1.844265498220920563e-02 1.780262589454650879e-02 8.452784270048141479e-03 3.869408101309090853e-04 2.248161472380161285e-03 1.166862249374389648e-02 6.686713080853223801e-03 5.584413558244705200e-02 4.751071706414222717e-02 2.861773595213890076e-03 9.219912812113761902e-03 4.532258026301860809e-03 3.893919754773378372e-03 1.293308218009769917e-03 1.777267269790172577e-02 7.950505241751670837e-03 5.437665618956089020e-03 1.199746504426002502e-02 1.819878257811069489e-02 2.259935718029737473e-03 1.984516344964504242e-02 1.644711941480636597e-02 1.478215679526329041e-02 2.974425675347447395e-03 1.106978487223386765e-02 1.397843286395072937e-02 2.852853946387767792e-02 1.228260062634944916e-02 1.269683055579662323e-02 2.078758785501122475e-03 3.304888959974050522e-04 6.352163851261138916e-03 2.043807506561279297e-02 2.455866150557994843e-02 4.648202564567327499e-03 3.132161498069763184e-02 1.837366819381713867e-02 1.770177506841719151e-03 9.631355293095111847e-03 3.445211425423622131e-02 1.465262100100517273e-02 1.173894945532083511e-02 2.270008064806461334e-02 3.733262419700622559e-03 7.471665274351835251e-03 3.927854355424642563e-03 4.700505174696445465e-03 2.062204293906688690e-02 2.819628641009330750e-02 2.669903449714183807e-03 4.862161353230476379e-03 2.976126968860626221e-02 1.256564632058143616e-02 3.429314866662025452e-02 2.419762127101421356e-02 1.372362673282623291e-02 2.815458457916975021e-03 1.385420328006148338e-03 2.356929332017898560e-02 3.533486044034361839e-03 1.933113206177949905e-03 1.021349220536649227e-03 2.001893706619739532e-02 1.282096188515424728e-02 2.934864722192287445e-02 3.879287512972950935e-03 1.393003575503826141e-02 7.588103413581848145e-03 1.004416146315634251e-03 1.079379487782716751e-02 1.153544243425130844e-02 1.337141077965497971e-02 2.289647608995437622e-02 1.457970682531595230e-02 1.332351472228765488e-02 2.090307697653770447e-02 1.586014591157436371e-02
1.445040106773376465e-02 2.986585488542914391e-03 8.576267361640930176e-01 5.986510310322046280e-03 2.273497870191931725e-03 2.433717250823974609e-03 8.779536001384258270e-03 3.590572997927665710e-02 3.225309774279594421e-02 3.647666797041893005e-02 5.432854872196912766e-03 9.724086150527000427e-03 1.087715197354555130e-02 9.686893783509731293e-03 2.506583929061889648e-02 3.422990266699343920e-04 1.197698712348937988e-02 4.123944323509931564e-03 1.475224271416664124e-02 1.804623566567897797e-02 2.010529302060604095e-02 1.471955142915248871e-02 4.374237265437841415e-03 7.849684916436672211e-03 1.069837342947721481e-02 1.203348673880100250e-02 1.388429198414087296e-02 6.281506503000855446e-04 2.308493666350841522e-02 7.931028492748737335e-03 2.111200243234634399e-02 1.188570540398359299e-02 1.288515701889991760e-02 1.490703970193862915e-02 6.137710064649581909e-03 2.730771712958812714e-02 2.593117579817771912e-02 2.056914940476417542e-02 9.406627155840396881e-03 1.555804815143346786e-02 2.756459265947341919e-02 1.628907769918441772e-02 1.485213916748762131e-02 1.081028301268815994e-02 1.620796136558055878e-02 4.252924118191003799e-03 1.216718694195151329e-03 1.767685450613498688e-02 1.658122241497039795e-02 1.618475839495658875e-02 1.644632406532764435e-02 1.533844787627458572e-02 2.040877193212509155e-02 1.726651191711425781e-02 2.246700786054134369e-02 2.462756447494029999e-02 6.802089512348175049e-03 9.607478044927120209e-03 8.772072382271289825e-03 1.514041982591152191e-02 2.981831319630146027e-03 5.745209753513336182e-03 3.370211459696292877e-03 8.461194112896919250e-03 2.227582223713397980e-02 2.142443880438804626e-02 1.136461272835731506e-02 1.203179359436035156e-02 6.076804362237453461e-03 7.803846616297960281e-03 7.473147939890623093e-03 1.501303352415561676e-02 1.499003381468355656e-03 1.359109207987785339e-02 6.671062204986810684e-03 2.036432363092899323e-02 2.293251454830169678e-02 3.087025694549083710e-02 8.900472894310951233e-03 2.083816751837730408e-02 4.286015778779983521e-02 3.608290478587150574e-02 6.637557875365018845e-03 1.435157377272844315e-02 1.420558243989944458e-02 7.145354524254798889e-03 2.647029422223567963e-02 2.075309865176677704e-02 2.096781972795724869e-04 1.864542439579963684e-02 1.556690875440835953e-02 1.682589761912822723e-02 2.190040796995162964e-02 1.758703775703907013e-02 3.818413615226745605e-02 2.629948593676090240e-02 1.044929865747690201e-02 1.226901356130838394e-02 9.674397297203540802e-03 1.338520552963018417e-02 1.718817092478275299e-02 2.533909492194652557e-02 4.546913783997297287e-03 6.399960257112979889e-03 1.885052956640720367e-02 1.392764504998922348e-02 3.360599279403686523e-02 2.299592271447181702e-02 3.155348822474479675e-02 1.558559015393257141e-02 1.202589087188243866e-02 1.190410275012254715e-02 2.077890746295452118e-02 2.253016643226146698e-02 1.517580542713403702e-02 8.145086467266082764e-03
1.001003105193376541e-02 1.254211179912090302e-02 5.986510310322046280e-03 8.576267361640930176e-01 6.807418167591094971e-02 2.345616463571786880e-03 5.023300647735595703e-03 9.353557601571083069e-03 1.205652114003896713e-02 2.186705358326435089e-02 8.524769917130470276e-03 1.295412704348564148e-02 6.862793234176933765e-04 1.718144048936665058e-03 8.597214706242084503e-03 2.278371714055538177e-02 1.047167461365461349e-02 2.674583531916141510e-02 2.018673531711101532e-02 8.066234877333045006e-04 8.886265568435192108e-03 7.983907125890254974e-03 7.953563705086708069e-03 1.126756425946950912e-02 1.402507908642292023e-02 1.564701274037361145e-02 7.396078202873468399e-03 1.176680251955986023e-02 1.044916827231645584e-02 2.737617120146751404e-03 1.052161958068609238e-02 1.202027779072523117e-02 3.072056546807289124e-02 1.198275852948427200e-02 3.871695697307586670e-02 3.588102990761399269e-03 1.066389144398272038e-03 1.344499457627534866e-02 3.911921754479408264e-02 3.310461714863777161e-02 3.845722647383809090e-03 9.688453748822212219e-03 6.142537575215101242e-03 1.490207016468048096e-02 1.338296290487051010e-02 1.258386531844735146e-03 6.401168648153543472e-03 5.009537562727928162e-03 2.105314051732420921e-03 2.051424980163574219e-02 2.155000530183315277e-02 1.520131248980760574e-02 1.601585000753402710e-02 1.797910779714584351e-02 1.270389184355735779e-02 8.836426772177219391e-03 2.385019324719905853e-02 2.145310305058956146e-02 2.114210836589336395e-02 2.328659035265445709e-02 4.318172112107276917e-02 3.698780015110969543e-02 4.484056681394577026e-02 4.570687189698219299e-02 1.523556374013423920e-02 1.676266267895698547e-02 1.686192117631435394e-02 1.508826110512018204e-02 2.224240824580192566e-02 8.596050553023815155e-03 7.591702975332736969e-03 1.476279459893703461e-03 5.006539076566696167e-02 1.029485557228326797e-02 3.777544572949409485e-02 2.193641103804111481e-02 1.571244560182094574e-02 1.799343153834342957e-04 3.097903914749622345e-03 8.643534965813159943e-03 5.003494210541248322e-03 4.862247966229915619e-03 4.803226143121719360e-02 2.295902930200099945e-02 5.443700123578310013e-03 9.520422318018972874e-04 3.872000612318515778e-03 1.300784759223461151e-02 2.755559608340263367e-02 1.113780122250318527e-02 9.609695523977279663e-03 1.196268014609813690e-03 4.979223012924194336e-03 8.312873542308807373e-03 5.128519609570503235e-03 1.135556958615779877e-02 8.922336273826658726e-04 1.957748644053936005e-02 6.643713451921939850e-03 9.641483426094055176e-03 4.146611783653497696e-03 2.596557606011629105e-03 1.095337420701980591e-02 1.798611506819725037e-02 1.858574710786342621e-02 1.680179685354232788e-02 5.813647061586380005e-03 2.518768422305583954e-02 5.415523191913962364e-04 2.643432654440402985e-02 2.217230945825576782e-02 1.396261900663375854e-02 1.151314191520214081e-02 7.880421355366706848e-03 1.353484950959682465e-02 4.724055994302034378e-03
1.332704164087772369e-02 1.903331652283668518e-02 2.273497870191931725e-03 6.807418167591094971e-02 8.576267361640930176e-01 1.520285662263631821e-02 1.344712451100349426e-02 7.319209631532430649e-03 9.331450797617435455e-03 1.220873929560184479e-02 1.247286424040794373e-02 1.946061104536056519e-02 7.205175701528787613e-03 1.155887916684150696e-02 1.109508052468299866e-02 2.056260593235492706e-02 1.693384908139705658e-02 2.288620360195636749e-02 2.720097079873085022e-02 9.959832765161991119e-03 2.146320184692740440e-03 1.127011980861425400e-02 9.355077520012855530e-03 9.297430515289306641e-03 9.932240471243858337e-03 1.291195768862962723e-02 1.223015319555997849e-02 6.387088447809219360e-03 9.430199861526489258e-03 9.187561459839344025e-03 1.643945090472698212e-02 6.085831671953201294e-03 2.534559369087219238e-02 5.550644826143980026e-03 3.327052667737007141e-02 7.562391692772507668e-04 6.747376755811274052e-04 1.055020280182361603e-02 4.132266342639923096e-02 4.539734497666358948e-02 1.986840943573042750e-04 3.884444478899240494e-03 9.806839516386389732e-04 5.822112783789634705e-03 1.685096509754657745e-02 3.507256624288856983e-04 1.422370038926601410e-02 1.096781250089406967e-02 3.833261318504810333e-03 2.864642627537250519e-02 2.051579579710960388e-02 1.817923597991466522e-02 1.376999542117118835e-02 1.647017337381839752e-02 5.866472609341144562e-03 9.541861712932586670e-03 1.811162754893302917e-02 2.406354062259197235e-02 1.225005369633436203e-02 1.826665736734867096e-02 3.296959027647972107e-02 3.472288697957992554e-02 4.079963639378547668e-02 3.961612284183502197e-02 1.265314221382141113e-02 1.900959201157093048e-02 1.017714198678731918e-02 4.397330339998006821e-03 2.398044243454933167e-02 2.633318537846207619e-03 1.551263686269521713e-02 8.150335401296615601e-03 4.725293815135955811e-02 1.746501773595809937e-02 4.337213560938835144e-02 2.415645308792591095e-02 1.847843453288078308e-02 1.360472291707992554e-02 6.219387054443359375e-03 6.672602146863937378e-03 9.206625982187688351e-04 1.024569966830313206e-03 3.749269247055053711e-02 3.477090224623680115e-02 6.380526348948478699e-03 2.865393180400133133e-03 8.477097377181053162e-03 1.409640349447727203e-02 2.278591692447662354e-02 1.507517881691455841e-02 1.076437626034021378e-02 2.333991462364792824e-03 2.456679940223693848e-03 1.153422053903341293e-02 1.692163059487938881e-03 1.571216434240341187e-02 8.268383331596851349e-03 2.273792959749698639e-02 7.354517932981252670e-03 5.007125902920961380e-03 5.787973757833242416e-03 1.059764181263744831e-03 1.421367563307285309e-02 2.117170020937919617e-02 1.534771081060171127e-02 1.309447363018989563e-02 6.776463240385055542e-03 2.961966581642627716e-02 6.556406151503324509e-03 2.486280724406242371e-02 2.250520884990692139e-02 1.513355690985918045e-02 7.017908152192831039e-03 1.311672735027968884e-03 1.702306233346462250e-02 2.391429850831627846e-03
4.918926209211349487e-02 6.110317632555961609e-02 2.433717250823974609e-03 2.345616463571786880e-03 1.520285662263631821e-02 8.576267361640930176e-01 7.350085675716400146e-02 1.033036969602108002e-02 1.308912993408739567e-03 4.726759623736143112e-03 4.945876449346542358e-02 1.774695515632629395e-02 5.612010136246681213e-02 2.874196693301200867e-02 2.953093685209751129e-02 1.382428314536809921e-02 2.306649461388587952e-02 8.596047759056091309e-03 4.839248023927211761e-03 4.227302968502044678e-03 1.030070707201957703e-02 2.873647585511207581e-02 1.711929030716419220e-02 2.244176529347896576e-02 1.550164166837930679e-02 1.639689691364765167e-02 1.434493809938430786e-02 4.212372470647096634e-03 2.590014785528182983e-02 1.050894334912300110e-02 2.565737999975681305e-02 4.505157005041837692e-03 2.860428532585501671e-03 2.316530328243970871e-03 1.137497252784669399e-03 3.370697610080242157e-03 6.691655144095420837e-03 1.201853808015584946e-02 1.805208250880241394e-02 2.523619867861270905e-02 4.757616203278303146e-03 4.380146041512489319e-03 1.254789903759956360e-02 4.636129830032587051e-03 2.760731149464845657e-03 4.453646019101142883e-03 6.362877041101455688e-02 5.611694604158401489e-02 1.285118609666824341e-02 2.137335389852523804e-02 1.686642691493034363e-02 1.345777511596679688e-02 9.030089713633060455e-03 6.856261286884546280e-03 3.741585416719317436e-03 7.690537720918655396e-03 1.204437669366598129e-02 1.516601163893938065e-02 9.305210784077644348e-03 7.945107296109199524e-03 5.684051197022199631e-03 7.971312850713729858e-03 1.403124071657657623e-03 3.536941716447472572e-03 1.562981307506561279e-02 2.079127728939056396e-02 1.377210393548011780e-02 5.878446623682975769e-03 6.450896151363849640e-03 9.793464094400405884e-03 4.131788387894630432e-03 1.270498894155025482e-02 1.768123544752597809e-02 1.490037608891725540e-02 3.438045829534530640e-02 9.487220086157321930e-03 2.666047774255275726e-03 2.488980302587151527e-03 2.090083062648773193e-02 2.519311616197228432e-03 1.303661335259675980e-02 1.693058386445045471e-02 1.330060977488756180e-02 1.404213905334472656e-02 2.046766458079218864e-03 9.168413467705249786e-03 2.581525966525077820e-02 2.104694023728370667e-02 2.463257173076272011e-03 3.769070841372013092e-03 3.220712393522262573e-02 1.578026264905929565e-02 3.810084238648414612e-02 1.605904661118984222e-02 1.498673390597105026e-02 1.654502470046281815e-03 1.110660750418901443e-02 1.251831185072660446e-02 2.443654928356409073e-03 9.571465663611888885e-03 1.562759745866060257e-03 1.712103933095932007e-02 1.985914073884487152e-02 2.062521688640117645e-02 4.335562232881784439e-03 4.723940510302782059e-03 6.894569960422813892e-04 6.426313892006874084e-03 2.476809779182076454e-03 9.111093095270916820e-05 9.513889439404010773e-03 9.169166907668113708e-03 3.123675007373094559e-03 5.366202443838119507e-03 1.812887191772460938e-02 4.397319164127111435e-03
4.758832603693008423e-02 6.323793530464172363e-02 8.779536001384258270e-03 5.023300647735595703e-03 1.344712451100349426e-02 7.350085675716400146e-02 8.576267361640930176e-01 1.167188305407762527e-02 4.819165042135864496e-04 4.267495591193437576e-03 4.931650310754776001e-02 7.116112858057022095e-03 5.791377648711204529e-02 1.789773069322109222e-02 2.834279648959636688e-02 2.264222130179405212e-03 1.291583105921745300e-02 9.389904327690601349e-03 6.297687068581581116e-03 1.753836986608803272e-03 8.524048142135143280e-03 2.963789552450180054e-02 7.134457118809223175e-03 1.585688628256320953e-02 9.195929393172264099e-03 1.226890645921230316e-02 1.918197795748710632e-02 8.317783474922180176e-03 2.769810147583484650e-02 2.180509269237518311e-03 2.375159598886966705e-02 2.163283294066786766e-03 3.384019248187541962e-03 8.690427057445049286e-04 2.674178103916347027e-04 6.748863961547613144e-03 7.835673168301582336e-03 1.987327821552753448e-02 1.699579134583473206e-02 2.538003958761692047e-02 9.128797799348831177e-03 1.825352432206273079e-03 1.473317574709653854e-02 4.481994546949863434e-03 6.302943453192710876e-03 1.760863512754440308e-02 6.452998518943786621e-02 6.313959509134292603e-02 4.814005922526121140e-03 1.027825102210044861e-02 1.376406103372573853e-02 7.091222796589136124e-03 3.497783560305833817e-03 7.345173042267560959e-03 3.728977026185020804e-05 8.440588600933551788e-03 9.185684844851493835e-03 1.054064929485321045e-02 4.840374458581209183e-03 1.055252365767955780e-02 5.758961196988821030e-03 1.169340312480926514e-02 5.226505454629659653e-03 2.157055307179689407e-03 1.661069691181182861e-02 2.393573336303234100e-02 1.272690948098897934e-02 7.147477008402347565e-03 1.938370056450366974e-03 1.232387032359838486e-02 3.037575399503111839e-03 1.572958566248416901e-02 1.437520422041416168e-02 1.867544278502464294e-02 2.819278649985790253e-02 1.722348481416702271e-02 6.180910277180373669e-04 6.016963161528110504e-04 2.075348980724811554e-02 3.327489597722887993e-03 1.276587694883346558e-02 2.162924967706203461e-02 1.002901047468185425e-02 1.453301683068275452e-02 2.148733008652925491e-03 1.183437928557395935e-02 2.057063020765781403e-02 2.398324199020862579e-02 5.617293994873762131e-03 3.907101694494485855e-03 3.387014195322990417e-02 1.852715760469436646e-02 4.307840019464492798e-02 1.857883669435977936e-02 1.728948950767517090e-02 7.051029708236455917e-03 1.615679822862148285e-02 1.959086582064628601e-02 1.438256120309233665e-03 8.918515406548976898e-03 2.488937694579362869e-03 2.043574117124080658e-02 1.990613155066967010e-02 2.398533932864665985e-02 6.708929315209388733e-03 6.472253706306219101e-03 4.781227093189954758e-03 5.763757508248090744e-03 6.243204232305288315e-03 3.415858373045921326e-03 1.111801061779260635e-02 1.209489535540342331e-02 2.984168706461787224e-03 3.312440458103083074e-05 1.799264363944530487e-02 9.773706085979938507e-03
2.227183617651462555e-02 1.398221123963594437e-02 3.590572997927665710e-02 9.353557601571083069e-03 7.319209631532430649e-03 1.033036969602108002e-02 1.167188305407762527e-02 8.576267361640930176e-01 1.457073353230953217e-02 1.714830286800861359e-02 1.880440488457679749e-02 4.975019954144954681e-03 1.785750314593315125e-02 3.742848522961139679e-03 3.145290538668632507e-02 1.886331662535667419e-02 2.203045226633548737e-02 1.544452644884586334e-02 1.574605330824851990e-02 2.620127797126770020e-02 3.128825500607490540e-02 2.499644458293914795e-02 1.263710204511880875e-02 2.074729651212692261e-02 2.606410719454288483e-02 2.627307549118995667e-02 2.104388549923896790e-02 2.220194553956389427e-03 2.361099049448966980e-02 1.130234566517174244e-03 2.612405456602573395e-02 3.031650744378566742e-02 2.519452013075351715e-02 3.193228691816329956e-02 2.215308137238025665e-02 3.348667919635772705e-02 3.126069530844688416e-02 2.655820548534393311e-02 2.364184334874153137e-02 1.795680262148380280e-02 2.806337922811508179e-02 1.355693116784095764e-02 1.456760521978139877e-02 9.994691237807273865e-03 8.442921563982963562e-03 1.702003297396004200e-03 1.201616600155830383e-02 1.469345390796661377e-02 1.815555617213249207e-02 1.188943535089492798e-02 2.421456761658191681e-02 1.554370764642953873e-02 2.635602653026580811e-02 2.590432390570640564e-02 2.430232428014278412e-02 2.635602466762065887e-02 1.833192072808742523e-02 1.868195831775665283e-02 2.107700891792774200e-02 2.722143195569515228e-02 1.736277341842651367e-02 2.020792476832866669e-02 6.147976033389568329e-03 1.781397871673107147e-02 2.529683336615562439e-02 2.449978329241275787e-02 2.584202773869037628e-02 2.806483022868633270e-02 1.536072324961423874e-02 5.390133243054151535e-03 9.616757743060588837e-03 1.623199880123138428e-02 1.324870064854621887e-02 6.967667955905199051e-03 1.586805842816829681e-02 1.812153868377208710e-02 1.751301810145378113e-02 1.447732746601104736e-02 8.061741391429677606e-05 5.064513999968767166e-03 3.494412451982498169e-02 3.195404261350631714e-02 1.086844876408576965e-02 9.618307463824748993e-03 2.245420590043067932e-02 2.665423415601253510e-02 3.025739639997482300e-02 2.771747298538684845e-02 8.255790919065475464e-03 4.827549681067466736e-03 2.025346085429191589e-02 2.129316888749599457e-02 1.921867392957210541e-02 2.173326350748538971e-02 2.562247030436992645e-02 2.909745275974273682e-02 7.116748485714197159e-03 1.567704044282436371e-02 1.868273131549358368e-02 2.551002055406570435e-02 2.976009622216224670e-02 3.325970098376274109e-02 1.706451363861560822e-02 1.708588749170303345e-02 2.723889797925949097e-02 2.873363718390464783e-02 3.161045908927917480e-02 1.721315830945968628e-02 3.304001688957214355e-02 1.962652243673801422e-02 1.931950263679027557e-02 2.022206038236618042e-02 2.081221900880336761e-02 1.646409183740615845e-02 4.680336918681859970e-03 1.561019010841846466e-02
1.083650719374418259e-02 2.172688487917184830e-03 3.225309774279594421e-02 1.205652114003896713e-02 9.331450797617435455e-03 1.308912993408739567e-03 4.819165042135864496e-04 1.457073353230953217e-02 8.576267361640930176e-01 5.276021361351013184e-02 4.180955700576305389e-03 1.056186761707067490e-02 8.738296455703675747e-04 1.478924066759645939e-03 1.042425818741321564e-02 1.419922802597284317e-02 1.761873438954353333e-02 2.974412031471729279e-02 3.055819123983383179e-02 7.611313834786415100e-03 1.063312310725450516e-02 1.567694544792175293e-02 1.718557626008987427e-02 1.085897348821163177e-02 8.548433892428874969e-03 1.617934182286262512e-02 7.234035059809684753e-03 8.350807242095470428e-03 1.510757394134998322e-02 1.666399766691029072e-03 1.589801162481307983e-02 3.068437799811363220e-03 5.907137878239154816e-03 5.609530024230480194e-03 5.134632345288991928e-03 8.242895826697349548e-03 1.767724170349538326e-03 8.125436492264270782e-03 1.478250045329332352e-02 9.223784436471760273e-04 2.571277320384979248e-02 4.021221026778221130e-02 1.208165660500526428e-02 2.563169226050376892e-02 3.543562022969126701e-03 1.917127147316932678e-02 4.315176047384738922e-03 1.110152807086706161e-02 2.740562334656715393e-02 8.526805322617292404e-04 1.629124209284782410e-02 2.305704914033412933e-02 2.608734183013439178e-03 2.408528467640280724e-03 4.532107338309288025e-02 1.078979112207889557e-02 1.902491413056850433e-02 2.043741568922996521e-02 1.992635428905487061e-03 1.428927062079310417e-03 7.433936931192874908e-03 9.543945081532001495e-03 1.180120091885328293e-02 3.849975531920790672e-03 1.598743489012122154e-03 1.304296590387821198e-02 3.214098513126373291e-03 1.973465987248346210e-05 4.036942124366760254e-02 4.405532497912645340e-03 3.911931067705154419e-02 2.148530632257461548e-02 4.338316153734922409e-03 9.696808410808444023e-04 3.377383400220423937e-04 1.650917530059814453e-02 5.768141523003578186e-02 4.106829687952995300e-02 4.638789594173431396e-02 1.846404001116752625e-02 1.421598717570304871e-02 1.531395222991704941e-02 2.295681834220886230e-02 7.167378906160593033e-03 3.666283935308456421e-02 1.893986761569976807e-02 1.277556829154491425e-02 6.200457923114299774e-03 2.208455838263034821e-02 1.761778444051742554e-02 6.019585300236940384e-03 8.924787398427724838e-04 1.485695596784353256e-02 1.826175488531589508e-02 3.292422369122505188e-02 4.355597775429487228e-03 5.195320583879947662e-03 1.748717390000820160e-02 2.918682247400283813e-02 1.653923653066158295e-03 7.278721779584884644e-03 9.432117454707622528e-03 4.069844260811805725e-03 1.080632116645574570e-02 1.136878784745931625e-02 2.919517457485198975e-03 2.810250408947467804e-02 2.699336782097816467e-02 1.508822385221719742e-02 7.568088360130786896e-03 3.825535299256443977e-03 7.850811816751956940e-03 1.231408864259719849e-02 8.084519766271114349e-03 2.430448122322559357e-02 1.630828343331813812e-02
4.770231898874044418e-03 1.179208885878324509e-02 3.647666797041893005e-02 2.186705358326435089e-02 1.220873929560184479e-02 4.726759623736143112e-03 4.267495591193437576e-03 1.714830286800861359e-02 5.276021361351013184e-02 8.576267361640930176e-01 7.930939085781574249e-03 2.474551275372505188e-02 1.227091182954609394e-03 3.523507341742515564e-02 8.286142721772193909e-03 1.735755801200866699e-02 3.974055498838424683e-02 1.110980752855539322e-02 5.086559802293777466e-02 7.570322137326002121e-03 4.448514431715011597e-03 3.746121074073016644e-04 1.498412061482667923e-02 1.721388101577758789e-02 6.020320142852142453e-05 1.051788963377475739e-02 1.356388209387660027e-03 1.664141425862908363e-03 1.756657846271991730e-02 2.251482568681240082e-02 1.492975465953350067e-02 8.733547292649745941e-03 1.651283128012437373e-05 8.365849032998085022e-03 6.315545644611120224e-03 1.298740040510892868e-02 9.678257629275321960e-03 4.630485549569129944e-03 7.222150452435016632e-03 6.191798485815525055e-03 7.166693452745676041e-03 1.759053021669387817e-02 8.370226249098777771e-03 1.982842572033405304e-02 5.338750197552144527e-04 8.720272220671176910e-03 8.067578077316284180e-03 1.558346021920442581e-02 5.552364513278007507e-03 2.166078612208366394e-02 2.803056268021464348e-03 2.068623900413513184e-03 1.099019218236207962e-02 4.432713612914085388e-03 1.108240336179733276e-02 3.563283756375312805e-02 4.509283229708671570e-03 1.695692539215087891e-02 5.797403398901224136e-03 8.509601466357707977e-04 1.829308457672595978e-02 1.352734491229057312e-02 2.253645285964012146e-02 1.093028672039508820e-02 4.486302845180034637e-03 1.005841419100761414e-02 8.248348720371723175e-03 1.110240630805492401e-02 2.809623256325721741e-02 2.415968803688883781e-03 4.764461517333984375e-02 6.011511664837598801e-03 1.015584822744131088e-02 7.683206349611282349e-03 5.328586790710687637e-03 3.459054976701736450e-03 3.347445279359817505e-02 6.489584594964981079e-02 3.008354455232620239e-02 5.556917190551757812e-02 2.513992041349411011e-02 1.819402724504470825e-02 1.935539999976754189e-03 3.405805677175521851e-02 1.286316942423582077e-02 2.522626332938671112e-02 1.332325581461191177e-02 5.850242450833320618e-04 3.237690543755888939e-03 3.304582834243774414e-02 1.110697910189628601e-02 3.909653052687644958e-03 2.976506017148494720e-02 3.479596925899386406e-03 3.199040889739990234e-02 8.151356130838394165e-03 1.850816793739795685e-02 7.286425214260816574e-03 2.016796730458736420e-02 6.496170535683631897e-03 2.164509380236268044e-03 8.182771503925323486e-03 7.131664315238595009e-04 3.453061915934085846e-03 9.293396724388003349e-04 4.166676371823996305e-04 3.374268487095832825e-02 1.938966661691665649e-02 1.542357821017503738e-02 9.335925802588462830e-03 7.074837572872638702e-03 1.091238344088196754e-03 1.035866094753146172e-03 1.639761216938495636e-02 2.675866708159446716e-02 1.198817044496536255e-02
4.332510009407997131e-02 4.716139659285545349e-02 5.432854872196912766e-03 8.524769917130470276e-03 1.247286424040794373e-02 4.945876449346542358e-02 4.931650310754776001e-02 1.880440488457679749e-02 4.180955700576305389e-03 7.930939085781574249e-03 8.576267361640930176e-01 6.043690518708899617e-05 4.670758917927742004e-02 4.911493510007858276e-03 3.063809499144554138e-02 6.442463491111993790e-03 1.341740414500236511e-02 1.793859526515007019e-02 7.597915362566709518e-03 1.364079304039478302e-02 2.005437575280666351e-02 3.821870312094688416e-02 2.327651949599385262e-03 1.714478433132171631e-02 1.470430195331573486e-02 1.474336255341768265e-02 3.010399267077445984e-02 1.676825806498527527e-02 3.682549670338630676e-02 1.477363985031843185e-02 2.747180685400962830e-02 1.451830100268125534e-02 5.836134776473045349e-03 1.639089360833168030e-02 7.101701572537422180e-03 1.074492558836936951e-02 2.009822241961956024e-02 2.711949124932289124e-02 2.202162519097328186e-02 1.905116811394691467e-02 1.147820241749286652e-02 5.568647757172584534e-03 1.210708729922771454e-02 1.426311489194631577e-02 9.323164820671081543e-03 1.218139566481113434e-02 5.151908844709396362e-02 4.114472121000289917e-02 6.340694380924105644e-04 1.690861427050549537e-05 1.813415251672267914e-02 9.308086708188056946e-03 1.144527643918991089e-02 1.427749730646610260e-02 5.099431611597537994e-03 1.553169079124927521e-02 1.004548184573650360e-02 1.154956687241792679e-02 1.522376481443643570e-02 1.834684237837791443e-02 1.234067603945732117e-02 1.533244643360376358e-02 3.625531680881977081e-03 4.226387012749910355e-03 2.942330203950405121e-02 2.795312367379665375e-02 2.448256872594356537e-02 2.077402919530868530e-02 6.574780214577913284e-03 2.277210541069507599e-02 1.107389852404594421e-02 1.937982998788356781e-02 1.499917730689048767e-02 2.141087688505649567e-02 2.656665444374084473e-02 1.963736675679683685e-02 8.431414025835692883e-04 6.778366398066282272e-03 2.959318831562995911e-02 8.660430088639259338e-03 1.509550772607326508e-02 2.098549157381057739e-02 1.260917284525930882e-03 1.999444514513015747e-02 5.686065647751092911e-03 1.362229604274034500e-02 2.660151943564414978e-02 2.835826016962528229e-02 5.806590896099805832e-03 7.194499019533395767e-03 3.795212879776954651e-02 3.116776235401630402e-02 3.012662008404731750e-02 2.561235427856445312e-02 9.180891327559947968e-03 8.146723732352256775e-03 1.835664361715316772e-02 2.037634886801242828e-02 2.450021682307124138e-03 1.765363849699497223e-02 1.473844051361083984e-02 2.722511440515518188e-02 2.869170345366001129e-02 2.728024497628211975e-02 1.360534783452749252e-02 1.569585315883159637e-02 4.246688913553953171e-03 3.911615349352359772e-03 1.263825874775648117e-02 1.271839439868927002e-02 2.417062222957611084e-02 1.651570387184619904e-02 3.549659391865134239e-03 1.648637349717319012e-03 1.976545155048370361e-02 1.207716949284076691e-02
7.163899135775864124e-04 9.199536405503749847e-03 9.724086150527000427e-03 1.295412704348564148e-02 1.946061104536056519e-02 1.774695515632629395e-02 7.116112858057022095e-03 4.975019954144954681e-03 1.056186761707067490e-02 2.474551275372505188e-02 6.043690518708899617e-05 8.576267361640930176e-01 8.701290003955364227e-03 7.225145399570465088e-02 1.287127844989299774e-02 7.442489266395568848e-03 1.611142791807651520e-02 1.728507131338119507e-02 1.207458507269620895e-02 4.699624609202146530e-03 5.243915598839521408e-03 7.651217281818389893e-03 3.800401836633682251e-02 2.960079908370971680e-02 3.006246872246265411e-03 6.842538132332265377e-04 5.991123151034116745e-03 5.233291536569595337e-02 1.138316653668880463e-02 5.535539239645004272e-02 5.371934734284877777e-03 8.223230950534343719e-03 9.127059020102024078e-03 1.684492081403732300e-02 2.880061510950326920e-03 7.137131877243518829e-03 6.762011907994747162e-03 5.092496983706951141e-03 1.798943057656288147e-02 1.878458447754383087e-02 2.543024020269513130e-03 9.623004123568534851e-03 9.112671017646789551e-03 8.239814080297946930e-03 3.236212953925132751e-02 1.440141256898641586e-02 2.830978250131011009e-03 8.030338212847709656e-03 2.062631957232952118e-02 4.349848628044128418e-02 3.672855347394943237e-02 4.586042836308479309e-02 2.708535455167293549e-02 6.493244436569511890e-04 1.919328607618808746e-02 2.094054594635963440e-02 1.178675983101129532e-02 1.512849051505327225e-02 1.784612610936164856e-02 2.864072564989328384e-03 1.075260061770677567e-02 1.113974861800670624e-02 2.777060121297836304e-02 9.793576784431934357e-03 1.926363259553909302e-02 2.058665268123149872e-03 2.113178925355896354e-04 1.282026711851358414e-02 1.604819297790527344e-02 2.368091233074665070e-02 2.380592375993728638e-02 1.098794955760240555e-02 1.053961645811796188e-02 2.984037064015865326e-02 1.651738584041595459e-02 9.646271355450153351e-03 2.309624105691909790e-02 3.266346454620361328e-02 2.966351620852947235e-02 5.339121073484420776e-02 2.078005485236644745e-02 3.428017487749457359e-03 5.588807165622711182e-03 1.511151157319545746e-02 1.519754587206989527e-04 1.266167149879038334e-03 2.091566286981105804e-02 2.072482602670788765e-03 3.572774305939674377e-02 4.217588901519775391e-02 1.045974623411893845e-02 1.417753379791975021e-02 4.290813580155372620e-03 5.809434689581394196e-03 6.781267002224922180e-04 2.918273909017443657e-03 2.586666867136955261e-02 5.441482178866863251e-03 9.971318766474723816e-03 8.606445044279098511e-03 7.538770791143178940e-03 9.659868665039539337e-03 1.898236200213432312e-02 3.037844784557819366e-03 4.230846650898456573e-03 4.157694522291421890e-03 6.770770065486431122e-03 3.327973186969757080e-02 1.487943809479475021e-02 4.642966203391551971e-03 2.008217386901378632e-02 9.834255324676632881e-04 1.839251630008220673e-02 2.533645601943135262e-03 2.682690508663654327e-02 9.041113778948783875e-03
4.922484979033470154e-02 6.020414829254150391e-02 1.087715197354555130e-02 6.862793234176933765e-04 7.205175701528787613e-03 5.612010136246681213e-02 5.791377648711204529e-02 1.785750314593315125e-02 8.738296455703675747e-04 1.227091182954609394e-03 4.670758917927742004e-02 8.701290003955364227e-03 8.576267361640930176e-01 2.821721136569976807e-03 3.615664318203926086e-02 6.406558677554130554e-03 1.119664683938026428e-02 1.418209262192249298e-02 3.614970715716481209e-03 1.367734186351299286e-02 1.939706876873970032e-02 3.007132932543754578e-02 2.910324139520525932e-03 5.728921387344598770e-03 1.934132166206836700e-02 2.212253212928771973e-02 1.919156685471534729e-02 1.228057965636253357e-02 2.685302868485450745e-02 1.628330443054437637e-03 2.908064797520637512e-02 2.963923616334795952e-03 5.875208415091037750e-03 1.065883599221706390e-02 7.392146624624729156e-03 4.876240622252225876e-03 1.938221789896488190e-02 2.986316010355949402e-02 1.244820281863212585e-02 1.402352191507816315e-02 2.502219937741756439e-02 4.111495800316333771e-03 5.894236965104937553e-04 7.171773351728916168e-03 1.285922899842262268e-02 1.348632038570940495e-03 4.962967708706855774e-02 4.617931693792343140e-02 2.744195982813835144e-03 4.284197464585304260e-03 7.006378378719091415e-03 1.395310508087277412e-03 6.586085073649883270e-03 2.187911048531532288e-02 7.066502235829830170e-03 6.485485937446355820e-03 1.199120189994573593e-02 1.956329122185707092e-02 4.042474087327718735e-03 2.136265300214290619e-02 8.965510874986648560e-03 7.616159040480852127e-03 1.641206094063818455e-03 1.019910629838705063e-02 1.300388108938932419e-02 3.220057860016822815e-02 1.663830690085887909e-02 1.535780355334281921e-02 2.395628485828638077e-03 2.718361327424645424e-03 1.379280816763639450e-02 2.291243709623813629e-02 1.609746553003787994e-02 6.053402903489768505e-04 2.299213781952857971e-02 1.468120981007814407e-02 4.540932830423116684e-03 7.842967286705970764e-03 3.336517512798309326e-02 9.717204608023166656e-03 2.111690305173397064e-02 3.175562992691993713e-02 8.724255487322807312e-03 6.927854847162961960e-04 3.077586647123098373e-03 6.656700745224952698e-03 2.575994469225406647e-02 3.492060303688049316e-02 2.524513518437743187e-03 2.163398079574108124e-03 3.006955236196517944e-02 1.572026684880256653e-02 3.887491300702095032e-02 2.855036035180091858e-02 1.176718715578317642e-02 3.145155264064669609e-03 3.339585149660706520e-03 2.167552150785923004e-02 6.586402188986539841e-03 4.011833108961582184e-03 1.431345357559621334e-03 2.115323580801486969e-02 1.548849605023860931e-02 3.038730099797248840e-02 6.402892060577869415e-03 1.654559001326560974e-02 4.016027669422328472e-04 2.162685152143239975e-03 1.224479451775550842e-02 1.123414747416973114e-02 1.421061065047979355e-02 2.516667544841766357e-02 1.091234572231769562e-02 1.122707780450582504e-02 1.871037669479846954e-02 2.054285258054733276e-02
