8.613976836204528809e-01 5.989513918757438660e-02 4.910258110612630844e-03 1.401653513312339783e-02 9.192692115902900696e-03 5.391130223870277405e-02 4.340640828013420105e-02 8.246897719800472260e-03 3.124055080115795135e-02 7.789389695972204208e-03 3.916511684656143188e-02 1.700250431895256042e-02 3.610027208924293518e-02 2.287110686302185059e-02 2.585300616919994354e-02 3.152997419238090515e-02 3.071504086256027222e-02 1.371881552040576935e-02 2.499252324923872948e-03 1.743568852543830872e-02 1.798947155475616455e-02 2.135139144957065582e-02 2.608181908726692200e-02 2.474127523601055145e-02 2.002818509936332703e-02 2.574224025011062622e-02 1.795146241784095764e-02 3.612837195396423340e-02 2.179454453289508820e-02 3.499661386013031006e-02 1.923570036888122559e-02 1.142227090895175934e-02 1.810478791594505310e-02 1.458484213799238205e-02 1.728572323918342590e-02 2.072984352707862854e-02 1.637082919478416443e-02 1.038449071347713470e-02 2.043576911091804504e-02 2.052513882517814636e-02 1.355840079486370087e-02 7.916208356618881226e-03 5.564211867749691010e-03 7.867448031902313232e-03 1.553900074213743210e-02 2.814003638923168182e-02 4.347706213593482971e-02 1.798964664340019226e-02 2.630552090704441071e-02 1.257216092199087143e-02 5.166565533727407455e-03 1.221695682033896446e-03 1.522247679531574249e-02 1.228784304112195969e-02 2.841489948332309723e-02 1.459294743835926056e-02 3.153961524367332458e-02 2.440569549798965454e-02 7.958928123116493225e-03 5.374319851398468018e-03 2.027786709368228912e-02 1.477050688117742538e-02 1.146537903696298599e-02 1.332436501979827881e-02 1.131798233836889267e-02 1.203584391623735428e-02 1.346023287624120712e-02 1.218158565461635590e-02 3.405449166893959045e-02 5.650205421261489391e-04 2.900714799761772156e-02 8.459824137389659882e-03 1.215547695755958557e-02 9.676066227257251740e-03 8.479921147227287292e-03 2.207263140007853508e-03 3.409745544195175171e-02 9.055802598595619202e-03 6.882345303893089294e-03 7.819178514182567596e-03 3.003477351740002632e-03 3.418476553633809090e-03 1.144543103873729706e-02 4.341191612184047699e-03 9.914898313581943512e-03 1.168620213866233826e-02 9.132724255323410034e-03 6.979099474847316742e-03 1.100575551390647888e-02 6.254088948480784893e-04 4.227660223841667175e-02 1.317141856998205185e-02 2.241781353950500488e-02 1.041006296873092651e-02 2.086349204182624817e-02 1.317919883877038956e-02 1.974217593669891357e-03 3.481838386505842209e-03 9.707159362733364105e-03 4.872912075370550156e-03 5.665116012096405029e-03 2.854820108041167259e-03 1.152696739882230759e-02 8.441437035799026489e-03 7.820812985301017761e-03 6.229388527572154999e-03 2.232708502560853958e-03 1.651237159967422485e-02 5.238821264356374741e-03 1.795150572434067726e-03 9.881739504635334015e-03 5.737972911447286606e-03 8.398137986660003662e-03 2.093875082209706306e-03 7.974649779498577118e-03 7.785534951835870743e-03
5.989513918757438660e-02 8.613976836204528809e-01 4.378641489893198013e-03 1.492608338594436646e-02 1.170776411890983582e-02 5.165024101734161377e-02 4.790953546762466431e-02 1.015409175306558609e-02 3.565431386232376099e-02 1.090987212955951691e-02 3.273635357618331909e-02 1.942176185548305511e-02 3.920862451195716858e-02 2.437056787312030792e-02 2.549217641353607178e-02 2.885961532592773438e-02 2.812993712723255157e-02 1.018154714256525040e-02 8.708828128874301910e-03 1.256299857050180435e-02 1.455661002546548843e-02 2.354113757610321045e-02 2.405927330255508423e-02 2.271054685115814209e-02 1.772720366716384888e-02 2.451339736580848694e-02 1.759100332856178284e-02 3.662268444895744324e-02 1.873842068016529083e-02 3.542940691113471985e-02 2.539142221212387085e-02 5.721907597035169601e-03 1.503395196050405502e-02 9.019682183861732483e-03 1.597230322659015656e-02 1.891450956463813782e-02 1.535244658589363098e-02 5.701351445168256760e-03 1.731045730412006378e-02 1.592274755239486694e-02 9.867396205663681030e-03 1.866011298261582851e-03 4.405240062624216080e-03 1.088126376271247864e-02 6.396424025297164917e-03 1.902701519429683685e-02 4.774159938097000122e-02 2.846502885222434998e-02 2.291571348905563354e-02 1.198222488164901733e-02 4.441213677637279034e-04 1.033952552825212479e-02 1.544538512825965881e-02 1.411352772265672684e-02 2.592475339770317078e-02 1.449030078947544098e-02 3.338721022009849548e-02 2.987073175609111786e-02 8.495598100125789642e-03 1.048734411597251892e-02 1.542855054140090942e-02 7.079935632646083832e-03 8.760239928960800171e-03 9.273353032767772675e-03 1.247277390211820602e-02 1.620871387422084808e-02 9.207595139741897583e-03 9.898067452013492584e-03 3.542141988873481750e-02 2.343589439988136292e-03 3.145589306950569153e-02 1.652113348245620728e-02 7.675583474338054657e-03 2.217108942568302155e-02 3.860542783513665199e-03 4.525157855823636055e-04 3.259934857487678528e-02 8.137521333992481232e-03 5.065402016043663025e-03 4.764092620462179184e-03 4.713281523436307907e-03 8.411396294832229614e-03 6.457805633544921875e-03 6.491494365036487579e-03 4.878075327724218369e-03 1.183940935879945755e-02 9.773829020559787750e-03 1.086147222667932510e-02 1.109807658940553665e-02 5.527918692678213120e-03 5.197873711585998535e-02 1.544251199811697006e-02 4.031809419393539429e-02 1.443180907517671585e-02 2.099915035068988800e-02 1.189007703214883804e-02 2.418212359771132469e-03 1.294636516831815243e-03 7.974920794367790222e-03 7.418206427246332169e-03 3.404661314561963081e-03 1.844434591475874186e-04 6.370866671204566956e-03 7.489007432013750076e-03 6.603205110877752304e-03 4.949816036969423294e-03 1.052614170475862920e-04 1.636681333184242249e-02 9.005381725728511810e-03 8.084969595074653625e-04 4.060489591211080551e-03 3.651147708296775818e-03 6.591521203517913818e-03 4.893454024568200111e-04 1.795524382032454014e-03 1.305907312780618668e-02
4.910258110612630844e-03 4.378641489893198013e-03 8.613976836204528809e-01 8.370001800358295441e-03 7.370254490524530411e-03 4.098879639059305191e-03 3.943386953324079514e-03 4.368215054273605347e-02 8.140298537909984589e-03 1.899141119793057442e-03 7.072621374391019344e-04 1.189067028462886810e-02 7.544622290879487991e-03 1.644579507410526276e-02 8.513173088431358337e-03 1.305075176060199738e-02 1.416004635393619537e-02 4.782450385391712189e-03 6.793058943003416061e-03 2.397279813885688782e-02 1.812517270445823669e-02 1.057218760251998901e-02 1.989982835948467255e-02 1.548555679619312286e-02 2.032959088683128357e-02 1.856157369911670685e-02 4.949583206325769424e-03 2.007404342293739319e-02 8.303730748593807220e-03 2.432771399617195129e-02 1.219374826177954674e-03 2.134189754724502563e-02 6.868003867566585541e-03 1.823907904326915741e-02 1.041222829371690750e-02 1.635069213807582855e-02 1.571013219654560089e-02 8.951343595981597900e-03 1.230593211948871613e-02 5.412950180470943451e-03 1.429470162838697433e-02 7.234074175357818604e-03 6.951212417334318161e-03 3.095249086618423462e-02 1.052259188145399094e-02 4.838190507143735886e-03 3.116216044872999191e-03 1.450844109058380127e-02 1.513899490237236023e-02 1.724758557975292206e-02 2.708627469837665558e-02 2.614860422909259796e-02 2.097394317388534546e-02 1.949252374470233917e-02 1.415372733026742935e-02 1.690650731325149536e-02 1.655665040016174316e-02 1.669511757791042328e-02 2.852719835937023163e-02 1.917777583003044128e-02 8.393804542720317841e-03 5.588008090853691101e-03 1.225636247545480728e-02 1.090402994304895401e-02 1.148353423923254013e-02 9.103750810027122498e-03 2.383806928992271423e-02 1.932004652917385101e-02 1.930014230310916901e-02 3.104429459199309349e-03 2.038563787937164307e-02 1.037696562707424164e-02 1.841028779745101929e-02 2.520908042788505554e-02 1.561983674764633179e-02 3.479583654552698135e-03 7.068022154271602631e-03 5.815371405333280563e-03 1.391472294926643372e-03 7.747610099613666534e-03 5.504797026515007019e-02 4.707334190607070923e-02 9.319900535047054291e-03 4.919230472296476364e-03 1.929039135575294495e-02 1.928343810141086578e-02 2.815769240260124207e-02 2.331842295825481415e-02 1.567352004349231720e-02 1.468650065362453461e-02 3.124048467725515366e-03 1.223574019968509674e-02 6.822008173912763596e-03 1.426124759018421173e-02 1.837872900068759918e-02 1.695638149976730347e-02 6.396662909537553787e-03 8.961531333625316620e-03 2.027982659637928009e-02 2.382626198232173920e-02 2.471934072673320770e-02 1.812862232327461243e-02 2.594525460153818130e-03 5.078147631138563156e-03 1.204831711947917938e-02 1.280900835990905762e-02 2.494493685662746429e-02 7.001389283686876297e-03 1.569182798266410828e-02 2.280140062794089317e-03 5.764875095337629318e-03 5.342830903828144073e-03 1.670555584132671356e-02 7.042452343739569187e-04 1.150581985712051392e-02 1.300696097314357758e-02
1.401653513312339783e-02 1.492608338594436646e-02 8.370001800358295441e-03 8.613976836204528809e-01 5.808941274881362915e-02 2.953078830614686012e-03 6.401808932423591614e-03 7.017191499471664429e-03 2.342773601412773132e-02 5.200451239943504333e-03 1.012066286057233810e-02 1.045469101518392563e-02 1.322207599878311157e-02 3.212483716197311878e-04 8.901732973754405975e-03 1.987687125802040100e-02 1.791322417557239532e-02 3.727130219340324402e-02 3.598365932703018188e-02 1.018590200692415237e-02 1.180633250623941422e-02 8.515615947544574738e-03 1.863787882030010223e-02 1.281974278390407562e-02 1.705613359808921814e-02 1.607555150985717773e-02 2.028713375329971313e-02 1.972124353051185608e-02 1.395584456622600555e-02 1.663587801158428192e-02 6.919006351381540298e-03 1.085346098989248276e-02 2.573305740952491760e-02 1.601063273847103119e-02 2.602502331137657166e-02 1.422705966979265213e-02 1.295000128448009491e-02 2.271382696926593781e-02 3.730588778853416443e-02 2.765958756208419800e-02 2.128340490162372589e-02 2.867337781935930252e-03 8.769199252128601074e-03 1.471549924463033676e-02 7.878859527409076691e-03 1.435766369104385376e-02 1.970518380403518677e-03 1.169169507920742035e-02 8.477088063955307007e-03 6.923436187207698822e-03 1.335855759680271149e-02 1.155419182032346725e-02 1.683009974658489227e-02 5.420463625341653824e-03 1.802008040249347687e-02 1.401710230857133865e-02 2.570986561477184296e-02 6.507882848381996155e-03 1.902951672673225403e-02 4.204197321087121964e-03 3.568996489048004150e-02 2.890383079648017883e-02 3.313454240560531616e-02 2.927775867283344269e-02 1.250753458589315414e-02 2.904406981542706490e-03 1.050220243632793427e-02 1.125608850270509720e-02 2.463214099407196045e-02 1.458220370113849640e-02 2.568429522216320038e-02 1.776909455657005310e-02 5.098264291882514954e-02 1.222910452634096146e-02 4.298733919858932495e-02 7.140060886740684509e-03 3.013672679662704468e-02 1.988755725324153900e-02 1.251815352588891983e-02 8.479838143102824688e-04 1.300205476582050323e-02 5.821311380714178085e-03 4.146787896752357483e-02 3.923346847295761108e-02 1.122951507568359375e-02 1.315701566636562347e-02 6.097721867263317108e-03 3.116422798484563828e-03 3.165808692574501038e-02 7.054874207824468613e-03 8.513536304235458374e-03 1.204492151737213135e-02 5.482935812324285507e-03 1.306317374110221863e-02 1.936729066073894501e-02 1.299895159900188446e-02 1.471549924463033676e-02 2.711688401177525520e-03 1.005708333104848862e-02 1.435728091746568680e-02 8.979939855635166168e-03 8.067714050412178040e-03 2.524190209805965424e-02 2.299824357032775879e-02 9.761396795511245728e-03 9.686484001576900482e-03 5.389277357608079910e-03 2.192927710711956024e-02 2.501658163964748383e-03 3.239111509174108505e-03 2.677023038268089294e-02 2.390506491065025330e-02 4.414224997162818909e-03 1.237566582858562469e-03 1.446891576051712036e-02 1.333384588360786438e-02
9.192692115902900696e-03 1.170776411890983582e-02 7.370254490524530411e-03 5.808941274881362915e-02 8.613976836204528809e-01 7.213898003101348877e-03 1.229389198124408722e-02 5.957223474979400635e-03 3.048694133758544922e-02 1.794515550136566162e-02 1.014471612870693207e-02 8.770069107413291931e-04 1.147645339369773865e-02 3.495635697618126869e-03 3.045290708541870117e-03 1.948314532637596130e-02 1.968802511692047119e-02 4.681551083922386169e-02 4.420291632413864136e-02 6.769071798771619797e-03 5.911309737712144852e-03 7.377219386398792267e-03 5.529146641492843628e-03 5.802294705063104630e-03 1.311429310590028763e-02 1.337867416441440582e-02 1.958649419248104095e-02 4.273817408829927444e-03 1.254347898066043854e-02 3.725205082446336746e-03 1.760717108845710754e-02 1.132153533399105072e-02 2.769198082387447357e-02 1.557302009314298630e-02 2.866545692086219788e-02 7.716815918684005737e-03 8.363713510334491730e-03 2.116400934755802155e-02 3.330412134528160095e-02 3.213722631335258484e-02 1.717686280608177185e-02 1.154726603999733925e-03 5.637192167341709137e-03 1.076041348278522491e-02 6.610259413719177246e-03 8.233835920691490173e-03 3.403284790692850947e-05 1.173713989555835724e-02 9.974213317036628723e-03 1.325710862874984741e-02 1.481504272669553757e-02 1.492152456194162369e-02 7.720806170254945755e-03 1.411181990988552570e-03 2.079562284052371979e-02 2.310174517333507538e-02 1.997374929487705231e-02 1.232228241860866547e-02 1.411331538110971451e-02 3.686232957988977432e-04 3.481192514300346375e-02 3.174568340182304382e-02 2.888084016740322113e-02 3.674838691949844360e-02 9.200454689562320709e-03 5.386401433497667313e-03 7.827947847545146942e-03 7.550274021923542023e-03 1.866812445223331451e-02 1.558247953653335571e-02 2.651858702301979065e-02 1.710342243313789368e-02 4.400105774402618408e-02 1.754179783165454865e-02 4.242067784070968628e-02 1.160530466586351395e-02 3.323430195450782776e-02 3.281826898455619812e-02 8.186168037354946136e-03 9.604187216609716415e-04 1.065629534423351288e-02 5.051128100603818893e-03 4.763291776180267334e-02 5.177282541990280151e-02 7.767376955598592758e-03 8.760441094636917114e-03 2.124326070770621300e-03 1.296270755119621754e-03 1.003255601972341537e-02 6.780749652534723282e-03 8.581046015024185181e-03 1.086097769439220428e-02 9.155285079032182693e-04 1.315579190850257874e-02 1.568660140037536621e-02 1.079129334539175034e-02 1.750391721725463867e-02 1.098561659455299377e-02 4.806554876267910004e-03 1.141666062176227570e-02 7.257213816046714783e-03 5.161727312952280045e-03 2.132280357182025909e-02 1.804177463054656982e-02 8.138210512697696686e-03 7.445818278938531876e-03 3.855213290080428123e-03 1.924935914576053619e-02 1.717413892038166523e-03 7.652132306247949600e-03 1.896608620882034302e-02 1.579299755394458771e-02 2.828577533364295959e-03 1.418006955645978451e-03 7.925617508590221405e-03 1.769752614200115204e-02
5.391130223870277405e-02 5.165024101734161377e-02 4.098879639059305191e-03 2.953078830614686012e-03 7.213898003101348877e-03 8.613976836204528809e-01 7.621477544307708740e-02 9.236707701347768307e-04 1.360508427023887634e-02 9.179932996630668640e-03 3.815659880638122559e-02 3.176676109433174133e-02 3.903940692543983459e-02 3.649572655558586121e-02 2.433957532048225403e-02 3.105320222675800323e-02 2.925161644816398621e-02 2.453644061461091042e-03 9.638173505663871765e-03 1.125939842313528061e-02 1.635630428791046143e-02 2.076540514826774597e-02 3.585217148065567017e-02 2.988680638372898102e-02 1.253477297723293304e-02 1.584257744252681732e-02 1.519653014838695526e-02 3.699297830462455750e-02 1.617805846035480499e-02 3.091585636138916016e-02 2.688827924430370331e-03 1.273004151880741119e-02 1.012913417071104050e-02 1.136745419353246689e-02 1.034822780638933182e-02 2.210635691881179810e-02 1.569463498890399933e-02 1.266402285546064377e-02 8.260604925453662872e-03 1.314362976700067520e-02 1.324343215674161911e-02 4.950776230543851852e-03 7.827776484191417694e-03 1.873017288744449615e-03 2.807457698509097099e-03 1.207301951944828033e-02 7.065643370151519775e-02 5.049026012420654297e-02 1.873196475207805634e-02 4.125806153751909733e-04 2.907933853566646576e-02 9.806166402995586395e-03 1.044783089309930801e-02 8.064568974077701569e-03 1.942740008234977722e-02 2.217065310105681419e-03 2.076238393783569336e-02 5.093389190733432770e-03 4.274335806258022785e-04 1.158600207418203354e-03 1.635150425136089325e-02 7.129799574613571167e-03 4.558626096695661545e-03 1.764825196005403996e-03 1.512789260596036911e-02 1.303537189960479736e-02 9.467949159443378448e-03 1.259683538228273392e-02 2.715939283370971680e-02 1.162160304374992847e-03 1.915886066854000092e-02 3.651708131656050682e-03 7.389025762677192688e-03 1.642711227759718895e-03 4.463035613298416138e-03 7.866431027650833130e-03 1.821911893784999847e-02 5.725834984332323074e-03 2.502008806914091110e-03 8.512396365404129028e-03 5.097030196338891983e-03 3.784044878557324409e-03 4.807545337826013565e-03 9.025079198181629181e-03 7.586266379803419113e-03 5.425842013210058212e-03 1.261284761130809784e-02 1.182616036385297775e-02 2.446959912776947021e-02 4.035416990518569946e-03 4.192470759153366089e-02 1.051148306578397751e-02 2.731204964220523834e-02 1.144517026841640472e-02 1.608731225132942200e-02 9.804952889680862427e-03 9.872438386082649231e-03 2.102894941344857216e-04 1.777912140823900700e-03 5.937195383012294769e-03 8.492264896631240845e-03 8.942851796746253967e-03 1.888084039092063904e-02 1.592439599335193634e-02 2.076737291645258665e-04 2.824516035616397858e-03 2.425654791295528412e-03 3.010158194229006767e-03 3.270506393164396286e-03 1.932779140770435333e-02 1.670638844370841980e-02 1.491313986480236053e-02 8.386932313442230225e-03 5.719760432839393616e-03 8.958455175161361694e-03 1.182058919221162796e-02
4.340640828013420105e-02 4.790953546762466431e-02 3.943386953324079514e-03 6.401808932423591614e-03 1.229389198124408722e-02 7.621477544307708740e-02 8.613976836204528809e-01 1.251242705620825291e-03 6.706397514790296555e-03 3.432224621064960957e-04 3.469945862889289856e-02 3.305545821785926819e-02 3.654747083783149719e-02 4.739390313625335693e-02 1.897619850933551788e-02 2.465398795902729034e-02 2.610975876450538635e-02 3.255045448895543814e-04 1.032935734838247299e-02 8.718123659491539001e-03 9.386650286614894867e-03 2.075641974806785583e-02 2.682234346866607666e-02 2.778140082955360413e-02 6.733510643243789673e-03 7.710892707109451294e-03 1.471691858023405075e-02 2.414350770413875580e-02 1.974066533148288727e-02 2.344464138150215149e-02 3.187279915437102318e-03 9.421721100807189941e-03 1.231356058269739151e-03 5.703617818653583527e-03 5.252911942079663277e-04 1.658889092504978180e-02 1.462246850132942200e-02 7.853836752474308014e-03 2.216351451352238655e-03 4.271126352250576019e-03 6.682927254587411880e-03 5.785233806818723679e-03 5.816658027470111847e-03 4.329440649598836899e-03 2.208677120506763458e-02 1.316018495708703995e-02 8.153415471315383911e-02 8.132244646549224854e-02 1.348370965570211411e-02 1.394418999552726746e-03 3.056570142507553101e-02 6.029436364769935608e-03 5.875993520021438599e-03 5.981102585792541504e-03 1.239883713424205780e-02 2.979843178763985634e-03 1.107014808803796768e-02 9.417930617928504944e-03 5.576199386268854141e-03 3.085454460233449936e-03 5.339983385056257248e-03 2.910868788603693247e-04 4.337196238338947296e-03 2.144283382222056389e-03 1.813631691038608551e-02 1.503394264727830887e-02 5.414360202848911285e-03 6.953668314963579178e-03 1.704880595207214355e-02 2.664867322891950607e-03 1.641832850873470306e-02 4.561398644000291824e-03 5.495349876582622528e-03 4.017737228423357010e-03 5.855209310539066792e-04 1.327574625611305237e-02 9.303007274866104126e-03 7.411276455968618393e-04 1.345288287848234177e-02 5.095711909234523773e-03 3.134694648906588554e-03 4.236935172230005264e-03 1.288530766032636166e-03 4.913971759378910065e-03 5.699037108570337296e-03 4.688938148319721222e-03 1.297263894230127335e-02 1.436012610793113708e-02 1.769787073135375977e-02 1.140240952372550964e-02 5.116221681237220764e-02 1.233199145644903183e-02 5.082570761442184448e-02 1.147525850683450699e-02 1.010858919471502304e-02 5.349297076463699341e-03 6.261047907173633575e-03 3.817022778093814850e-03 7.460563909262418747e-03 1.286567747592926025e-02 6.951013114303350449e-03 8.230873383581638336e-03 1.179507747292518616e-02 1.220139022916555405e-02 3.387565491721034050e-03 4.472620319575071335e-03 3.836520714685320854e-03 2.635840792208909988e-03 1.380333444103598595e-03 1.012393459677696228e-02 9.808033704757690430e-03 1.141645573079586029e-02 8.515606634318828583e-03 8.207404986023902893e-03 8.843246847391128540e-03 1.664360798895359039e-02
8.246897719800472260e-03 1.015409175306558609e-02 4.368215054273605347e-02 7.017191499471664429e-03 5.957223474979400635e-03 9.236707701347768307e-04 1.251242705620825291e-03 8.613976836204528809e-01 1.635279040783643723e-03 9.786770679056644440e-04 9.418848901987075806e-03 7.508606184273958206e-03 1.733196713030338287e-02 1.251956541091203690e-02 2.867013588547706604e-02 1.910286024212837219e-02 1.897649839520454407e-02 6.282504647970199585e-03 4.762773867696523666e-03 2.788333036005496979e-02 2.683079056441783905e-02 2.368938177824020386e-02 2.028981782495975494e-02 2.137042209506034851e-02 2.603605389595031738e-02 2.382778376340866089e-02 1.577823609113693237e-02 1.565460301935672760e-02 3.048429032787680626e-03 2.434546500444412231e-02 8.154565468430519104e-03 2.434152364730834961e-02 1.842720434069633484e-02 2.317056432366371155e-02 1.803859509527683258e-02 2.324667014181613922e-02 2.334422990679740906e-02 1.705125160515308380e-02 2.108622714877128601e-02 1.514727808535099030e-02 1.924436725676059723e-02 1.617078110575675964e-02 2.049441635608673096e-02 2.104365453124046326e-02 1.691492833197116852e-02 1.302426587790250778e-02 4.633856471627950668e-03 1.189785730093717575e-02 1.607011444866657257e-02 2.004210092127323151e-02 2.243981324136257172e-02 2.146401070058345795e-02 2.601995319128036499e-02 2.652611210942268372e-02 1.537670847028493881e-02 1.951710321009159088e-02 1.714429818093776703e-02 2.164322324097156525e-02 2.842562831938266754e-02 2.477789483964443207e-02 8.952666074037551880e-03 1.197471935302019119e-02 1.206507813185453415e-02 1.142686698585748672e-02 1.653688400983810425e-02 1.830375753343105316e-02 2.797744236886501312e-02 2.704796567559242249e-02 1.707935146987438202e-02 8.155858144164085388e-03 1.954431831836700439e-02 1.470902748405933380e-02 1.658223569393157959e-02 8.792481385171413422e-03 1.809531450271606445e-02 1.335836388170719147e-02 3.623469034209847450e-03 6.182948593050241470e-03 4.104724153876304626e-03 1.131665892899036407e-02 4.267742857336997986e-02 4.383978992700576782e-02 8.626704104244709015e-03 6.908900104463100433e-03 2.374261990189552307e-02 2.448240295052528381e-02 3.449481725692749023e-02 3.495740145444869995e-02 7.662739953957498074e-04 9.849020279943943024e-03 6.703429855406284332e-03 2.196910791099071503e-02 8.131670765578746796e-03 1.927747204899787903e-02 2.313013933598995209e-02 2.296169660985469818e-02 7.120014168322086334e-03 1.148993987590074539e-02 2.404571510851383209e-02 2.638794481754302979e-02 2.723037451505661011e-02 2.363965101540088654e-02 1.121418550610542297e-02 1.313256286084651947e-02 2.066327258944511414e-02 2.247843518853187561e-02 2.611078880727291107e-02 1.521703321486711502e-02 2.178710699081420898e-02 1.106293033808469772e-02 8.327474817633628845e-03 9.700612165033817291e-03 2.487823180854320526e-02 1.539432071149349213e-02 1.304045878350734711e-02 1.999161392450332642e-02
3.124055080115795135e-02 3.565431386232376099e-02 8.140298537909984589e-03 2.342773601412773132e-02 3.048694133758544922e-02 1.360508427023887634e-02 6.706397514790296555e-03 1.635279040783643723e-03 8.613976836204528809e-01 5.086008459329605103e-02 1.289218384772539139e-02 2.144451066851615906e-02 1.227436773478984833e-02 5.502549465745687485e-03 4.121135920286178589e-03 2.246967330574989319e-02 2.002923563122749329e-02 2.842255495488643646e-02 2.008187584578990936e-02 6.424515973776578903e-03 6.563890725374221802e-03 6.872416473925113678e-03 1.537242531776428223e-02 4.111099522560834885e-03 5.458864383399486542e-03 1.000646594911813736e-02 4.301548469811677933e-03 2.321675978600978851e-02 5.246493965387344360e-03 1.511359028518199921e-02 2.245720475912094116e-02 5.198798608034849167e-03 1.470159087330102921e-02 2.327840920770540833e-04 1.463567744940519333e-02 3.929392551071941853e-04 3.435873426496982574e-03 6.415649317204952240e-03 1.105086598545312881e-02 1.187625806778669357e-02 3.064839402213692665e-03 7.856935262680053711e-03 1.224630395881831646e-03 1.681452430784702301e-02 6.017143838107585907e-03 1.381580997258424759e-02 1.090510748326778412e-02 2.580213826149702072e-03 2.236150950193405151e-02 9.051833301782608032e-03 2.672702260315418243e-02 1.868339441716670990e-02 6.334625650197267532e-03 1.703516812995076180e-03 3.518112003803253174e-02 1.448643673211336136e-02 3.390498459339141846e-02 1.761911809444427490e-02 1.031197514384984970e-02 8.882783353328704834e-03 2.608228847384452820e-02 6.366647314280271530e-03 7.673377171158790588e-03 9.896934032440185547e-03 1.692840713076293468e-03 5.548469256609678268e-03 5.493746139109134674e-03 8.880134671926498413e-03 4.447136446833610535e-02 9.447898715734481812e-03 3.614998981356620789e-02 5.897943396121263504e-03 2.522563934326171875e-02 2.318750135600566864e-02 1.710887812077999115e-02 5.717654712498188019e-03 7.332007586956024170e-02 4.647123068571090698e-02 3.471634164452552795e-02 1.112482789903879166e-02 8.542615920305252075e-03 2.498859306797385216e-03 3.083651885390281677e-02 2.620058879256248474e-02 6.532390601933002472e-03 3.139923559501767159e-03 4.653733223676681519e-03 1.019784715026617050e-02 3.528243303298950195e-02 6.007974501699209213e-03 3.104608133435249329e-02 1.765465945936739445e-03 2.765662781894207001e-02 5.874430760741233826e-03 5.133213475346565247e-03 6.678916513919830322e-03 1.410825829952955246e-02 7.792600896209478378e-03 8.592764846980571747e-03 1.293098740279674530e-02 5.472011398524045944e-03 9.593066759407520294e-03 6.917573511600494385e-03 6.677855271846055984e-03 6.329115480184555054e-03 1.636259141378104687e-03 6.918453145772218704e-04 1.347312610596418381e-02 6.736888550221920013e-03 8.230965468101203442e-04 2.324597677215933800e-03 1.703006681054830551e-03 6.983946077525615692e-03 8.030931465327739716e-03 5.960994400084018707e-03 4.919414059258997440e-04
7.789389695972204208e-03 1.090987212955951691e-02 1.899141119793057442e-03 5.200451239943504333e-03 1.794515550136566162e-02 9.179932996630668640e-03 3.432224621064960957e-04 9.786770679056644440e-04 5.086008459329605103e-02 8.613976836204528809e-01 1.366234477609395981e-02 1.586635224521160126e-02 8.870805613696575165e-03 7.762113586068153381e-03 2.803224138915538788e-03 2.845375565811991692e-03 1.646008528769016266e-02 1.318154111504554749e-02 2.758123725652694702e-02 7.722682319581508636e-03 2.754755318164825439e-03 5.333494860678911209e-03 1.349965389817953110e-02 4.251586273312568665e-03 1.156035158783197403e-02 4.835217725485563278e-03 9.061933960765600204e-04 1.625219359993934631e-02 1.881042122840881348e-02 1.461880188435316086e-02 3.460099920630455017e-02 2.842274960130453110e-03 6.061084102839231491e-03 4.542334005236625671e-03 9.001037105917930603e-03 1.931978971697390079e-03 2.162784803658723831e-03 7.161343470215797424e-03 2.645073924213647842e-03 1.313855685293674469e-02 4.239144735038280487e-03 1.637924648821353912e-02 4.485020879656076431e-03 2.670161798596382141e-02 2.102726371958851814e-03 2.737700566649436951e-02 1.626558136194944382e-03 1.756024919450283051e-02 2.271714992821216583e-02 3.159678354859352112e-02 3.386896103620529175e-02 2.198693901300430298e-02 1.193955540657043457e-02 1.299028377979993820e-02 2.173924073576927185e-02 3.267440199851989746e-02 1.701903715729713440e-02 2.902056835591793060e-02 1.228492055088281631e-02 3.072408773005008698e-02 8.605301380157470703e-03 1.615862920880317688e-02 4.712110385298728943e-03 9.065030142664909363e-03 1.815453357994556427e-02 2.794652432203292847e-02 6.044019013643264771e-03 2.514504594728350639e-03 1.955331116914749146e-02 1.213994994759559631e-02 3.189495950937271118e-02 1.865538884885609150e-03 8.804029203020036221e-04 2.079194644466042519e-03 5.664614494889974594e-03 1.550507964566349983e-03 3.371834754943847656e-02 6.798040121793746948e-02 3.266593441367149353e-02 5.613162741065025330e-02 7.428475189954042435e-03 6.062872242182493210e-03 9.300037287175655365e-03 2.376558259129524231e-02 2.210882259532809258e-03 1.188701950013637543e-02 2.007632516324520111e-03 6.753640627721324563e-05 7.044817903079092503e-04 4.019527882337570190e-02 2.594081126153469086e-02 1.303735282272100449e-02 4.091842100024223328e-02 1.306825131177902222e-02 4.421730060130357742e-03 2.805660769809037447e-04 1.580224372446537018e-02 1.508946157991886139e-02 7.753461133688688278e-03 1.376627106219530106e-02 3.905297955498099327e-03 4.471467982511967421e-04 1.261888071894645691e-02 6.153325550258159637e-03 1.871544495224952698e-02 2.021064609289169312e-02 3.385423915460705757e-03 2.470911294221878052e-02 1.036473270505666733e-02 4.369076341390609741e-02 6.829787162132561207e-04 3.728858428075909615e-03 5.755500867962837219e-03 7.105720695108175278e-03 4.794456530362367630e-03 1.337928976863622665e-02
3.916511684656143188e-02 3.273635357618331909e-02 7.072621374391019344e-04 1.012066286057233810e-02 1.014471612870693207e-02 3.815659880638122559e-02 3.469945862889289856e-02 9.418848901987075806e-03 1.289218384772539139e-02 1.366234477609395981e-02 8.613976836204528809e-01 1.168845035135746002e-02 3.434835746884346008e-02 1.617791876196861267e-02 2.499661594629287720e-02 2.114531397819519043e-02 2.291161939501762390e-02 1.656477339565753937e-02 1.513993833214044571e-02 1.687913388013839722e-02 1.666987687349319458e-02 2.984255179762840271e-02 1.801034435629844666e-02 2.189977094531059265e-02 1.787209510803222656e-02 1.704838313162326813e-02 2.636644616723060608e-02 1.334236282855272293e-02 3.341896459460258484e-02 1.775943487882614136e-02 2.242175117135047913e-02 1.569036953151226044e-02 1.809840090572834015e-02 1.931046694517135620e-02 1.941327191889286041e-02 2.459543943405151367e-02 2.510894462466239929e-02 1.918282173573970795e-02 1.542668417096138000e-02 1.871941424906253815e-02 2.233964763581752777e-02 1.546764653176069260e-02 1.600874029099941254e-02 6.984626408666372299e-03 9.123466588789597154e-05 3.552685724571347237e-03 3.929717838764190674e-02 2.816631831228733063e-02 1.447076536715030670e-02 1.460188161581754684e-02 5.842806771397590637e-03 3.175092162564396858e-03 2.024511806666851044e-02 2.107978425920009613e-02 1.701823808252811432e-02 1.299972273409366608e-02 1.943568140268325806e-02 1.568754576146602631e-02 1.563531905412673950e-02 1.733269728720188141e-02 1.536459848284721375e-02 1.891387999057769775e-02 1.354067679494619370e-02 1.674143038690090179e-02 3.047255985438823700e-02 2.523640729486942291e-02 1.428750623017549515e-02 1.354139484465122223e-02 1.670248247683048248e-02 2.174573577940464020e-02 1.956985518336296082e-02 9.882288984954357147e-03 1.076540071517229080e-02 1.987900957465171814e-02 1.601051725447177887e-02 1.114609837532043457e-02 1.907531917095184326e-02 1.983727142214775085e-02 4.128812812268733978e-03 6.937231402844190598e-03 5.316766910254955292e-03 7.875639945268630981e-03 1.612990908324718475e-02 1.414720341563224792e-02 1.153854560106992722e-02 1.060611568391323090e-02 1.935958676040172577e-02 1.818237267434597015e-02 1.032297150231897831e-03 1.022339519113302231e-02 3.003514558076858521e-02 2.721298113465309143e-02 1.815618574619293213e-02 2.140457183122634888e-02 2.009793184697628021e-02 1.823749952018260956e-02 2.251566387712955475e-02 9.394163265824317932e-03 9.031448513269424438e-03 4.504087381064891815e-03 1.498645916581153870e-02 1.617785915732383728e-02 2.225372567772865295e-02 2.194077149033546448e-02 1.916026696562767029e-02 1.823521219193935394e-02 1.509674172848463058e-02 1.822176016867160797e-02 1.313084363937377930e-02 1.092933025211095810e-02 2.158052287995815277e-02 1.885608211159706116e-02 1.671993173658847809e-02 1.359851006418466568e-02 2.039409056305885315e-02 1.696475781500339508e-02
1.700250431895256042e-02 1.942176185548305511e-02 1.189067028462886810e-02 1.045469101518392563e-02 8.770069107413291931e-04 3.176676109433174133e-02 3.305545821785926819e-02 7.508606184273958206e-03 2.144451066851615906e-02 1.586635224521160126e-02 1.168845035135746002e-02 8.613976836204528809e-01 1.865068450570106506e-03 8.708005398511886597e-02 1.430458854883909225e-02 2.308485470712184906e-02 2.021723799407482147e-02 1.059276144951581955e-02 5.981049500405788422e-03 7.562225684523582458e-03 4.092460498213768005e-03 1.803369447588920593e-02 3.462832793593406677e-02 1.811045221984386444e-02 5.179732572287321091e-03 7.365028839558362961e-03 1.179487165063619614e-02 5.182279273867607117e-02 3.745772643014788628e-03 3.807661682367324829e-02 5.804433021694421768e-03 2.764519595075398684e-04 7.999189198017120361e-03 8.329984848387539387e-05 4.397801589220762253e-03 2.129357075318694115e-03 2.770015038549900055e-03 1.261671166867017746e-02 6.767094135284423828e-03 5.149682518094778061e-03 1.040512509644031525e-02 1.023907214403152466e-02 2.876167418435215950e-03 2.199910348281264305e-03 2.908998541533946991e-02 9.118611924350261688e-03 3.012076020240783691e-02 4.685716237872838974e-03 1.447490882128477097e-02 1.581462286412715912e-02 1.097183022648096085e-02 3.058365359902381897e-02 5.373694468289613724e-03 6.587205454707145691e-03 4.120689816772937775e-03 8.320266380906105042e-03 1.353580411523580551e-02 9.866140782833099365e-03 6.500736344605684280e-03 1.101110968738794327e-02 3.276761563029140234e-04 1.083055511116981506e-02 8.410454727709293365e-03 5.794467404484748840e-03 4.831352271139621735e-04 1.179292146116495132e-02 3.011815482750535011e-03 1.618800306459888816e-04 1.968596316874027252e-02 1.339517440646886826e-02 9.928137063980102539e-03 1.512984465807676315e-02 1.911833323538303375e-02 1.087835151702165604e-02 2.401648834347724915e-02 2.031700871884822845e-02 2.823769859969615936e-02 5.189547315239906311e-03 3.733903169631958008e-02 3.787578083574771881e-03 1.101146824657917023e-02 6.368048489093780518e-03 1.920399069786071777e-02 1.067193504422903061e-02 7.521986030042171478e-03 4.065638873726129532e-03 1.963851228356361389e-02 1.208343915641307831e-02 6.289699673652648926e-02 2.427407074719667435e-03 8.858401328325271606e-03 1.205418538302183151e-02 9.863846935331821442e-03 1.279862783849239349e-02 7.459692191332578659e-03 3.080212278291583061e-03 2.658325433731079102e-02 5.311117507517337799e-03 1.967645622789859772e-02 8.345448412001132965e-03 1.464401953853666782e-03 1.946313073858618736e-03 1.882041431963443756e-02 1.430989336222410202e-02 1.148437149822711945e-02 1.220704335719347000e-02 3.213389543816447258e-03 1.374638732522726059e-02 6.527548190206289291e-03 4.151453077793121338e-02 1.557395234704017639e-02 1.825501769781112671e-02 4.244587849825620651e-03 4.618733655661344528e-03 5.120995920151472092e-03 3.098013065755367279e-02
3.610027208924293518e-02 3.920862451195716858e-02 7.544622290879487991e-03 1.322207599878311157e-02 1.147645339369773865e-02 3.903940692543983459e-02 3.654747083783149719e-02 1.733196713030338287e-02 1.227436773478984833e-02 8.870805613696575165e-03 3.434835746884346008e-02 1.865068450570106506e-03 8.613976836204528809e-01 4.380599595606327057e-03 2.790123596787452698e-02 2.751943841576576233e-02 2.651816979050636292e-02 1.275997050106525421e-02 7.664211560040712357e-03 1.764464937150478363e-02 2.197946235537528992e-02 3.091026842594146729e-02 2.318445779383182526e-02 2.614435181021690369e-02 1.820143125951290131e-02 1.948674395680427551e-02 2.598137781023979187e-02 1.838332600891590118e-02 2.078918553888797760e-02 1.918147876858711243e-02 2.731260284781455994e-02 1.777834445238113403e-02 2.315860800445079803e-02 2.116802707314491272e-02 2.310460247099399567e-02 3.059058450162410736e-02 2.670065499842166901e-02 1.554191205650568008e-02 1.819494552910327911e-02 1.944092102348804474e-02 1.983156614005565643e-02 1.307389792054891586e-02 1.652731187641620636e-02 1.412817928940057755e-02 8.487429469823837280e-03 1.164945680648088455e-02 3.817183896899223328e-02 2.807324193418025970e-02 2.502372302114963531e-02 1.637535914778709412e-02 8.139099925756454468e-03 8.218730217777192593e-04 2.276612631976604462e-02 2.577913366258144379e-02 2.559885755181312561e-02 1.401828974485397339e-02 2.282202802598476410e-02 1.910994388163089752e-02 2.057207375764846802e-02 2.424730546772480011e-02 1.957568526268005371e-02 1.824219711124897003e-02 1.693583279848098755e-02 1.447402499616146088e-02 2.555390261113643646e-02 3.192451596260070801e-02 1.817164756357669830e-02 1.958042196929454803e-02 2.677416615188121796e-02 9.570236317813396454e-03 2.602474391460418701e-02 1.769544184207916260e-02 1.308570895344018936e-02 4.764853511005640030e-03 1.395023986697196960e-02 5.361183546483516693e-03 1.653034985065460205e-02 9.841615334153175354e-03 4.453906789422035217e-03 2.629740862175822258e-03 1.102757360786199570e-02 2.124996855854988098e-02 9.880330413579940796e-03 6.302704568952322006e-03 1.066365651786327362e-02 1.462041307240724564e-02 1.974583603441715240e-02 2.359543927013874054e-02 3.194016171619296074e-03 3.306677564978599548e-03 2.829502522945404053e-02 2.297195047140121460e-02 2.563055790960788727e-02 2.393973059952259064e-02 2.489180304110050201e-02 2.289685793220996857e-02 5.650281440466642380e-03 7.293449249118566513e-03 1.715992204844951630e-02 9.917594492435455322e-03 1.904798485338687897e-02 1.750510744750499725e-02 1.679130457341670990e-02 1.980424299836158752e-02 2.048667892813682556e-02 2.000268921256065369e-02 1.475095562636852264e-02 2.064900100231170654e-02 1.034673862159252167e-02 8.551328442990779877e-03 1.564703509211540222e-02 1.526839286088943481e-02 1.856384240090847015e-02 1.306034158915281296e-02 1.093374565243721008e-02 1.462675537914037704e-02
