8.073906898498535156e-01 7.056354731321334839e-02 1.511254813522100449e-03 2.854710258543491364e-02 2.114744484424591064e-02 5.067462846636772156e-02 3.894611727446317673e-03 8.766098879277706146e-03 2.099047973752021790e-02 3.584449365735054016e-02 4.512370750308036804e-02 3.284908458590507507e-02 3.735102340579032898e-02 3.547611832618713379e-02 2.158510033041238785e-03 1.005470473319292068e-02 1.384534966200590134e-02 6.498440634459257126e-03 6.301975809037685394e-03 3.119231574237346649e-02 1.398684270679950714e-02 1.864727586507797241e-02 3.212738409638404846e-02 1.935913972556591034e-02 1.543217711150646210e-02 7.564574945718050003e-03 5.427177165984176099e-05 5.934469401836395264e-03 1.936964131891727448e-02 6.666934117674827576e-03 3.304147347807884216e-02 4.206837154924869537e-03 2.090153284370899200e-02 1.389572862535715103e-02 2.158665470778942108e-02 4.655200522392988205e-03 6.731355097144842148e-03 1.186459977179765701e-02 1.225655898451805115e-02 5.543775390833616257e-03 4.983163438737392426e-03 6.553835235536098480e-03 1.218557450920343399e-02 1.426548603922128677e-02 6.011944497004151344e-04 2.759441733360290527e-02 2.793277241289615631e-02 2.478747861459851265e-03 7.358305621892213821e-03 9.064525365829467773e-03 2.591003896668553352e-03 6.769974716007709503e-03 2.454639179632067680e-03 1.433102297596633434e-03 5.199135281145572662e-03 8.405143395066261292e-03 2.910193428397178650e-02 2.731214091181755066e-02 4.923063144087791443e-02 1.989514566957950592e-02 1.177866756916046143e-02 1.981473900377750397e-02 5.813242401927709579e-03 9.488736279308795929e-03 1.730446889996528625e-02 5.613694433122873306e-03 1.563635468482971191e-02 1.769604161381721497e-02 8.471322245895862579e-03 3.828130289912223816e-02 2.719298237934708595e-03 3.194271121174097061e-03 1.446560211479663849e-02 1.251142006367444992e-02 1.940457895398139954e-02 2.536761341616511345e-03 1.638120412826538086e-02 9.704324183985590935e-04 2.505387552082538605e-02 2.423192560672760010e-02 1.066788658499717712e-02 1.139626838266849518e-02 1.778441481292247772e-02 3.973652422428131104e-02 1.199414581060409546e-02 1.424672268331050873e-02 9.827849455177783966e-03 2.187774702906608582e-02 1.866721361875534058e-02 3.245099633932113647e-02 5.656147375702857971e-03 5.792597774416208267e-03 1.006070803850889206e-02 1.319353561848402023e-02 5.532918032258749008e-03 8.268999867141246796e-03 1.680125296115875244e-02 1.107581425458192825e-02 2.118937904015183449e-03 5.883862730115652084e-03 1.710590586299076676e-04 1.101880799978971481e-02 1.174879260361194611e-02 6.733514368534088135e-03 1.331647299230098724e-02 6.987274624407291412e-03 4.684132058173418045e-03 1.093211234547197819e-03 2.447210624814033508e-02 2.133881673216819763e-03 2.583023905754089355e-02 1.731743250275030732e-04 1.216455735266208649e-02 1.502451766282320023e-02 1.874766312539577484e-02 2.299591526389122009e-02
7.056354731321334839e-02 8.073906898498535156e-01 1.316224317997694016e-02 3.224188089370727539e-02 2.113480353727936745e-03 4.413462057709693909e-02 1.227988675236701965e-02 8.004723116755485535e-03 1.451884862035512924e-02 3.612951561808586121e-02 1.699278317391872406e-02 2.900038287043571472e-02 6.633745878934860229e-02 3.637131676077842712e-02 9.963635355234146118e-03 1.880670338869094849e-02 7.145935669541358948e-03 1.666587661020457745e-03 3.503213170915842056e-03 4.236160311847925186e-03 2.403801307082176208e-03 1.582171395421028137e-02 3.288477892056107521e-03 4.071352537721395493e-03 2.582822181284427643e-02 2.059179916977882385e-02 7.448727265000343323e-03 8.809664868749678135e-04 1.242164429277181625e-02 2.529762871563434601e-02 1.131634134799242020e-02 1.207248121500015259e-02 2.277986891567707062e-02 1.953613758087158203e-02 3.770408034324645996e-02 2.944257808849215508e-03 3.153044730424880981e-03 9.833843214437365532e-04 3.948117606341838837e-03 1.443812809884548187e-02 2.692490443587303162e-02 3.233421593904495239e-03 9.453026577830314636e-03 3.032122366130352020e-02 8.819796144962310791e-03 1.182413077913224697e-03 2.820648625493049622e-02 2.009818796068429947e-03 1.542602945119142532e-02 1.826416328549385071e-02 1.134203001856803894e-02 1.957089453935623169e-02 4.324806854128837585e-03 6.163907237350940704e-03 9.951240383088588715e-03 8.464365266263484955e-03 3.454674407839775085e-02 2.419872581958770752e-02 4.380005598068237305e-02 1.979015953838825226e-02 3.369594737887382507e-02 1.923727802932262421e-02 1.987252756953239441e-02 1.402936037629842758e-02 2.178723923861980438e-02 7.937812246382236481e-03 5.524594802409410477e-03 3.471455420367419720e-04 2.260993048548698425e-02 1.893944852054119110e-02 7.144719362258911133e-03 1.354494597762823105e-02 2.258236706256866455e-02 1.688458211719989777e-02 1.530574448406696320e-02 3.731198143213987350e-03 6.698087789118289948e-03 5.570029374212026596e-03 3.624193370342254639e-02 2.705024741590023041e-02 2.777065522968769073e-02 2.680675499141216278e-02 1.404262520372867584e-02 9.384360164403915405e-03 9.269727393984794617e-03 7.173700723797082901e-03 6.510369013994932175e-03 4.880083724856376648e-03 5.467063281685113907e-03 3.452525660395622253e-02 2.397008705884218216e-03 1.182143390178680420e-02 4.088243003934621811e-03 2.786071039736270905e-03 8.217919617891311646e-03 1.439722813665866852e-02 1.646915450692176819e-02 1.514739450067281723e-02 2.312495559453964233e-02 5.027415696531534195e-03 2.855555154383182526e-03 7.108387537300586700e-03 5.759487394243478775e-03 1.973016746342182159e-02 1.669198647141456604e-02 6.955746095627546310e-03 5.981588736176490784e-03 1.000224146991968155e-02 6.561421323567628860e-03 3.287318031652830541e-05 2.966394834220409393e-02 7.838119752705097198e-03 1.225158572196960449e-02 1.725350134074687958e-02 2.191133983433246613e-02 1.801626384258270264e-02
1.511254813522100449e-03 1.316224317997694016e-02 8.073906898498535156e-01 3.774253651499748230e-02 1.899031735956668854e-02 4.003358073532581329e-03 1.205677911639213562e-02 6.741920858621597290e-02 6.988136563450098038e-03 1.013462548144161701e-03 4.290578421205282211e-03 1.493922155350446701e-02 2.313209697604179382e-02 6.308612879365682602e-03 3.459175303578376770e-02 2.791286818683147430e-02 1.645005680620670319e-02 1.286689192056655884e-02 1.724458113312721252e-02 1.891172863543033600e-02 2.346790768206119537e-02 4.833943210542201996e-03 1.433764770627021790e-02 6.777690723538398743e-03 2.157740993425250053e-03 2.892793715000152588e-02 6.715758237987756729e-03 5.471576514537446201e-05 1.155196223407983780e-02 1.470543816685676575e-02 1.959934458136558533e-02 1.283166464418172836e-02 1.534214243292808533e-02 1.926605403423309326e-02 2.923299558460712433e-02 3.127811010926961899e-03 1.044571027159690857e-02 2.962507866322994232e-02 1.816112734377384186e-02 2.334935776889324188e-02 2.160647325217723846e-02 3.381002228707075119e-03 1.558081246912479401e-03 3.876208513975143433e-02 3.564990358427166939e-03 9.537697769701480865e-03 2.909395471215248108e-02 1.490989141166210175e-02 2.323467284440994263e-03 1.521428488194942474e-02 2.051927708089351654e-02 7.051762659102678299e-03 2.659703372046351433e-03 1.317493151873350143e-03 1.415520254522562027e-02 1.177143212407827377e-02 1.369583886116743088e-02 3.270695451647043228e-03 6.221098592504858971e-04 1.781474798917770386e-03 4.102256614714860916e-03 1.194615010172128677e-02 1.111299544572830200e-02 5.148345138877630234e-03 1.137407869100570679e-02 9.860668797045946121e-04 3.564346581697463989e-03 1.771042868494987488e-02 5.352346692234277725e-03 1.162904314696788788e-02 8.716090582311153412e-03 3.120314795523881912e-03 2.927769720554351807e-02 1.778275705873966217e-02 1.690744305960834026e-03 4.743332974612712860e-03 2.989201340824365616e-03 7.589565124362707138e-03 3.724969923496246338e-03 1.351427566260099411e-02 6.998691707849502563e-02 3.540113195776939392e-02 1.055107917636632919e-02 7.028303574770689011e-03 1.721138507127761841e-02 6.323916837573051453e-03 5.017560347914695740e-02 1.438547298312187195e-02 1.659460249356925488e-03 2.552496735006570816e-03 2.074141800403594971e-02 1.889157667756080627e-02 2.664900198578834534e-02 2.054456388577818871e-03 1.147790905088186264e-02 1.889214850962162018e-02 8.374311029911041260e-03 1.539036072790622711e-02 5.318022333085536957e-03 1.203637197613716125e-02 4.355601500719785690e-03 7.280242629349231720e-03 1.009251829236745834e-02 5.895014386624097824e-03 1.772564253769814968e-03 5.301195010542869568e-02 1.482815947383642197e-02 1.899534463882446289e-02 1.621405780315399170e-02 5.896465852856636047e-03 2.033969201147556305e-02 1.642906852066516876e-02 1.932297646999359131e-02 3.983707283623516560e-04 2.008464932441711426e-02 1.354388706386089325e-02
2.854710258543491364e-02 3.224188089370727539e-02 3.774253651499748230e-02 8.073906898498535156e-01 2.895164489746093750e-02 9.863276034593582153e-03 8.070588111877441406e-03 8.538215421140193939e-03 2.635614760220050812e-02 1.759098097681999207e-02 1.528219785541296005e-02 6.560940295457839966e-03 2.740018069744110107e-02 1.094960980117321014e-02 1.130208838731050491e-02 5.162367131561040878e-03 1.500877900980412960e-03 1.591494865715503693e-02 8.674218319356441498e-03 1.725145615637302399e-02 2.242505364120006561e-02 3.065104130655527115e-03 2.502238377928733826e-02 2.684303559362888336e-02 8.939785882830619812e-03 2.221792936325073242e-02 1.182933337986469269e-02 1.470029586926102638e-03 2.706651762127876282e-02 1.058634743094444275e-02 2.401873935014009476e-03 7.935601286590099335e-03 1.272330060601234436e-02 1.520811673253774643e-02 1.670418493449687958e-02 2.443426474928855896e-02 9.255059994757175446e-03 1.505092345178127289e-02 1.283919438719749451e-02 2.937037125229835510e-02 7.964000105857849121e-03 1.958824694156646729e-02 4.277118947356939316e-03 2.956638298928737640e-02 8.193715475499629974e-03 2.474009292200207710e-03 2.222699671983718872e-02 8.391074952669441700e-04 4.751732572913169861e-03 5.766620743088424206e-04 1.373247057199478149e-02 2.637656033039093018e-02 5.716857500374317169e-03 3.729037242010235786e-03 9.780422784388065338e-03 1.488653663545846939e-02 2.637542411684989929e-02 1.100818160921335220e-02 2.856193855404853821e-02 1.431061048060655594e-02 1.311853434890508652e-02 1.194512844085693359e-02 1.884552091360092163e-02 6.830874481238424778e-04 1.396679133176803589e-02 4.899080377072095871e-03 1.036130823194980621e-03 2.528784051537513733e-02 5.523961503058671951e-03 2.038038335740566254e-02 1.450026873499155045e-02 1.631477661430835724e-02 5.524327605962753296e-02 4.783021751791238785e-03 3.092616423964500427e-02 1.203632634133100510e-02 2.465223520994186401e-02 1.280831731855869293e-02 2.905337139964103699e-02 3.527951240539550781e-02 1.111707370728254318e-02 2.849394222721457481e-03 1.353127881884574890e-02 2.411830937489867210e-03 1.196000166237354279e-02 7.853941060602664948e-03 3.148995572701096535e-03 1.015578676015138626e-02 1.155329309403896332e-02 1.672773808240890503e-02 1.043111458420753479e-02 9.273433126509189606e-03 1.057702116668224335e-02 1.881324499845504761e-02 1.547459396533668041e-03 2.785830385982990265e-02 9.776561520993709564e-03 1.040224824100732803e-02 1.803198643028736115e-02 1.615498960018157959e-02 7.284327410161495209e-03 1.616644486784934998e-02 4.465818405151367188e-03 2.869843505322933197e-02 1.316126249730587006e-02 1.801265031099319458e-02 1.274524722248315811e-02 1.730768382549285889e-02 4.483374580740928650e-02 1.085390057414770126e-02 1.672337204217910767e-02 4.296000115573406219e-03 3.619859227910637856e-03 7.801026571542024612e-03 2.628409489989280701e-02 1.359167881309986115e-02
2.114744484424591064e-02 2.113480353727936745e-03 1.899031735956668854e-02 2.895164489746093750e-02 8.073906898498535156e-01 3.479212988168001175e-03 1.063906773924827576e-02 2.335631521418690681e-03 2.604983933269977570e-02 1.113903801888227463e-02 1.857225038111209869e-02 7.440402638167142868e-03 1.846346189267933369e-03 1.521269697695970535e-02 8.635050617158412933e-03 4.155242070555686951e-02 3.977723047137260437e-02 9.895745664834976196e-03 1.257329434156417847e-02 1.040874049067497253e-02 1.519734598696231842e-02 1.003268826752901077e-02 1.295833848416805267e-02 1.199639681726694107e-02 1.202826760709285736e-02 3.932746592909097672e-03 1.377217657864093781e-02 4.568132106214761734e-03 6.202276796102523804e-03 2.239731111330911517e-04 3.577675297856330872e-02 2.254752628505229950e-02 2.640340104699134827e-02 1.327223982661962509e-02 1.491834223270416260e-02 7.544185500591993332e-03 3.204949432983994484e-03 4.132598172873258591e-03 4.708645865321159363e-02 6.429973989725112915e-02 1.359351538121700287e-02 1.799877383746206760e-03 2.467069774866104126e-02 1.489445567131042480e-02 1.707789860665798187e-02 9.248866699635982513e-03 1.659527793526649475e-02 6.194344256073236465e-03 1.268413569778203964e-02 1.960407011210918427e-03 8.284216746687889099e-03 5.446778610348701477e-03 1.146362628787755966e-02 1.273672003298997879e-02 2.849230915307998657e-02 2.380117960274219513e-02 2.028626389801502228e-02 1.474388968199491501e-02 6.895845872350037098e-04 6.732908077538013458e-03 1.808547601103782654e-02 1.628499105572700500e-02 3.338720276951789856e-02 1.914840377867221832e-02 4.050303250551223755e-03 4.294521175324916840e-03 2.447620220482349396e-02 1.203797571361064911e-02 1.897851377725601196e-02 3.976605876232497394e-05 1.383950375020503998e-02 1.075514778494834900e-02 5.426682904362678528e-02 7.547562010586261749e-03 4.651209712028503418e-02 2.337846346199512482e-02 2.284149825572967529e-02 3.190938755869865417e-02 5.286984611302614212e-03 9.488943964242935181e-03 2.000755863264203072e-03 6.147632375359535217e-03 9.671715088188648224e-03 3.558288887143135071e-02 4.413809801917523146e-04 5.081467330455780029e-03 1.566325686872005463e-02 2.596764266490936279e-02 1.573104597628116608e-02 1.190617680549621582e-02 1.776227843947708607e-03 1.196333765983581543e-02 1.705141179263591766e-02 1.125433854758739471e-02 1.610616035759449005e-02 4.250177647918462753e-03 7.406711811199784279e-04 1.666456460952758789e-02 4.361199680715799332e-03 1.102726161479949951e-02 3.055328316986560822e-02 2.917432598769664764e-02 4.637236706912517548e-03 1.584217324852943420e-02 3.141975775361061096e-02 3.320151194930076599e-02 1.267699431627988815e-02 3.577271103858947754e-02 4.485416226089000702e-03 4.180134274065494537e-03 1.621971838176250458e-02 7.632915512658655643e-04 1.273738872259855270e-02 2.921608509495854378e-03 1.529445289634168148e-04 1.017860695719718933e-02
5.067462846636772156e-02 4.413462057709693909e-02 4.003358073532581329e-03 9.863276034593582153e-03 3.479212988168001175e-03 8.073906898498535156e-01 4.893802478909492493e-02 7.311720401048660278e-03 3.337254514917731285e-03 2.513074781745672226e-03 4.006686434149742126e-02 3.354860842227935791e-02 1.732143573462963104e-02 3.537902608513832092e-02 5.058803595602512360e-03 1.398892328143119812e-02 1.326225325465202332e-02 2.777134813368320465e-02 8.440346457064151764e-03 5.032685585319995880e-03 1.473201811313629150e-02 5.921526346355676651e-03 2.446961216628551483e-02 1.057844795286655426e-02 2.162080816924571991e-02 1.420377660542726517e-02 8.486498147249221802e-03 2.730490639805793762e-02 2.040396071970462799e-02 1.488270703703165054e-02 7.809909526258707047e-03 3.268126770853996277e-02 2.482219412922859192e-02 3.142489120364189148e-02 1.635597087442874908e-02 2.113600960001349449e-03 2.099881134927272797e-02 1.461764331907033920e-02 2.514510648325085640e-03 1.216641161590814590e-02 1.450676098465919495e-02 5.958057474344968796e-03 2.339892648160457611e-02 1.398489403072744608e-04 2.054330706596374512e-02 2.189433574676513672e-02 5.608593299984931946e-02 4.073394834995269775e-02 2.636821568012237549e-02 2.825940027832984924e-02 1.547293458133935928e-02 3.986008930951356888e-03 3.375686705112457275e-03 7.716258987784385681e-04 1.709824986755847931e-02 2.125199697911739349e-02 1.555761042982339859e-02 9.174718521535396576e-03 4.559871926903724670e-02 3.967527300119400024e-04 2.644223533570766449e-02 2.486465498805046082e-02 2.375722629949450493e-03 3.433899721130728722e-03 1.137794274836778641e-02 1.121270097792148590e-02 7.887440733611583710e-03 7.993106730282306671e-03 1.282246503978967667e-02 2.154449932277202606e-02 4.450756125152111053e-03 3.670599311590194702e-02 2.838214300572872162e-02 5.080720409750938416e-03 1.139885839074850082e-02 1.628660783171653748e-02 1.240922044962644577e-02 1.758769899606704712e-02 1.800854690372943878e-02 5.944170057773590088e-03 7.870594039559364319e-03 2.019663341343402863e-02 2.164284512400627136e-02 9.279369376599788666e-03 3.144437074661254883e-02 1.385582424700260162e-02 1.568718813359737396e-03 8.903316222131252289e-03 2.239412395283579826e-03 2.843309007585048676e-02 1.871505938470363617e-02 3.812666749581694603e-03 1.742760650813579559e-02 1.322539336979389191e-02 7.093287538737058640e-03 1.148025598376989365e-02 3.318477794528007507e-02 2.035400597378611565e-03 3.067849949002265930e-02 2.333310432732105255e-02 1.403144095093011856e-02 1.344058895483613014e-03 2.978188917040824890e-02 1.961140893399715424e-02 1.601404696702957153e-02 5.574791692197322845e-03 1.776952669024467468e-02 4.231084138154983521e-03 4.160437267273664474e-03 3.933873958885669708e-03 9.367726743221282959e-03 2.931409515440464020e-02 9.712812490761280060e-03 5.528586450964212418e-03 1.689095422625541687e-02 9.915626607835292816e-03
3.894611727446317673e-03 1.227988675236701965e-02 1.205677911639213562e-02 8.070588111877441406e-03 1.063906773924827576e-02 4.893802478909492493e-02 8.073906898498535156e-01 1.627909578382968903e-02 2.263305895030498505e-02 1.798395812511444092e-02 4.272122308611869812e-02 5.539623554795980453e-03 1.576512493193149567e-02 2.755178324878215790e-02 1.754584908485412598e-02 4.422500263899564743e-03 4.357875324785709381e-03 4.350253194570541382e-02 1.412950735539197922e-02 3.809230774641036987e-02 4.609080497175455093e-03 1.318669691681861877e-02 2.155462512746453285e-03 1.571606658399105072e-02 2.748975344002246857e-02 1.634287647902965546e-02 1.396717317402362823e-02 3.652733564376831055e-02 2.606088481843471527e-02 2.449936047196388245e-02 1.105641480535268784e-02 2.141905389726161957e-02 1.716553978621959686e-02 1.119155343621969223e-02 2.754293847829103470e-03 1.405425928533077240e-02 1.821834221482276917e-02 2.244826871901750565e-03 8.111605420708656311e-03 2.595085278153419495e-02 1.986940577626228333e-02 2.328177215531468391e-03 1.282432395964860916e-02 2.317275851964950562e-03 2.176591008901596069e-02 1.204643398523330688e-02 1.902838237583637238e-02 8.213540166616439819e-02 1.500238757580518723e-02 2.306665061041712761e-03 1.114614121615886688e-02 1.147914864122867584e-02 2.376241842284798622e-03 1.055097486823797226e-02 2.403654158115386963e-02 2.288904786109924316e-02 4.635269870050251484e-04 1.223971974104642868e-02 2.779370732605457306e-02 7.181629538536071777e-03 3.346662968397140503e-02 2.230314165353775024e-02 5.747928284108638763e-03 5.219553597271442413e-03 4.237473476678133011e-03 1.893110014498233795e-02 9.068727493286132812e-03 1.416641403920948505e-03 2.925789915025234222e-03 1.957527128979563713e-03 3.413817612454295158e-03 2.690757066011428833e-02 1.961356587707996368e-02 9.562121704220771790e-03 9.095037967199459672e-05 3.400040091946721077e-03 2.735372260212898254e-02 1.985770650207996368e-02 2.122444286942481995e-02 5.562193691730499268e-03 2.260675653815269470e-02 2.177743986248970032e-02 1.547026913613080978e-02 1.095290388911962509e-02 2.554485946893692017e-02 1.442046277225017548e-02 1.992533355951309204e-02 9.953120723366737366e-03 8.622795343399047852e-03 3.820890327915549278e-03 2.764544915407896042e-03 1.002889499068260193e-02 2.727587521076202393e-02 8.379907347261905670e-03 1.468392461538314819e-02 1.091286260634660721e-02 2.271858230233192444e-02 1.379104889929294586e-02 1.101517397910356522e-02 5.198710598051548004e-03 1.081339083611965179e-02 1.289689354598522186e-02 2.647751197218894958e-02 1.031673606485128403e-02 6.051077507436275482e-03 3.708942327648401260e-03 4.985072184354066849e-03 2.214130072388797998e-04 7.393778767436742783e-03 2.052151598036289215e-02 3.098542429506778717e-02 1.838797889649868011e-02 1.739087700843811035e-02 7.632364984601736069e-03 2.528195083141326904e-02 3.210805729031562805e-02
8.766098879277706146e-03 8.004723116755485535e-03 6.741920858621597290e-02 8.538215421140193939e-03 2.335631521418690681e-03 7.311720401048660278e-03 1.627909578382968903e-02 8.073906898498535156e-01 8.271631784737110138e-03 7.085042074322700500e-03 4.684840794652700424e-03 1.696619205176830292e-02 2.536056749522686005e-02 2.066810429096221924e-02 6.807935237884521484e-02 3.592539578676223755e-02 3.303051367402076721e-02 3.199246246367692947e-03 8.651359006762504578e-03 1.630899868905544281e-02 1.751723326742649078e-02 1.202546991407871246e-02 2.662802487611770630e-02 2.044394426047801971e-02 8.544570766389369965e-03 3.399536758661270142e-02 2.086574025452136993e-02 1.462311018258333206e-02 1.311197178438305855e-03 2.027517184615135193e-02 3.239932004362344742e-03 6.297446670942008495e-04 4.292677156627178192e-03 1.426459662616252899e-02 6.891071796417236328e-03 1.838600030168890953e-03 1.998793333768844604e-02 2.680104598402976990e-02 2.353122457861900330e-02 1.047195401042699814e-02 2.721325866878032684e-02 1.898847706615924835e-02 1.502818078733980656e-03 2.399139478802680969e-02 6.760229007340967655e-04 7.860936224460601807e-03 1.692328043282032013e-02 1.158712338656187057e-02 1.629902236163616180e-02 8.163151331245899200e-03 2.703887037932872772e-02 1.977813243865966797e-02 3.160705044865608215e-02 2.344588376581668854e-02 2.126835845410823822e-02 4.940644372254610062e-03 1.003457233309745789e-02 2.329798648133873940e-03 9.176960214972496033e-03 2.328721806406974792e-02 2.881365129724144936e-03 3.384317271411418915e-03 2.004759199917316437e-02 1.123993285000324249e-02 1.875531626865267754e-03 5.533504299819469452e-03 2.586415270343422890e-03 1.577894203364849091e-02 1.128099113702774048e-02 1.594830490648746490e-02 6.002667360007762909e-03 1.669571362435817719e-02 4.794606356881558895e-04 2.092711627483367920e-02 9.942541830241680145e-03 4.866163653787225485e-04 1.246458105742931366e-02 8.392307907342910767e-03 1.236245618201792240e-03 2.069955132901668549e-02 3.881295397877693176e-02 3.841047361493110657e-02 9.493185207247734070e-03 1.665818504989147186e-02 9.193621575832366943e-03 1.560040190815925598e-02 5.194979906082153320e-02 2.998011559247970581e-02 3.921382129192352295e-03 6.141758989542722702e-03 3.515372425317764282e-02 2.193581499159336090e-02 2.863092161715030670e-02 3.896082052960991859e-03 1.275762356817722321e-02 2.255921624600887299e-02 1.144986972212791443e-02 1.151527464389801025e-02 2.391784684732556343e-03 3.468277631327509880e-03 8.350529242306947708e-04 6.258772686123847961e-03 1.727760024368762970e-02 2.164497226476669312e-02 2.277342602610588074e-02 2.520135045051574707e-02 2.011622302234172821e-02 2.900017658248543739e-03 3.427977487444877625e-02 1.233884505927562714e-02 3.049008361995220184e-02 1.877187751233577728e-02 1.233836263418197632e-02 1.534657552838325500e-02 8.884404785931110382e-03 6.807674653828144073e-03
2.099047973752021790e-02 1.451884862035512924e-02 6.988136563450098038e-03 2.635614760220050812e-02 2.604983933269977570e-02 3.337254514917731285e-03 2.263305895030498505e-02 8.271631784737110138e-03 8.073906898498535156e-01 3.623048216104507446e-02 4.658921621739864349e-03 2.476684562861919403e-02 1.395682059228420258e-02 5.048563238233327866e-03 6.412126589566469193e-03 2.680529467761516571e-02 2.339389547705650330e-02 3.668215498328208923e-02 1.027385145425796509e-02 2.399279735982418060e-02 2.951799705624580383e-02 1.181470230221748352e-03 8.233182132244110107e-03 1.461923401802778244e-02 1.575461030006408691e-02 6.527064368128776550e-03 5.071803461760282516e-03 1.904216781258583069e-02 7.304030470550060272e-03 1.975857093930244446e-02 2.614325657486915588e-02 4.208490718156099319e-03 2.889922074973583221e-02 1.502318494021892548e-02 3.577001765370368958e-02 1.124351099133491516e-02 1.184297539293766022e-02 8.436799980700016022e-03 1.871847361326217651e-02 2.543935552239418030e-02 2.542980201542377472e-02 1.386611163616180420e-02 4.872194025665521622e-03 5.591285414993762970e-03 1.514349784702062607e-02 1.670109480619430542e-02 1.584909856319427490e-02 2.410067431628704071e-02 3.091522492468357086e-03 2.805884368717670441e-02 3.577003953978419304e-03 9.935683570802211761e-03 2.660534530878067017e-02 2.268926426768302917e-02 1.157172583043575287e-02 3.173862770199775696e-02 1.851740851998329163e-02 3.104940615594387054e-02 7.335177157074213028e-03 1.031016651540994644e-02 1.745107769966125488e-02 3.707655519247055054e-02 4.284915328025817871e-02 5.099726468324661255e-02 8.231858722865581512e-03 2.439675107598304749e-02 7.148028351366519928e-03 1.853712601587176323e-04 8.980421349406242371e-03 1.859169825911521912e-02 2.816766127943992615e-02 1.800142787396907806e-02 2.120010368525981903e-02 1.428286824375391006e-02 3.444529324769973755e-02 1.101143285632133484e-02 5.589332059025764465e-02 3.357179835438728333e-02 3.345025703310966492e-02 4.975853022187948227e-03 5.398160777986049652e-03 1.020015031099319458e-02 2.599789388477802277e-02 9.031001478433609009e-03 7.771939039230346680e-03 1.443470828235149384e-02 1.264697127044200897e-02 1.269461680203676224e-02 3.940157126635313034e-03 5.457294173538684845e-03 4.145132377743721008e-03 1.091306097805500031e-02 1.064432412385940552e-02 1.564910821616649628e-02 6.559181958436965942e-03 1.045227795839309692e-02 1.292836270295083523e-03 2.525432966649532318e-03 1.840786635875701904e-02 1.839069300331175327e-03 2.415286749601364136e-02 3.608915209770202637e-02 2.240503439679741859e-03 1.043049339205026627e-02 4.773276671767234802e-02 3.755404055118560791e-02 2.688197977840900421e-02 1.341929775662720203e-03 1.014466676861047745e-02 1.763655617833137512e-02 9.390456252731382847e-04 2.896830067038536072e-02 1.281252829357981682e-03 5.246079526841640472e-03 6.306613795459270477e-03 2.353766746819019318e-02
3.584449365735054016e-02 3.612951561808586121e-02 1.013462548144161701e-03 1.759098097681999207e-02 1.113903801888227463e-02 2.513074781745672226e-03 1.798395812511444092e-02 7.085042074322700500e-03 3.623048216104507446e-02 8.073906898498535156e-01 1.636145287193357944e-03 1.102135982364416122e-03 5.460437852889299393e-03 1.328482665121555328e-02 1.997852697968482971e-02 3.128584939986467361e-03 2.810729667544364929e-03 1.701642945408821106e-02 3.593533486127853394e-02 1.009007915854454041e-02 1.440908759832382202e-02 2.170471660792827606e-02 6.413715891540050507e-04 2.279818989336490631e-02 3.645740449428558350e-03 1.528787612915039062e-02 4.727470222860574722e-03 1.169104315340518951e-02 9.898426011204719543e-03 6.418722216039896011e-03 1.628092303872108459e-02 2.429400011897087097e-02 1.616350200492888689e-04 1.918768277391791344e-03 1.764481328427791595e-02 1.571586763020604849e-04 2.560445293784141541e-02 6.373663898557424545e-03 1.681222463957965374e-03 7.662228774279356003e-03 4.652467370033264160e-02 9.064512327313423157e-03 1.395143684931099415e-03 6.946504581719636917e-03 2.491665631532669067e-02 2.223529387265443802e-03 2.466874383389949799e-02 2.193589136004447937e-02 7.397972512990236282e-03 4.014143720269203186e-03 1.207208819687366486e-02 1.758014596998691559e-02 1.369283068925142288e-02 1.679587550461292267e-02 7.051386870443820953e-03 4.925352055579423904e-03 2.892437763512134552e-02 1.511538214981555939e-02 2.130506001412868500e-02 3.511082008481025696e-02 2.201751619577407837e-02 1.082887407392263412e-02 8.755909278988838196e-03 2.470210753381252289e-02 1.398912910372018814e-02 2.690334804356098175e-02 6.921538617461919785e-03 4.056773614138364792e-03 6.907980423420667648e-04 2.146182395517826080e-02 1.271623373031616211e-02 6.990694091655313969e-04 2.618795493617653847e-03 1.043198443949222565e-02 6.227570585906505585e-03 2.057180181145668030e-02 1.169223245233297348e-02 6.621132045984268188e-02 1.881393417716026306e-02 6.674833595752716064e-02 1.850769389420747757e-03 7.499672938138246536e-03 2.136510564014315605e-03 7.367512211203575134e-03 3.802740713581442833e-03 1.319699175655841827e-02 2.094114013016223907e-02 4.784505348652601242e-03 3.154214471578598022e-02 2.703000046312808990e-02 4.000775143504142761e-02 2.955858968198299408e-02 5.584813654422760010e-03 6.613417062908411026e-04 2.149972692131996155e-02 4.854414239525794983e-02 2.680142410099506378e-02 2.635380718857049942e-03 3.150559030473232269e-03 9.641552343964576721e-03 1.379934139549732208e-02 6.370436400175094604e-03 1.036234013736248016e-02 7.228341419249773026e-03 1.820546202361583710e-02 1.297304406762123108e-02 1.116787362843751907e-02 1.465902943164110184e-02 2.811157144606113434e-02 4.145292565226554871e-03 1.391575392335653305e-02 2.065301313996315002e-02 5.453749094158411026e-03 8.303879760205745697e-03 5.869180429726839066e-03 2.348821796476840973e-02
4.512370750308036804e-02 1.699278317391872406e-02 4.290578421205282211e-03 1.528219785541296005e-02 1.857225038111209869e-02 4.006686434149742126e-02 4.272122308611869812e-02 4.684840794652700424e-03 4.658921621739864349e-03 1.636145287193357944e-03 8.073906898498535156e-01 6.726894993335008621e-03 2.909847348928451538e-02 1.276000868529081345e-02 9.024637751281261444e-03 7.213674485683441162e-03 6.110625807195901871e-03 5.254235584288835526e-03 1.074191182851791382e-02 1.715668849647045135e-02 3.164301067590713501e-02 2.323727868497371674e-02 2.408412843942642212e-02 2.559815905988216400e-02 1.720059080980718136e-03 1.020268071442842484e-02 5.250844173133373260e-03 1.187712885439395905e-02 3.930951654911041260e-02 4.462801385670900345e-03 2.375954389572143555e-02 6.957710720598697662e-03 1.751116290688514709e-02 1.172978989779949188e-02 3.254669485613703728e-03 4.559378325939178467e-02 8.801574818789958954e-03 1.185796223580837250e-02 1.732648164033889771e-02 7.050113752484321594e-03 9.384498116560280323e-04 1.131399814039468765e-02 2.368141897022724152e-02 1.850774884223937988e-02 3.161371499300003052e-02 2.555949054658412933e-02 2.897610329091548920e-02 4.089504107832908630e-02 1.096509583294391632e-02 7.841727696359157562e-03 4.071857780218124390e-03 1.522060250863432884e-03 1.237962208688259125e-02 7.821802049875259399e-03 8.902845904231071472e-03 2.907082065939903259e-02 3.470398485660552979e-02 9.459994733333587646e-03 3.337275236845016479e-02 1.138842664659023285e-02 7.289442233741283417e-03 1.465397048741579056e-02 1.423659268766641617e-02 2.737660659477114677e-03 4.192019626498222351e-02 3.038587421178817749e-02 2.546455152332782745e-02 3.429541736841201782e-02 6.640592124313116074e-03 6.775153335183858871e-03 7.330799475312232971e-03 1.379784545861184597e-03 9.880210272967815399e-03 2.103792503476142883e-02 6.280555680859833956e-05 1.534357853233814240e-02 9.353015571832656860e-03 1.158925518393516541e-02 1.279875356703996658e-02 6.672245915979146957e-03 5.422729533165693283e-03 9.936809074133634567e-04 2.964868035633116961e-04 1.387615501880645752e-02 1.004931633360683918e-03 1.892278902232646942e-02 1.231327839195728302e-02 4.374526813626289368e-02 2.955747209489345551e-02 1.465525198727846146e-02 2.093728817999362946e-02 1.896597817540168762e-02 1.083728764206171036e-02 2.492896094918251038e-02 6.995484698563814163e-03 6.217386573553085327e-03 1.111038867384195328e-02 3.534017829224467278e-03 1.255691424012184143e-02 2.788926847279071808e-02 7.127644028514623642e-03 7.614454254508018494e-03 1.197370328009128571e-02 1.993802376091480255e-02 1.169360429048538208e-02 5.851987749338150024e-03 8.108556270599365234e-03 5.495111923664808273e-03 2.148326719179749489e-03 1.811485551297664642e-02 3.283748636022210121e-03 2.167120389640331268e-02 3.135512769222259521e-02 3.503707051277160645e-02 2.926118904724717140e-03 7.085101678967475891e-03
3.284908458590507507e-02 2.900038287043571472e-02 1.493922155350446701e-02 6.560940295457839966e-03 7.440402638167142868e-03 3.354860842227935791e-02 5.539623554795980453e-03 1.696619205176830292e-02 2.476684562861919403e-02 1.102135982364416122e-03 6.726894993335008621e-03 8.073906898498535156e-01 1.840742770582437515e-04 5.746005475521087646e-02 1.037443429231643677e-02 1.541929552331566811e-03 2.253158250823616982e-03 1.162408385425806046e-02 2.400997467339038849e-02 1.610797335160896182e-04 9.276645258069038391e-03 1.766372006386518478e-03 2.135836705565452576e-02 5.474758800119161606e-03 2.837798371911048889e-02 2.214220538735389709e-02 2.939965203404426575e-02 4.579841718077659607e-02 1.385290408506989479e-03 3.905354812741279602e-02 1.353190653026103973e-02 2.961721271276473999e-02 3.138033300638198853e-02 2.902170829474925995e-02 2.793806418776512146e-02 2.195802517235279083e-02 2.393382601439952850e-02 3.192059323191642761e-02 5.745491362176835537e-04 9.720787405967712402e-03 9.303019382059574127e-03 3.082174062728881836e-02 3.612793982028961182e-02 1.064370479434728622e-02 3.312282264232635498e-02 2.019445411860942841e-02 2.648184262216091156e-02 5.003063473850488663e-03 4.323912411928176880e-02 4.630916938185691833e-02 1.304295007139444351e-02 6.275292951613664627e-03 8.992902934551239014e-03 6.584224756807088852e-03 2.349239401519298553e-02 2.824885025620460510e-02 3.671723231673240662e-02 3.095508553087711334e-02 3.096140548586845398e-02 6.278917659074068069e-03 2.518612891435623169e-02 3.987455740571022034e-02 1.387943048030138016e-02 1.969185285270214081e-02 7.124084047973155975e-03 1.101774629205465317e-02 3.010684438049793243e-02 2.062710933387279510e-02 2.797372639179229736e-02 2.224345691502094269e-02 1.886456459760665894e-02 1.817834936082363129e-02 1.609961315989494324e-02 8.608282543718814850e-03 1.588721387088298798e-02 1.173686143010854721e-02 5.001059267669916153e-03 9.282504208385944366e-03 2.805771119892597198e-02 7.454837672412395477e-03 1.254506874829530716e-03 1.234004460275173187e-02 5.771970376372337341e-03 3.046252392232418060e-02 3.551458194851875305e-02 2.431472018361091614e-02 9.954645298421382904e-03 7.140743546187877655e-03 2.139293355867266655e-03 2.921834029257297516e-02 7.543132640421390533e-03 4.923443775624036789e-03 1.116862334311008453e-02 1.411543879657983780e-02 2.496554050594568253e-03 8.652471937239170074e-03 6.385540124028921127e-03 1.701525412499904633e-02 4.055652394890785217e-02 2.676143869757652283e-02 2.347698248922824860e-02 1.229331921786069870e-02 7.834856398403644562e-03 1.924533862620592117e-03 1.328211277723312378e-02 1.071099564433097839e-02 3.625999018549919128e-02 1.284174621105194092e-03 1.066443510353565216e-02 1.334916800260543823e-02 9.967011399567127228e-03 3.480767831206321716e-03 2.165695279836654663e-02 9.689029306173324585e-03 1.681167446076869965e-02 4.361076862551271915e-04
3.735102340579032898e-02 6.633745878934860229e-02 2.313209697604179382e-02 2.740018069744110107e-02 1.846346189267933369e-03 1.732143573462963104e-02 1.576512493193149567e-02 2.536056749522686005e-02 1.395682059228420258e-02 5.460437852889299393e-03 2.909847348928451538e-02 1.840742770582437515e-04 8.073906898498535156e-01 1.266912184655666351e-02 2.172553166747093201e-02 3.526354581117630005e-02 2.025535795837640762e-03 2.149963937699794769e-02 1.238496188307181001e-04 1.906992867588996887e-02 1.176838390529155731e-02 3.111933730542659760e-02 2.875762991607189178e-02 7.460819557309150696e-03 1.514204777777194977e-02 1.813720166683197021e-02 3.015435067936778069e-03 2.465418912470340729e-02 2.167257945984601974e-03 9.543983265757560730e-03 3.074770793318748474e-02 1.200096402317285538e-02 2.679278841242194176e-04 1.303743571043014526e-02 5.439226515591144562e-03 7.961043738760054111e-04 1.428033690899610519e-03 5.790797062218189240e-03 3.002196550369262695e-02 1.244918350130319595e-02 1.227987371385097504e-02 6.687705870717763901e-03 1.516448147594928741e-02 1.935211382806301117e-02 1.591584645211696625e-02 6.680997554212808609e-03 4.361353814601898193e-02 1.998875290155410767e-02 2.062883414328098297e-02 4.029915668070316315e-03 5.242277868092060089e-03 1.285914913751184940e-03 1.162502355873584747e-02 6.648327223956584930e-03 1.696338877081871033e-02 1.529888622462749481e-02 3.711024671792984009e-02 5.131707526743412018e-03 1.877157576382160187e-02 1.633963733911514282e-02 4.860734101384878159e-03 6.882088724523782730e-03 6.623933557420969009e-03 2.451061271131038666e-03 4.548853263258934021e-03 4.396554082632064819e-02 9.980500675737857819e-03 2.095935121178627014e-02 8.645279332995414734e-03 5.982564762234687805e-03 2.137347683310508728e-02 3.455763449892401695e-03 1.275652181357145309e-02 2.231188351288437843e-03 1.113484380766749382e-03 1.477142889052629471e-02 2.172134700231254101e-04 1.491560786962509155e-02 3.658978966996073723e-03 2.042577415704727173e-02 1.050633471459150314e-02 4.942398518323898315e-03 1.887253299355506897e-02 9.515255078440532088e-05 2.968326583504676819e-02 2.067582309246063232e-02 2.695220150053501129e-02 2.917400747537612915e-02 6.795193767175078392e-04 8.334153331816196442e-03 1.575227268040180206e-02 2.664222009479999542e-02 3.023173473775386810e-02 3.145108371973037720e-02 4.728240426629781723e-03 8.553391322493553162e-03 1.269135531038045883e-02 2.828982099890708923e-02 4.988365806639194489e-03 2.162159886211156845e-03 6.886697839945554733e-03 8.302311412990093231e-03 2.157691679894924164e-02 2.137861214578151703e-02 3.498735837638378143e-03 2.207552269101142883e-02 1.955101266503334045e-03 1.845175214111804962e-02 9.926677681505680084e-03 1.295011723414063454e-03 2.818690612912178040e-02 2.380464924499392509e-03 9.474034421145915985e-03 3.616146044805645943e-03 1.383356470614671707e-02 3.308716462925076485e-03
