8.338202238082885742e-01 8.639615029096603394e-02 2.131610363721847534e-02 6.657485384494066238e-03 9.244089946150779724e-03 4.087175056338310242e-02 3.319706767797470093e-02 1.900685206055641174e-02 1.045901793986558914e-02 1.278565358370542526e-02 3.689599409699440002e-02 2.367055974900722504e-02 1.744134165346622467e-02 1.365211093798279762e-03 2.164108864963054657e-02 2.373865805566310883e-03 5.287531763315200806e-03 1.862700097262859344e-02 2.250455552712082863e-03 1.541365636512637138e-03 6.415301468223333359e-03 2.631581760942935944e-02 8.473877795040607452e-03 8.553138468414545059e-04 2.240249887108802795e-02 1.821444183588027954e-02 2.018966898322105408e-02 3.871403168886899948e-03 3.332720138132572174e-03 2.716274684644304216e-05 1.574096386320888996e-03 1.784373773261904716e-03 2.047957479953765869e-02 9.006828069686889648e-03 2.304243855178356171e-02 3.913122788071632385e-02 3.701398149132728577e-02 2.052530273795127869e-02 9.570813737809658051e-03 1.192874647676944733e-02 4.243525676429271698e-03 4.111979901790618896e-02 2.806488797068595886e-02 2.353135496377944946e-02 9.096665307879447937e-03 1.132383942604064941e-02 3.156557306647300720e-02 4.864754155278205872e-02 1.829521730542182922e-02 3.301279211882501841e-04 2.419152297079563141e-02 2.211182937026023865e-02 1.268869824707508087e-02 8.583896793425083160e-03 1.919307373464107513e-02 1.488074194639921188e-02 2.766452543437480927e-02 3.218935430049896240e-02 3.565303049981594086e-03 9.682070463895797729e-03 1.589395664632320404e-02 1.866275630891323090e-02 3.008888848125934601e-02 2.488118968904018402e-02 1.838891883380711079e-03 8.862932212650775909e-03 1.743001118302345276e-02 3.549770219251513481e-03 2.610261784866452217e-03 8.187361061573028564e-03 2.290946431457996368e-02 6.829259917140007019e-03 3.405503695830702782e-03 1.131910271942615509e-02 1.703421212732791901e-02 7.509473711252212524e-03 2.108582295477390289e-03 2.158430032432079315e-02 5.739724263548851013e-03 2.266618981957435608e-02 4.600803833454847336e-03 7.498052436858415604e-04 1.450483966618776321e-02 1.414343831129372120e-03 4.736212082207202911e-03 1.782137341797351837e-02 1.197579130530357361e-02 1.007827278226613998e-02 9.020974859595298767e-03 2.803445048630237579e-02 2.580798231065273285e-02 5.160379223525524139e-03 2.081306837499141693e-02 4.278669599443674088e-03 3.467838279902935028e-03 8.616460487246513367e-03 5.942770279943943024e-03 1.372037641704082489e-02 1.236990187317132950e-02 2.598150633275508881e-03 3.344252705574035645e-03 3.861876903101801872e-03 4.996865987777709961e-03 1.306665036827325821e-02 1.788782887160778046e-02 2.422096394002437592e-02 1.399710308760404587e-04 9.240523650078102946e-05 1.434657722711563110e-02 3.472507372498512268e-02 5.341520067304372787e-03 3.431095508858561516e-03 1.580228097736835480e-02 4.505301825702190399e-03 8.177105337381362915e-03 1.406032312661409378e-02
8.639615029096603394e-02 8.338202238082885742e-01 8.401739411056041718e-03 8.184032514691352844e-03 6.375676020979881287e-03 8.738022297620773315e-03 3.837088495492935181e-02 1.484106644056737423e-03 1.542504876852035522e-03 1.757161319255828857e-02 1.391754951328039169e-02 3.457101061940193176e-03 3.165588155388832092e-02 9.908494539558887482e-03 2.959614247083663940e-02 5.709401797503232956e-03 1.612159609794616699e-02 1.483400259166955948e-02 1.039486378431320190e-02 7.881330326199531555e-03 7.497639395296573639e-03 1.284275949001312256e-02 6.618122104555368423e-03 1.712387055158615112e-02 6.486563012003898621e-03 1.787098310887813568e-02 4.813891369849443436e-03 1.459408644586801529e-02 6.143923383206129074e-03 1.492065843194723129e-02 3.058721194975078106e-04 8.589798584580421448e-03 1.900042220950126648e-02 1.790949888527393341e-02 2.164786122739315033e-02 4.588324204087257385e-02 3.678638115525245667e-02 1.770317740738391876e-02 1.142559852451086044e-02 6.918413564562797546e-03 6.596032530069351196e-03 2.899372205138206482e-02 9.723581024445593357e-04 2.576543763279914856e-02 1.394466310739517212e-02 6.603921297937631607e-03 6.991383852437138557e-04 6.407038122415542603e-02 7.340849377214908600e-03 2.784254960715770721e-03 1.345531269907951355e-02 1.602241583168506622e-02 1.037011574953794479e-02 1.117420103400945663e-02 3.235639259219169617e-02 1.277086324989795685e-02 8.660608902573585510e-03 2.595426887273788452e-02 6.331663578748703003e-03 7.648054976016283035e-03 1.570396311581134796e-02 1.800460554659366608e-02 1.718182116746902466e-02 1.643593981862068176e-02 1.299833133816719055e-02 8.879877626895904541e-03 8.350798860192298889e-03 5.292315967381000519e-03 4.931020084768533707e-03 3.643562551587820053e-03 1.927947811782360077e-02 8.404967375099658966e-03 4.785272758454084396e-03 1.822316087782382965e-02 1.405190862715244293e-02 9.547885507345199585e-03 3.473950782790780067e-03 2.206782251596450806e-02 2.700540469959378242e-03 1.988261193037033081e-02 1.018003560602664948e-03 8.384275250136852264e-03 1.158540789037942886e-02 8.515457622706890106e-03 2.198787406086921692e-02 1.695481687784194946e-02 3.137235529720783234e-03 9.483901783823966980e-03 1.047322712838649750e-02 2.913015335798263550e-02 4.997853189706802368e-03 1.152430661022663116e-02 2.891981415450572968e-02 3.998958971351385117e-03 1.074239704757928848e-02 1.561930216848850250e-02 2.150356397032737732e-02 1.786980219185352325e-02 4.686858505010604858e-03 1.886010728776454926e-02 3.951054997742176056e-03 1.446965988725423813e-02 1.060308236628770828e-02 7.703355047851800919e-03 4.134061746299266815e-03 2.304451726377010345e-02 1.053427904844284058e-02 1.310290955007076263e-02 1.129174791276454926e-02 2.234946005046367645e-02 3.870693268254399300e-03 1.082582678645849228e-02 1.207688730210065842e-02 1.963668316602706909e-02 2.027252689003944397e-03 1.635655760765075684e-02
2.131610363721847534e-02 8.401739411056041718e-03 8.338202238082885742e-01 2.232385333627462387e-03 1.152452733367681503e-02 6.805268581956624985e-03 1.058829762041568756e-02 9.829312562942504883e-03 8.676724508404731750e-03 2.516747638583183289e-02 6.050643976777791977e-03 1.171060837805271149e-02 1.334524806588888168e-02 1.408157963305711746e-02 9.212388657033443451e-03 6.302443798631429672e-03 5.346443504095077515e-03 6.169147323817014694e-03 5.619641859084367752e-03 7.331182248890399933e-03 1.195620000362396240e-02 6.672979798167943954e-03 4.345675464719533920e-03 3.455893136560916901e-03 1.567162573337554932e-02 1.995568908751010895e-02 1.086982549168169498e-03 2.947506867349147797e-02 2.393787261098623276e-03 1.817013509571552277e-02 5.955444648861885071e-04 6.954248528927564621e-03 1.793370209634304047e-02 1.673978986218571663e-03 2.062413282692432404e-02 1.955652050673961639e-02 2.143566869199275970e-02 1.761074736714363098e-02 9.842024184763431549e-03 1.771244034171104431e-02 3.820053488016128540e-02 2.153941057622432709e-02 2.170332521200180054e-02 3.177304565906524658e-02 1.717835664749145508e-02 7.283934857696294785e-03 1.709255948662757874e-02 3.828344866633415222e-02 2.490677870810031891e-03 2.251972444355487823e-02 1.605050824582576752e-02 9.106844663619995117e-03 1.588637940585613251e-02 1.114847511053085327e-02 3.105840645730495453e-03 3.337181732058525085e-02 2.737584896385669708e-02 2.276991866528987885e-02 1.154624670743942261e-02 9.841784834861755371e-03 6.523032207041978836e-03 3.133250772953033447e-02 2.743057347834110260e-02 2.074124477803707123e-02 1.499435212463140488e-02 2.395084872841835022e-02 8.391760289669036865e-03 1.114237122237682343e-02 3.497121622785925865e-03 1.194554939866065979e-02 2.420110441744327545e-02 2.392064221203327179e-02 8.363602682948112488e-03 1.689678989350795746e-02 1.184248831123113632e-02 1.553458534181118011e-02 9.271823801100254059e-03 1.920655742287635803e-02 8.320737630128860474e-03 1.314734108746051788e-02 3.681009635329246521e-02 4.325870797038078308e-02 1.967178657650947571e-02 1.640908792614936829e-02 1.347417198121547699e-02 1.262329425662755966e-02 1.864841766655445099e-02 1.319551095366477966e-02 1.490867231041193008e-02 5.996780237182974815e-04 2.022816240787506104e-02 2.315973304212093353e-02 3.289479762315750122e-02 2.211683243513107300e-02 4.847494419664144516e-03 5.181996617466211319e-03 1.355006359517574310e-02 1.959713920950889587e-02 9.500909596681594849e-03 3.387001575902104378e-03 4.407306842040270567e-04 5.815263371914625168e-03 1.622883789241313934e-02 2.277608402073383331e-02 6.609952542930841446e-03 3.223849227651953697e-03 2.804660703986883163e-03 4.433259600773453712e-04 3.122259164229035378e-03 9.634506888687610626e-03 2.690983749926090240e-02 1.581767760217189789e-02 2.960013784468173981e-02 2.192061394453048706e-02 2.276627719402313232e-02 2.549321949481964111e-02
6.657485384494066238e-03 8.184032514691352844e-03 2.232385333627462387e-03 8.338202238082885742e-01 8.513786643743515015e-02 8.082664571702480316e-03 1.801384799182415009e-02 1.524363923817873001e-02 1.712839864194393158e-02 9.913524612784385681e-03 2.435101429000496864e-03 4.107508342713117599e-03 1.350581087172031403e-02 1.394617278128862381e-02 2.373733092099428177e-03 7.818155921995639801e-03 1.600789837539196014e-02 5.047519505023956299e-02 3.745403885841369629e-02 3.359329327940940857e-02 2.447628043591976166e-02 1.926396228373050690e-02 1.709652133285999298e-02 1.742760278284549713e-02 2.418746426701545715e-02 2.806201763451099396e-02 1.896328106522560120e-02 7.329581771045923233e-03 4.580140113830566406e-03 2.038400998571887612e-04 4.622119478881359100e-03 2.805238030850887299e-02 8.305033668875694275e-03 1.746467128396034241e-02 1.291414164006710052e-02 9.817278943955898285e-03 1.273280708119273186e-03 7.615617942065000534e-03 2.435516193509101868e-02 1.356906816363334656e-02 5.194786936044692993e-03 2.089708577841520309e-03 1.275792345404624939e-02 1.033128798007965088e-02 1.346218958497047424e-02 1.011739950627088547e-02 5.183447618037462234e-03 7.626300211995840073e-03 1.992540247738361359e-02 5.189759656786918640e-03 2.991669811308383942e-02 1.311672572046518326e-02 7.978353649377822876e-03 2.264607883989810944e-02 3.113691462203860283e-03 3.147209528833627701e-03 1.686809584498405457e-02 1.084015518426895142e-02 1.413119025528430939e-02 9.982805931940674782e-04 2.474761940538883209e-02 1.570037193596363068e-02 1.949606667039915919e-04 8.774406276643276215e-03 8.158470503985881805e-03 6.199231138452887535e-04 1.224113255739212036e-02 1.414478104561567307e-02 5.615131929516792297e-02 1.803834550082683563e-02 1.645704358816146851e-02 2.090544998645782471e-02 6.159749254584312439e-02 7.441810332238674164e-03 3.145579621195793152e-02 1.032198034226894379e-02 4.040703177452087402e-03 8.565255440771579742e-03 2.448467910289764404e-02 2.635526470839977264e-02 1.030034571886062622e-02 1.961433328688144684e-03 5.679040402173995972e-02 4.195210710167884827e-02 7.962815463542938232e-03 8.882330730557441711e-03 6.415022071450948715e-03 4.676084499806165695e-03 1.569337397813796997e-02 1.339330244809389114e-02 1.015210431069135666e-02 5.611802451312541962e-03 6.705761887133121490e-03 1.158401649445295334e-02 2.233622409403324127e-02 1.124656992033123970e-03 5.466674920171499252e-03 6.888374336995184422e-04 7.038158364593982697e-03 1.318886497756466269e-04 8.377447724342346191e-03 2.501769457012414932e-03 6.411430425941944122e-03 8.352237753570079803e-03 1.072008721530437469e-02 4.687519744038581848e-03 1.302887219935655594e-02 2.206032723188400269e-02 1.976411091163754463e-03 1.043192390352487564e-02 6.181275006383657455e-03 5.739650223404169083e-03 5.050994455814361572e-03 1.536564622074365616e-02 1.085171941667795181e-02 1.032524090260267258e-02
9.244089946150779724e-03 6.375676020979881287e-03 1.152452733367681503e-02 8.513786643743515015e-02 8.338202238082885742e-01 5.923637654632329941e-03 2.954277675598859787e-03 2.981780853588134050e-04 5.139694549143314362e-03 5.824251566082239151e-03 8.201318792998790741e-03 6.530907470732927322e-03 8.235551649704575539e-05 1.615799590945243835e-02 1.763518340885639191e-02 7.714426610618829727e-03 1.111431512981653214e-02 4.927563667297363281e-02 4.843256250023841858e-02 3.659654781222343445e-02 2.689247205853462219e-02 2.084271796047687531e-02 2.913863398134708405e-02 2.113448642194271088e-02 3.372306004166603088e-02 2.591039799153804779e-02 2.730372734367847443e-02 9.412043727934360504e-03 5.837625823915004730e-03 8.462354540824890137e-03 3.355784807354211807e-03 2.939494699239730835e-02 2.752935979515314102e-03 2.505384385585784912e-02 1.969794742763042450e-02 6.130773108452558517e-03 1.583037897944450378e-02 1.105630863457918167e-02 2.386154234409332275e-02 2.140001393854618073e-02 6.663515698164701462e-03 1.946440897881984711e-03 1.251350622624158859e-03 7.909427396953105927e-03 1.395231392234563828e-02 1.356384251266717911e-02 8.770507993176579475e-04 7.572181522846221924e-03 9.684025309979915619e-03 2.016162732616066933e-03 5.635442212224006653e-03 4.934777040034532547e-03 1.191492099314928055e-02 2.112089097499847412e-02 1.224376494064927101e-03 3.513562260195612907e-04 3.253616392612457275e-02 1.231981255114078522e-02 5.426343064755201340e-03 1.538694952614605427e-03 1.804835908114910126e-02 3.569930791854858398e-03 3.087533987127244473e-04 3.637160640209913254e-03 5.490955081768333912e-04 2.264312002807855606e-03 2.764747664332389832e-02 2.607044950127601624e-02 3.411821275949478149e-02 9.866151958703994751e-03 1.116882544010877609e-02 2.091973274946212769e-02 5.499130859971046448e-02 2.156916307285428047e-03 4.788324236869812012e-02 1.389927230775356293e-02 1.692102290689945221e-03 3.136874409392476082e-03 2.518893219530582428e-02 2.693465724587440491e-02 3.777008270844817162e-03 8.943221531808376312e-03 4.910308122634887695e-02 5.194774270057678223e-02 4.232174251228570938e-03 5.665610078722238541e-03 7.921593263745307922e-03 1.198741234838962555e-02 1.137830782681703568e-02 1.236740220338106155e-02 9.092854335904121399e-03 7.169724442064762115e-03 5.652850377373397350e-04 1.409637276083230972e-02 2.504869922995567322e-02 4.533588886260986328e-03 4.729641135782003403e-03 8.929962292313575745e-03 1.032313611358404160e-02 5.461613181978464127e-03 8.306885138154029846e-03 2.762701595202088356e-03 8.654668927192687988e-03 1.397074107080698013e-02 9.248129092156887054e-03 4.430470056831836700e-03 2.089464571326971054e-03 1.210983283817768097e-02 1.033170800656080246e-02 7.949934341013431549e-03 7.644209545105695724e-03 5.396495573222637177e-03 7.978426292538642883e-03 7.525002583861351013e-03 1.827902905642986298e-02 1.060930360108613968e-02
4.087175056338310242e-02 8.738022297620773315e-03 6.805268581956624985e-03 8.082664571702480316e-03 5.923637654632329941e-03 8.338202238082885742e-01 5.354909971356391907e-02 4.524222016334533691e-02 2.501968480646610260e-02 2.480824477970600128e-02 4.491356387734413147e-02 3.802802786231040955e-02 2.460021898150444031e-02 1.984553225338459015e-02 9.847198612987995148e-03 9.064691141247749329e-03 7.771974429488182068e-03 5.728532094508409500e-03 1.412971876561641693e-02 1.629988662898540497e-02 3.023244906216859818e-03 2.989617921411991119e-02 1.706829294562339783e-02 1.884895004332065582e-02 7.979957386851310730e-03 1.254294812679290771e-02 3.590169176459312439e-02 1.252938341349363327e-02 1.403534132987260818e-02 8.806712925434112549e-03 6.238122005015611649e-03 1.557519310154020786e-03 6.085932720452547073e-03 1.050348952412605286e-02 1.162069011479616165e-02 6.945531349629163742e-03 5.126076284795999527e-03 2.416406199336051941e-02 5.030981265008449554e-03 4.110774025321006775e-04 2.194111235439777374e-02 2.313952520489692688e-02 4.083818197250366211e-02 3.241613879799842834e-02 1.940836012363433838e-02 3.323002159595489502e-02 6.073134765028953552e-02 1.493862085044384003e-02 4.370265640318393707e-03 1.550301071256399155e-02 3.338060155510902405e-02 2.260973677039146423e-02 2.052276208996772766e-02 1.714479364454746246e-02 1.495637279003858566e-02 1.350519945845007896e-03 1.187453744933009148e-04 1.621998474001884460e-02 2.433066442608833313e-02 2.632191590964794159e-02 5.377323366701602936e-03 2.564362250268459320e-03 1.698539406061172485e-02 2.583958208560943604e-03 2.535354532301425934e-02 1.929862983524799347e-02 7.405631709843873978e-03 5.443587899208068848e-03 2.718307077884674072e-03 2.519086375832557678e-02 5.691440310329198837e-03 2.141769044101238251e-02 2.786598401144146919e-03 1.018202863633632660e-02 1.512993127107620239e-03 1.600468344986438751e-02 1.573006622493267059e-02 1.024721655994653702e-02 6.785892881453037262e-03 1.120313536375761032e-02 2.988901175558567047e-02 3.023588471114635468e-02 1.484151836484670639e-02 3.318540751934051514e-03 4.540374875068664551e-02 2.192701678723096848e-03 2.326091192662715912e-02 2.803082019090652466e-02 1.391156576573848724e-02 1.282740104943513870e-02 3.427856415510177612e-02 2.562035620212554932e-02 3.888325300067663193e-03 2.362011000514030457e-02 5.734161473810672760e-03 1.267019286751747131e-02 3.394654195290058851e-04 1.021861378103494644e-02 1.900521107017993927e-02 2.576415427029132843e-02 1.057466678321361542e-02 1.942885480821132660e-02 5.596570204943418503e-03 6.810510531067848206e-03 6.846965290606021881e-03 8.288383251056075096e-04 7.180004380643367767e-03 2.188750728964805603e-02 3.489615162834525108e-03 2.998161362484097481e-03 7.268283981829881668e-03 2.833454404026269913e-03 2.064008638262748718e-02 2.056707069277763367e-02 2.495360327884554863e-03 8.223057724535465240e-03
3.319706767797470093e-02 3.837088495492935181e-02 1.058829762041568756e-02 1.801384799182415009e-02 2.954277675598859787e-03 5.354909971356391907e-02 8.338202238082885742e-01 2.961813658475875854e-02 2.943839877843856812e-02 1.208851858973503113e-02 4.037993773818016052e-02 3.227972239255905151e-02 4.829575121402740479e-02 2.474818006157875061e-02 2.401678822934627533e-02 7.011897861957550049e-03 5.184836336411535740e-04 8.927488699555397034e-03 6.853703409433364868e-03 1.408754475414752960e-02 1.708723371848464012e-03 1.991269178688526154e-02 1.347716897726058960e-02 2.719306619837880135e-03 1.256275805644690990e-03 8.520388975739479065e-03 1.503879111260175705e-02 1.310568861663341522e-02 1.858295127749443054e-02 2.747834473848342896e-02 2.133440598845481873e-02 2.780830545816570520e-04 1.432239450514316559e-02 2.114051021635532379e-03 1.870610937476158142e-02 4.329953808337450027e-03 6.708252243697643280e-03 2.239930257201194763e-02 5.599025171250104904e-03 3.315099165774881840e-04 1.668728888034820557e-02 2.840995788574218750e-02 2.777547016739845276e-02 2.477330714464187622e-02 1.400406565517187119e-02 2.801018767058849335e-02 4.191225767135620117e-02 4.670761153101921082e-02 5.773822340415790677e-05 5.402637179940938950e-04 4.849804565310478210e-02 3.555862605571746826e-02 1.618612557649612427e-02 1.387721672654151917e-02 1.434811018407344818e-02 9.340807795524597168e-03 6.078185513615608215e-03 2.681600395590066910e-03 2.169058658182621002e-02 3.286343067884445190e-02 3.377768211066722870e-03 2.628077287226915359e-03 6.997460965067148209e-03 1.045946776866912842e-02 2.159260399639606476e-02 2.736441791057586670e-02 1.091723446734249592e-03 5.679686553776264191e-03 9.328041225671768188e-03 1.190266478806734085e-02 7.834092830307781696e-04 1.999231427907943726e-02 5.139814224094152451e-03 6.619579158723354340e-03 2.241274574771523476e-03 1.820336468517780304e-02 3.269367665052413940e-02 1.339992228895425797e-02 2.407894097268581390e-02 1.222810475155711174e-03 1.503305882215499878e-02 1.542742829769849777e-02 1.346932630985975266e-02 1.843934878706932068e-02 3.080141544342041016e-02 1.561662647873163223e-02 1.253091916441917419e-02 2.105480618774890900e-02 1.636232947930693626e-03 2.604591473937034607e-02 2.913248538970947266e-02 1.160716917365789413e-02 2.193459868431091309e-02 2.512174099683761597e-02 1.266058627516031265e-02 9.344998747110366821e-03 9.686558507382869720e-03 1.841914723627269268e-03 2.010370045900344849e-02 2.148961462080478668e-02 1.442738343030214310e-03 6.873209495097398758e-03 1.199883036315441132e-02 8.187208324670791626e-03 8.050580509006977081e-03 4.880255088210105896e-03 6.029918324202299118e-03 1.402072887867689133e-02 8.108178153634071350e-03 1.495175249874591827e-02 1.166666671633720398e-02 1.618821732699871063e-02 1.857374235987663269e-02 1.774974726140499115e-02 1.513849757611751556e-02 6.016117986291646957e-03
1.900685206055641174e-02 1.484106644056737423e-03 9.829312562942504883e-03 1.524363923817873001e-02 2.981780853588134050e-04 4.524222016334533691e-02 2.961813658475875854e-02 8.338202238082885742e-01 2.064002305269241333e-02 2.822359651327133179e-02 2.967233955860137939e-02 1.314826775342226028e-02 1.255063246935606003e-02 1.719228178262710571e-02 2.637648582458496094e-02 1.079870946705341339e-02 1.045566424727439880e-02 8.828610880300402641e-04 1.166800316423177719e-02 2.417452400550246239e-03 2.752916887402534485e-03 1.660544611513614655e-02 1.415951270610094070e-02 1.508161518722772598e-02 9.207637980580329895e-03 9.166960604488849640e-03 2.519355528056621552e-02 4.742509918287396431e-04 1.525855739600956440e-03 1.939535140991210938e-02 1.559497602283954620e-02 3.890821011736989021e-03 1.065388228744268417e-02 5.894257687032222748e-03 3.993214573711156845e-03 9.107167832553386688e-03 1.897345529869198799e-03 2.617889642715454102e-02 8.749021217226982117e-03 1.309803500771522522e-02 2.933992072939872742e-02 1.582454331219196320e-02 2.622442692518234253e-02 4.046619683504104614e-02 7.821043953299522400e-03 2.439123950898647308e-02 3.093333356082439423e-02 1.976333791390061378e-03 1.096801133826375008e-03 8.874529041349887848e-03 1.202093157917261124e-02 5.754181649535894394e-03 1.143565587699413300e-02 1.824982278048992157e-02 5.756065715104341507e-03 5.506967660039663315e-03 6.094099953770637512e-03 2.072572335600852966e-02 1.556138601154088974e-02 2.286342345178127289e-02 1.075325626879930496e-02 1.127301249653100967e-02 1.111773657612502575e-03 1.302145607769489288e-02 1.578866317868232727e-02 2.040143497288227081e-02 9.971173480153083801e-03 5.382057279348373413e-03 4.475078545510768890e-03 1.520862709730863571e-02 1.113470736891031265e-02 1.546726841479539871e-02 1.006904058158397675e-03 5.579078570008277893e-03 4.435384646058082581e-03 2.645598165690898895e-02 5.185152869671583176e-03 2.411929517984390259e-02 2.456690650433301926e-03 1.646313630044460297e-02 6.026998534798622131e-02 4.058230295777320862e-02 5.178117193281650543e-03 4.050802905112504959e-03 4.132414609193801880e-02 1.695924252271652222e-02 4.381042718887329102e-02 4.374358057975769043e-02 2.145160548388957977e-02 8.194686844944953918e-03 1.522060390561819077e-02 3.132389858365058899e-02 9.104502387344837189e-03 2.079781331121921539e-02 1.127959508448839188e-02 1.368496473878622055e-02 3.819969482719898224e-03 2.856783941388130188e-02 6.782321259379386902e-03 9.857226163148880005e-03 2.243715338408946991e-03 2.375599979131948203e-05 1.320031937211751938e-02 2.197150327265262604e-02 1.006930973380804062e-02 1.770445145666599274e-02 3.539642319083213806e-03 8.258236572146415710e-03 1.666335505433380604e-03 1.224870886653661728e-02 1.894351281225681305e-02 1.168110501021146774e-02 1.964238239452242851e-03 6.069414317607879639e-03 3.675323212519288063e-03 1.800986565649509430e-02
1.045901793986558914e-02 1.542504876852035522e-03 8.676724508404731750e-03 1.712839864194393158e-02 5.139694549143314362e-03 2.501968480646610260e-02 2.943839877843856812e-02 2.064002305269241333e-02 8.338202238082885742e-01 3.502867370843887329e-02 2.385083585977554321e-02 4.057076573371887207e-02 1.617881469428539276e-02 2.683125622570514679e-02 2.409757301211357117e-02 3.081353008747100830e-02 3.077634051442146301e-02 1.362262107431888580e-02 9.977562353014945984e-03 1.588465529493987560e-03 4.067333880811929703e-03 2.987341769039630890e-02 2.393261715769767761e-02 1.826151460409164429e-02 1.438557915389537811e-02 3.023974038660526276e-02 3.410270437598228455e-02 6.247937679290771484e-03 1.176901813596487045e-02 1.757038384675979614e-02 1.207581907510757446e-02 2.703177183866500854e-02 3.166666999459266663e-02 1.268737204372882843e-02 2.716894075274467468e-02 5.629946943372488022e-03 7.419876754283905029e-03 2.859746478497982025e-02 7.206262089312076569e-03 1.315753441303968430e-02 2.000413648784160614e-02 2.055868878960609436e-02 8.526115678250789642e-03 1.156606059521436691e-02 2.088524587452411652e-02 8.247360587120056152e-03 2.270947396755218506e-02 3.989689052104949951e-03 2.935798466205596924e-02 1.618749648332595825e-02 2.181812888011336327e-03 2.498220652341842651e-03 1.510295737534761429e-02 1.212521269917488098e-02 1.628340594470500946e-02 7.228190079331398010e-03 1.206642575562000275e-02 8.545785211026668549e-03 2.464901842176914215e-02 2.789977565407752991e-02 9.866014122962951660e-03 8.752134162932634354e-04 2.011548914015293121e-02 1.703066378831863403e-02 1.969899982213973999e-02 3.390563279390335083e-02 4.132591187953948975e-03 6.499497219920158386e-03 5.347219295799732208e-03 5.416772793978452682e-03 1.320663094520568848e-02 2.846472896635532379e-02 4.218135494738817215e-03 4.253712017089128494e-03 3.842684440314769745e-03 3.184125572443008423e-02 5.374662205576896667e-02 3.605387732386589050e-02 2.935170009732246399e-02 3.415965940803289413e-03 2.004125528037548065e-02 2.610380575060844421e-02 2.998088719323277473e-03 4.466923419386148453e-03 6.799953524023294449e-03 6.861043511889874935e-04 2.969176694750785828e-02 2.494145184755325317e-02 3.396949544548988342e-02 2.487622015178203583e-02 1.495784521102905273e-02 1.407236978411674500e-02 8.364666253328323364e-03 3.229716047644615173e-02 2.032138779759407043e-02 2.664905041456222534e-02 6.636930629611015320e-03 2.491285279393196106e-02 4.134409874677658081e-02 3.325842320919036865e-02 1.148293446749448776e-02 1.100219786167144775e-02 1.714857877232134342e-03 1.978700608015060425e-02 2.558859414421021938e-04 1.708282902836799622e-02 9.801467880606651306e-03 1.051845867186784744e-02 2.802082337439060211e-03 2.575436839833855629e-03 1.611425913870334625e-02 2.770275063812732697e-02 1.329653337597846985e-02 3.820222802460193634e-03 2.288935892283916473e-02 2.079934813082218170e-02
1.278565358370542526e-02 1.757161319255828857e-02 2.516747638583183289e-02 9.913524612784385681e-03 5.824251566082239151e-03 2.480824477970600128e-02 1.208851858973503113e-02 2.822359651327133179e-02 3.502867370843887329e-02 8.338202238082885742e-01 1.667943038046360016e-02 5.744316615164279938e-03 5.091640166938304901e-03 2.498507872223854065e-02 1.557878777384757996e-02 1.832251437008380890e-02 2.889156900346279144e-02 5.207252615946345031e-05 1.753059588372707367e-02 2.569520380347967148e-03 8.736121468245983124e-03 1.102649606764316559e-02 1.773495227098464966e-02 1.928273774683475494e-02 2.254612743854522705e-02 3.400400653481483459e-02 2.610524185001850128e-02 6.708754226565361023e-03 1.044003851711750031e-02 1.573787257075309753e-02 9.943448007106781006e-03 1.929061301052570343e-02 3.218306601047515869e-02 2.584456838667392731e-02 3.185749426484107971e-02 1.732157729566097260e-02 2.852755971252918243e-02 2.153454534709453583e-02 1.497829798609018326e-02 2.066129632294178009e-02 2.948622405529022217e-02 6.703992839902639389e-03 1.716509275138378143e-02 2.836513146758079529e-02 4.562793299555778503e-03 1.142618898302316666e-02 2.402907237410545349e-02 2.799242921173572540e-02 1.211257837712764740e-02 2.984359487891197205e-02 5.201633088290691376e-03 2.556351944804191589e-03 1.403278298676013947e-02 1.806898042559623718e-02 4.331783857196569443e-03 2.052583731710910797e-02 2.107456326484680176e-02 1.598832570016384125e-02 2.744469977915287018e-02 3.110794536769390106e-02 1.503426954150199890e-02 1.556900329887866974e-02 1.655590161681175232e-02 2.294422686100006104e-02 3.057009540498256683e-02 2.331016212701797485e-02 6.737299263477325439e-03 1.567480899393558502e-02 1.332869869656860828e-03 2.386651001870632172e-02 2.503033541142940521e-02 2.577689290046691895e-02 4.752758424729108810e-03 1.344543043524026871e-02 1.150366268120706081e-03 2.213623374700546265e-02 2.212673425674438477e-02 4.613179713487625122e-02 2.633508667349815369e-02 4.587474837899208069e-02 3.521975129842758179e-02 3.382946923375129700e-02 3.150431206449866295e-03 6.910226307809352875e-03 1.491430588066577911e-02 1.083717960864305496e-02 3.717086091637611389e-02 3.231092542409896851e-02 1.304382830858230591e-02 1.297220867127180099e-02 8.916788734495639801e-03 2.871865592896938324e-02 3.592791035771369934e-02 1.911110617220401764e-02 3.080755937844514847e-03 1.435815542936325073e-02 4.376099910587072372e-03 2.245739847421646118e-02 2.194648422300815582e-02 3.130358457565307617e-02 2.620751596987247467e-02 2.502179145812988281e-02 1.578797772526741028e-02 1.540614012628793716e-02 5.647078156471252441e-03 1.593505032360553741e-02 4.424528218805789948e-03 2.260293066501617432e-02 7.433662656694650650e-03 1.475404202938079834e-02 2.761447802186012268e-02 2.325351536273956299e-02 7.489440031349658966e-03 5.554732400923967361e-03 2.309048734605312347e-02 2.635298855602741241e-02
3.689599409699440002e-02 1.391754951328039169e-02 6.050643976777791977e-03 2.435101429000496864e-03 8.201318792998790741e-03 4.491356387734413147e-02 4.037993773818016052e-02 2.967233955860137939e-02 2.385083585977554321e-02 1.667943038046360016e-02 8.338202238082885742e-01 1.927368901669979095e-02 6.160361692309379578e-02 2.592349192127585411e-03 2.739347331225872040e-02 1.306474581360816956e-02 7.568215951323509216e-03 1.213820371776819229e-02 1.006064191460609436e-02 1.615801453590393066e-02 8.013739250600337982e-03 4.249943420290946960e-02 7.653999142348766327e-03 6.147278007119894028e-03 1.397044304758310318e-02 9.083511307835578918e-03 2.222728729248046875e-02 1.671378687024116516e-02 4.249673336744308472e-02 9.213968180119991302e-03 3.141252696514129639e-02 1.042978744953870773e-02 1.146842725574970245e-02 2.007213653996586800e-03 1.022510137408971786e-02 1.685316674411296844e-02 1.267954148352146149e-02 2.688669227063655853e-02 8.936499361880123615e-04 1.607349957339465618e-03 1.672247797250747681e-02 2.201515436172485352e-02 3.554069250822067261e-02 1.453209016472101212e-02 1.923064887523651123e-02 9.281477890908718109e-03 4.832107946276664734e-02 1.103247748687863350e-03 8.313388563692569733e-03 8.193672634661197662e-03 2.335054613649845123e-02 1.804612204432487488e-02 8.999100886285305023e-03 5.739273969084024429e-03 3.310751169919967651e-03 5.965495016425848007e-03 6.582625210285186768e-03 4.376924131065607071e-03 3.302011638879776001e-02 2.818717993795871735e-02 7.424624171108007431e-03 7.495388388633728027e-03 1.801316160708665848e-03 8.552934974431991577e-03 4.841637983918190002e-02 4.907582327723503113e-02 1.941278926096856594e-03 6.955047603696584702e-03 5.642196163535118103e-03 3.314329683780670166e-02 9.368965402245521545e-03 3.016839735209941864e-02 8.678979240357875824e-03 9.477145969867706299e-03 8.288137614727020264e-03 1.927841454744338989e-02 2.349796891212463379e-02 8.533637970685958862e-03 1.571062020957469940e-02 8.866368792951107025e-03 2.720361575484275818e-02 2.386295795440673828e-02 4.407642409205436707e-03 8.874329738318920135e-03 2.674478851258754730e-02 1.328688301146030426e-02 3.199623152613639832e-02 2.158780395984649658e-02 1.142536383122205734e-02 3.054433315992355347e-02 3.465446457266807556e-02 4.339049383997917175e-02 6.944324821233749390e-03 3.030090220272541046e-02 6.206942722201347351e-03 2.719351556152105331e-03 8.497731760144233704e-03 1.598063739947974682e-03 2.019899711012840271e-02 1.675997674465179443e-02 1.718138344585895538e-02 1.340112090110778809e-02 5.639140494167804718e-03 8.681185543537139893e-03 2.996036317199468613e-03 1.215666299685835838e-03 6.018390879034996033e-03 2.072928473353385925e-02 4.616948135662823915e-04 1.099929027259349823e-02 4.082974512130022049e-03 5.053897388279438019e-03 3.613799437880516052e-02 2.795875817537307739e-02 1.888313679955899715e-03 1.125821750611066818e-02
2.367055974900722504e-02 3.457101061940193176e-03 1.171060837805271149e-02 4.107508342713117599e-03 6.530907470732927322e-03 3.802802786231040955e-02 3.227972239255905151e-02 1.314826775342226028e-02 4.057076573371887207e-02 5.744316615164279938e-03 1.927368901669979095e-02 8.338202238082885742e-01 1.400007307529449463e-02 4.863129928708076477e-02 1.113998144865036011e-02 2.847214415669441223e-02 2.993153408169746399e-02 2.440553158521652222e-02 2.628155611455440521e-02 1.412190124392509460e-02 2.841969393193721771e-02 4.323344212025403976e-03 3.918521851301193237e-02 2.949435636401176453e-02 1.178965717554092407e-02 1.329191122204065323e-02 6.614321377128362656e-03 3.568026050925254822e-02 1.629542931914329529e-02 3.015548549592494965e-02 1.722996495664119720e-02 2.991062030196189880e-02 2.873445861041545868e-03 2.775575965642929077e-02 1.586112380027770996e-02 1.091153547167778015e-02 2.612903481349349022e-03 2.810377813875675201e-02 1.267549931071698666e-03 5.235604941844940186e-03 1.364913210272789001e-02 2.611813694238662720e-02 2.115905098617076874e-02 1.185224857181310654e-03 5.114797875285148621e-02 5.843452643603086472e-03 2.426113002002239227e-02 1.596519351005554199e-02 3.022547625005245209e-02 5.071088671684265137e-04 1.092146709561347961e-02 2.496321499347686768e-02 3.157087415456771851e-02 1.646739989519119263e-02 1.557715516537427902e-02 2.162252087146043777e-03 1.320010423660278320e-02 4.307448398321866989e-03 1.341636572033166885e-02 1.598212867975234985e-02 2.198372036218643188e-02 1.064182352274656296e-02 1.929976604878902435e-02 7.682214025408029556e-03 9.086566278710961342e-04 6.695269141346216202e-03 2.579842880368232727e-02 2.660945057868957520e-02 1.047749910503625870e-02 8.144325576722621918e-03 1.151840854436159134e-02 2.622234867885708809e-03 1.368447858840227127e-02 6.366018205881118774e-03 3.009466920047998428e-03 4.876963794231414795e-03 3.546048328280448914e-02 9.058485738933086395e-03 3.344132751226425171e-02 1.314683537930250168e-02 1.160597614943981171e-02 5.316818715073168278e-04 1.662904955446720123e-02 2.444890886545181274e-02 4.172182641923427582e-03 1.236090902239084244e-02 2.398350276052951813e-03 9.251653216779232025e-03 2.394998073577880859e-02 1.727349497377872467e-02 2.991183474659919739e-02 1.540279109030961990e-02 1.436274405568838120e-02 8.893887512385845184e-03 2.459223754703998566e-02 1.822838000953197479e-02 1.869845669716596603e-03 3.907261881977319717e-03 2.775558084249496460e-02 2.307374961674213409e-02 4.783883225172758102e-03 1.728880777955055237e-02 6.856621708720922470e-03 9.044697508215904236e-04 6.014649290591478348e-03 8.123621344566345215e-03 7.235453929752111435e-03 1.528047304600477219e-02 4.543668124824762344e-03 5.101029528304934502e-04 2.688874257728457451e-03 7.321303710341453552e-03 2.112702466547489166e-02 2.797962352633476257e-02 1.555053167976438999e-03 3.280831966549158096e-03
1.744134165346622467e-02 3.165588155388832092e-02 1.334524806588888168e-02 1.350581087172031403e-02 8.235551649704575539e-05 2.460021898150444031e-02 4.829575121402740479e-02 1.255063246935606003e-02 1.617881469428539276e-02 5.091640166938304901e-03 6.160361692309379578e-02 1.400007307529449463e-02 8.338202238082885742e-01 8.871846832334995270e-03 2.817295864224433899e-02 4.157553426921367645e-03 1.124748215079307556e-02 1.775000058114528656e-02 4.197281668893992901e-04 1.047277171164751053e-02 5.875404458492994308e-04 3.287848830223083496e-02 1.151525881141424179e-02 1.884090527892112732e-02 6.191136781126260757e-03 4.988880828022956848e-03 1.120352372527122498e-02 1.830117404460906982e-02 4.914383590221405029e-02 1.654155738651752472e-02 4.623988270759582520e-02 3.487707581371068954e-03 1.204728614538908005e-02 1.726536080241203308e-02 1.086334045976400375e-02 2.433802746236324310e-02 2.479553595185279846e-02 1.204045768827199936e-02 9.693097323179244995e-03 4.021132830530405045e-03 6.169979460537433624e-03 9.187679737806320190e-03 1.130471564829349518e-02 2.338092774152755737e-03 7.203545421361923218e-03 7.826548069715499878e-03 2.002536877989768982e-02 7.370726671069860458e-03 7.316122064366936684e-04 2.452728571370244026e-03 2.113519236445426941e-02 1.149484328925609589e-02 9.720781818032264709e-03 3.821213322225958109e-04 4.294517915695905685e-03 3.158915555104613304e-03 1.216995622962713242e-02 1.220482960343360901e-02 2.105238102376461029e-02 2.387685514986515045e-02 9.624758735299110413e-03 6.901512388139963150e-03 7.188514340668916702e-03 1.780870743095874786e-02 3.991515934467315674e-02 5.769921094179153442e-02 1.694818399846553802e-02 8.285978808999061584e-03 4.429201944731175900e-04 2.753403596580028534e-02 1.077112928032875061e-02 3.214294463396072388e-02 1.467613410204648972e-02 1.023130142129957676e-03 1.469097472727298737e-02 1.682270690798759460e-02 1.455170195549726486e-02 4.392399452626705170e-03 6.176583468914031982e-03 3.819200908765196800e-03 1.325219497084617615e-02 1.357454620301723480e-02 1.198417041450738907e-03 1.089432276785373688e-02 1.236825622618198395e-02 2.408592961728572845e-02 1.603686809539794922e-02 2.125645242631435394e-02 7.591245230287313461e-03 2.911017835140228271e-02 1.708689145743846893e-02 3.826002031564712524e-02 5.498779937624931335e-03 3.309188038110733032e-02 1.864396966993808746e-02 8.636984421173110604e-05 1.022023614495992661e-02 1.117680035531520844e-02 2.291494747623801231e-03 3.132772166281938553e-03 1.533967815339565277e-02 3.332416992634534836e-03 9.534120559692382812e-03 1.082366053014993668e-02 1.015282794833183289e-02 1.476892270147800446e-02 4.997498355805873871e-03 1.190175581723451614e-02 2.107490319758653641e-03 9.814552962779998779e-03 3.313965629786252975e-03 2.171843778342008591e-03 1.228887960314750671e-02 1.714723184704780579e-02 1.609728322364389896e-03 6.026724819093942642e-03
