8.621797561645507812e-01 5.633013695478439331e-02 9.890246205031871796e-03 1.473299786448478699e-02 9.502333588898181915e-03 5.609817430377006531e-02 3.311733156442642212e-02 1.357808802276849747e-02 8.868774399161338806e-03 7.251232862472534180e-03 6.201949715614318848e-02 2.565650269389152527e-02 4.214967414736747742e-02 1.851206831634044647e-02 2.706794440746307373e-02 1.216189749538898468e-02 1.538200676441192627e-02 7.348502054810523987e-03 7.665536832064390182e-03 4.761702846735715866e-03 7.572834845632314682e-03 2.707971446216106415e-02 9.199709631502628326e-03 8.282192051410675049e-03 6.894954014569520950e-03 3.046195255592465401e-03 1.871894672513008118e-02 2.097962237894535065e-02 8.179532364010810852e-03 2.150237187743186951e-02 2.986166509799659252e-04 4.800737369805574417e-04 9.824562817811965942e-03 1.710664713755249977e-03 1.547997235320508480e-03 4.342732019722461700e-03 1.441253069788217545e-02 9.252122603356838226e-03 1.899817399680614471e-02 2.556103840470314026e-02 1.342062279582023621e-02 1.984660886228084564e-02 1.408025063574314117e-02 1.543663907796144485e-02 2.794338017702102661e-02 2.158140391111373901e-02 3.510300815105438232e-02 1.748974435031414032e-02 7.626868318766355515e-04 2.013667486608028412e-03 1.760732755064964294e-02 1.816741935908794403e-02 2.110268361866474152e-02 1.133105810731649399e-02 2.472568536177277565e-03 2.265182090923190117e-03 1.049651764333248138e-02 1.092989183962345123e-02 2.028305456042289734e-02 2.459321357309818268e-02 1.264431886374950409e-02 8.592001162469387054e-03 2.074008621275424957e-02 1.842381805181503296e-02 2.917734533548355103e-02 1.727950386703014374e-02 4.879015032202005386e-04 1.127576804719865322e-03 1.849545538425445557e-02 1.046418864279985428e-02 2.252859808504581451e-02 1.322321780025959015e-02 5.771772339357994497e-05 1.814252510666847229e-02 3.520920639857649803e-03 1.964298449456691742e-02 2.542090229690074921e-02 2.856177464127540588e-02 1.405657269060611725e-02 8.090930059552192688e-03 8.892009966075420380e-03 7.419426459819078445e-03 6.801566574722528458e-03 1.869698986411094666e-02 1.886253478005528450e-03 5.479193292558193207e-03 2.241073921322822571e-02 2.003053203225135803e-02 2.228327468037605286e-02 1.746447943150997162e-02 1.094469521194696426e-02 1.569646224379539490e-02 9.186576120555400848e-03 1.263970788568258286e-02 3.112698206678032875e-03 4.655268974602222443e-03 8.492029272019863129e-03 1.114569883793592453e-02 2.972457557916641235e-02 2.564369514584541321e-02 9.393664076924324036e-03 1.867253682576119900e-03 1.050090137869119644e-02 1.085915323346853256e-02 1.954945549368858337e-02 1.564279943704605103e-02 1.454286091029644012e-02 1.710645295679569244e-02 1.349476259201765060e-02 9.790889918804168701e-03 1.744043640792369843e-02 1.880426518619060516e-02 1.900225691497325897e-02 2.762348018586635590e-02 3.367334837093949318e-03 1.138359960168600082e-02
5.633013695478439331e-02 8.621797561645507812e-01 1.586955785751342773e-02 8.210798725485801697e-03 1.610588096082210541e-02 3.660009801387786865e-02 4.552028700709342957e-02 1.557525340467691422e-02 6.637981161475181580e-03 1.063398830592632294e-02 4.222280904650688171e-02 1.703354902565479279e-02 4.794330894947052002e-02 1.881537958979606628e-02 3.151486068964004517e-02 1.054860744625329971e-02 1.277749333530664444e-02 6.981059908866882324e-03 2.602363703772425652e-03 3.939720336347818375e-03 1.792603731155395508e-02 2.724475227296352386e-02 1.614543609321117401e-02 1.498050708323717117e-02 1.416655606590211391e-03 5.604633130133152008e-03 2.262983843684196472e-02 6.815895438194274902e-03 1.593115739524364471e-02 8.713746443390846252e-03 2.132378518581390381e-02 3.855760674923658371e-03 8.269065059721469879e-03 1.063573453575372696e-02 6.144613726064562798e-04 8.387859910726547241e-03 2.535453066229820251e-02 2.270982600748538971e-02 3.493652911856770515e-03 4.705175291746854782e-03 2.216645330190658569e-02 2.142643183469772339e-02 2.813057415187358856e-02 1.983989775180816650e-02 3.056157007813453674e-02 2.754594571888446808e-02 3.941062092781066895e-02 2.431202866137027740e-02 2.800428308546543121e-03 8.273729123175144196e-03 1.184090971946716309e-02 2.054982818663120270e-02 5.453830584883689880e-03 8.099998347461223602e-03 7.979115471243858337e-03 1.806867774575948715e-03 4.635463468730449677e-03 1.141619868576526642e-02 5.931925494223833084e-03 1.996241137385368347e-02 9.290977614000439644e-04 1.324361423030495644e-03 9.102923795580863953e-03 1.317398715764284134e-02 1.823569461703300476e-02 1.858578249812126160e-02 9.356622584164142609e-03 2.067022398114204407e-02 1.614776439964771271e-02 7.652740459889173508e-03 1.788944192230701447e-02 4.185270052403211594e-03 3.685779636725783348e-03 1.182628329843282700e-02 9.132984094321727753e-03 1.402959693223237991e-02 1.878667622804641724e-02 2.714025974273681641e-02 1.295773684978485107e-02 1.046811416745185852e-02 2.121753618121147156e-02 1.138125173747539520e-02 2.839645138010382652e-03 2.022737869992852211e-03 1.173626631498336792e-02 2.823617309331893921e-02 2.685596048831939697e-02 2.493462897837162018e-02 2.139128372073173523e-02 1.219414640218019485e-02 2.056553214788436890e-02 2.333559654653072357e-02 1.356387604027986526e-02 1.481360103935003281e-02 4.468065220862627029e-03 8.863594383001327515e-03 2.156993374228477478e-02 1.559449732303619385e-02 2.548157796263694763e-02 2.019487693905830383e-02 5.525983870029449463e-03 1.235796418040990829e-02 1.815292797982692719e-02 1.377708837389945984e-02 2.020399784669280052e-03 6.103938911110162735e-03 1.111956872045993805e-02 6.396169774234294891e-03 6.964296102523803711e-03 1.397838257253170013e-02 1.140688173472881317e-02 7.589084561914205551e-03 1.904978975653648376e-02 3.303888440132141113e-02 1.981221139430999756e-02 1.394900679588317871e-02
9.890246205031871796e-03 1.586955785751342773e-02 8.621797561645507812e-01 8.624446578323841095e-03 1.864004321396350861e-02 1.144336350262165070e-02 1.105570583604276180e-03 4.837391152977943420e-02 5.465140566229820251e-03 2.535438863560557365e-03 8.690427057445049286e-03 2.187691070139408112e-02 1.266894116997718811e-02 1.596528850495815277e-02 1.603230461478233337e-02 8.341035805642604828e-03 4.429629480000585318e-04 1.558321714401245117e-02 1.831789501011371613e-03 5.244577769190073013e-03 3.503770567476749420e-04 2.218514308333396912e-02 8.050553500652313232e-03 5.645426455885171890e-03 1.523939572507515550e-04 6.920248735696077347e-03 3.588077053427696228e-02 2.268067561089992523e-02 2.323512546718120575e-02 1.483418885618448257e-02 2.582247927784919739e-02 1.970521407201886177e-04 2.889210171997547150e-02 3.028876846656203270e-03 2.861958555877208710e-02 9.217920713126659393e-03 1.062572118826210499e-03 3.941102698445320129e-02 8.167413063347339630e-03 9.596681222319602966e-03 3.156865388154983521e-02 3.715112572535872459e-03 1.036163698881864548e-02 3.329173848032951355e-02 1.500900741666555405e-02 1.773323118686676025e-02 1.274245232343673706e-02 7.873543538153171539e-03 5.823963438160717487e-04 2.383327577263116837e-03 9.221335873007774353e-03 1.473697088658809662e-02 2.140120975673198700e-02 3.290426358580589294e-02 9.773655794560909271e-03 6.598304491490125656e-03 1.248182356357574463e-02 2.584622427821159363e-02 4.130866378545761108e-02 3.760612756013870239e-02 2.118554431945085526e-03 1.560768019407987595e-02 2.938971668481826782e-02 3.094385564327239990e-02 2.789804711937904358e-02 3.727297857403755188e-02 9.325183928012847900e-03 7.613709662109613419e-03 2.369822235777974129e-03 1.823545619845390320e-02 4.986692685633897781e-03 1.771342195570468903e-02 1.248967717401683331e-03 1.027895975857973099e-02 6.392792332917451859e-03 1.557256840169429779e-02 5.949225742369890213e-03 3.110992955043911934e-03 1.289421692490577698e-03 1.012436114251613617e-02 5.590505525469779968e-02 5.233924090862274170e-02 2.344128442928195000e-03 3.244137857109308243e-03 4.441209603101015091e-03 1.308470033109188080e-02 4.274458810687065125e-02 4.498641565442085266e-02 6.190544459968805313e-03 8.802380412817001343e-03 1.340526621788740158e-02 3.314468264579772949e-02 1.691343821585178375e-02 3.904936462640762329e-02 1.357586937956511974e-03 3.229671856388449669e-03 7.062352728098630905e-03 1.156019605696201324e-02 1.121828425675630569e-02 1.676605455577373505e-02 3.156102262437343597e-03 2.707758452743291855e-03 8.358214050531387329e-03 1.387275662273168564e-02 2.413176000118255615e-02 4.211110994219779968e-02 1.044032722711563110e-02 2.499372139573097229e-02 5.769769661128520966e-03 3.704448044300079346e-02 6.981376092880964279e-03 1.773918420076370239e-02 1.050222851336002350e-02 1.883581094443798065e-02 1.651343144476413727e-02 2.041486278176307678e-02
1.473299786448478699e-02 8.210798725485801697e-03 8.624446578323841095e-03 8.621797561645507812e-01 7.592846453189849854e-02 1.453740987926721573e-02 1.259656809270381927e-02 8.521006442606449127e-03 2.233741432428359985e-02 4.291115794330835342e-03 1.105926185846328735e-02 5.652875173836946487e-03 6.224896758794784546e-03 1.278657373040914536e-02 3.087184857577085495e-03 4.885733127593994141e-03 4.331558011472225189e-03 4.355799034237861633e-02 2.249929681420326233e-02 1.498317904770374298e-02 4.706836771219968796e-03 9.463432244956493378e-03 2.529789693653583527e-03 4.241151269525289536e-03 2.042235806584358215e-02 1.466910913586616516e-02 5.497902166098356247e-03 1.091418601572513580e-02 1.540574361570179462e-03 9.165926021523773670e-04 2.484442433342337608e-03 1.240882277488708496e-02 3.201292455196380615e-02 4.490406252443790436e-03 4.314143210649490356e-02 1.262789033353328705e-02 3.672635182738304138e-03 5.216818302869796753e-03 4.240131005644798279e-02 5.195627734065055847e-02 2.214033622294664383e-03 1.683795941062271595e-03 1.632050424814224243e-02 8.404381573200225830e-03 3.719589440152049065e-03 9.043009951710700989e-03 6.703578401356935501e-03 1.191448327153921127e-02 2.266410179436206818e-02 1.289125182665884495e-03 1.409752294421195984e-02 1.415344979614019394e-02 2.670603245496749878e-02 2.474283054471015930e-02 3.478620946407318115e-02 1.624390482902526855e-02 4.377097636461257935e-02 2.556679211556911469e-02 3.142885863780975342e-02 2.374283410608768463e-02 5.054593086242675781e-02 4.381773620843887329e-02 3.451298177242279053e-02 2.878400683403015137e-02 2.312026731669902802e-02 1.106640789657831192e-02 7.414191961288452148e-03 1.042860001325607300e-02 2.158990129828453064e-02 1.090436801314353943e-02 1.915969699621200562e-02 4.881057539023458958e-04 3.537074103951454163e-02 5.048072896897792816e-03 1.787380501627922058e-02 4.910957533866167068e-03 1.283907517790794373e-02 5.112533457577228546e-03 9.456364437937736511e-03 1.069279294461011887e-02 7.982625626027584076e-03 1.123640406876802444e-02 4.383231699466705322e-02 3.101467154920101166e-02 4.316619131714105606e-03 2.349150925874710083e-02 5.954727530479431152e-03 1.052149105817079544e-02 2.513543516397476196e-02 1.156112831085920334e-02 6.452677189372479916e-04 2.897399011999368668e-03 1.246383041143417358e-02 7.944696582853794098e-03 1.955036446452140808e-02 9.410370141267776489e-03 6.022335030138492584e-03 9.493655525147914886e-04 3.314251545816659927e-03 8.567003533244132996e-03 1.358151435852050781e-02 3.857827512547373772e-03 1.506391214206814766e-03 3.968883305788040161e-03 2.883428335189819336e-02 3.187344223260879517e-02 8.925100788474082947e-03 3.261830657720565796e-02 2.525260206311941147e-03 1.188597641885280609e-02 6.313245277851819992e-03 6.954189389944076538e-03 2.270506374770775437e-04 2.323779463768005371e-02 1.238366775214672089e-02 1.905275695025920868e-02
9.502333588898181915e-03 1.610588096082210541e-02 1.864004321396350861e-02 7.592846453189849854e-02 8.621797561645507812e-01 1.043627597391605377e-02 2.567664487287402153e-03 1.755455322563648224e-02 1.456946320831775665e-02 6.218819413334131241e-03 6.022660061717033386e-03 2.179711358621716499e-03 1.408971846103668213e-03 6.813570857048034668e-03 5.810127593576908112e-03 2.537366701290011406e-03 6.415765965357422829e-04 4.163586720824241638e-02 3.422485291957855225e-02 9.344149380922317505e-03 6.413539871573448181e-03 1.575187034904956818e-02 4.935441073030233383e-03 5.951784085482358932e-03 1.675119251012802124e-02 1.462274696677923203e-02 1.480111479759216309e-02 1.110656000673770905e-02 5.536442156881093979e-03 2.995872637256979942e-03 1.053245738148689270e-03 1.109779998660087585e-02 3.357448801398277283e-02 6.325171794742345810e-03 5.053996667265892029e-02 6.262847222387790680e-03 2.516979351639747620e-03 1.054463535547256470e-02 4.296906292438507080e-02 5.554106086492538452e-02 2.417294774204492569e-03 3.154174890369176865e-03 1.589434035122394562e-02 4.568105097860097885e-03 2.187079284340143204e-03 2.506892662495374680e-03 3.640663577243685722e-03 6.307403091341257095e-04 1.531119365245103836e-02 1.934255938977003098e-03 8.392368443310260773e-03 3.508314257487654686e-03 3.080165758728981018e-02 3.020588681101799011e-02 2.707781083881855011e-02 1.995888911187648773e-02 3.394040092825889587e-02 2.416153065860271454e-02 3.609083965420722961e-02 2.790102362632751465e-02 4.559808224439620972e-02 5.659634992480278015e-02 3.558443486690521240e-02 3.232959657907485962e-02 2.367641218006610870e-02 1.704479753971099854e-02 1.472788164392113686e-03 1.347835548222064972e-02 8.390650153160095215e-03 9.386888705193996429e-03 1.427195779979228973e-02 1.028719125315546989e-03 3.012493066489696503e-02 8.169801905751228333e-03 2.155163884162902832e-02 8.242302574217319489e-03 4.788329824805259705e-03 3.355093533173203468e-03 7.302585989236831665e-03 6.672760006040334702e-03 1.693416014313697815e-02 2.086921036243438721e-02 4.630560800433158875e-02 4.388432949781417847e-02 1.068073906935751438e-03 3.034798428416252136e-02 9.687935933470726013e-03 1.601585187017917633e-02 1.262303814291954041e-02 1.214862708002328873e-02 1.240393146872520447e-02 3.029315266758203506e-03 1.178510603494942188e-03 1.093766186386346817e-02 9.536956436932086945e-03 9.942783508449792862e-04 1.700868015177547932e-03 5.117138382047414780e-03 2.934498770628124475e-04 3.953480627387762070e-03 7.318366318941116333e-03 1.098481356166303158e-03 3.968540113419294357e-03 9.046908468008041382e-03 3.742687031626701355e-02 3.888882324099540710e-02 1.040520844981074333e-03 2.946195565164089203e-02 5.158780142664909363e-03 1.666672155261039734e-02 1.004413142800331116e-02 1.270928047597408295e-02 1.548055879538878798e-04 1.770198345184326172e-02 1.160196494311094284e-02 1.349421776831150055e-02
5.609817430377006531e-02 3.660009801387786865e-02 1.144336350262165070e-02 1.453740987926721573e-02 1.043627597391605377e-02 8.621797561645507812e-01 5.241667106747627258e-02 7.253519725054502487e-03 9.111947380006313324e-03 6.578188389539718628e-03 3.596536815166473389e-02 2.778617665171623230e-02 2.041008137166500092e-02 2.657613903284072876e-02 1.456913165748119354e-02 2.208607457578182220e-02 2.448568679392337799e-02 8.900897577404975891e-03 2.436869777739048004e-03 1.240723952651023865e-02 1.063568517565727234e-02 1.590869575738906860e-02 2.787213213741779327e-02 2.288640290498733521e-02 1.495744567364454269e-02 5.772803910076618195e-03 9.189468808472156525e-03 2.575656026601791382e-02 1.420382317155599594e-02 2.346251532435417175e-02 1.688168570399284363e-02 1.482852175831794739e-02 1.982769742608070374e-02 1.365428045392036438e-02 7.892460562288761139e-03 1.525358483195304871e-02 1.845373958349227905e-02 9.237346239387989044e-03 1.587614230811595917e-02 1.978803239762783051e-02 6.287990603595972061e-03 1.437177322804927826e-02 5.165082868188619614e-03 2.371420338749885559e-02 4.692898655775934458e-04 2.657266668393276632e-05 5.604602769017219543e-02 3.469909727573394775e-02 1.061915699392557144e-02 2.030237112194299698e-03 3.967711701989173889e-03 9.182885289192199707e-03 2.279436774551868439e-02 1.517677772790193558e-02 9.488000534474849701e-03 1.213982235640287399e-02 1.698072254657745361e-02 1.160052698105573654e-02 2.875647693872451782e-02 2.738429233431816101e-02 1.085999235510826111e-02 1.121323462575674057e-02 2.199813164770603180e-02 2.381704375147819519e-02 1.943184807896614075e-02 1.230358239263296127e-02 1.707003079354763031e-02 1.868008635938167572e-02 2.109160460531711578e-02 4.924207460135221481e-03 2.246693149209022522e-02 4.731201101094484329e-03 3.726889844983816147e-03 4.539229907095432281e-03 3.115065163001418114e-03 1.467661280184984207e-02 1.901651546359062195e-02 1.682280376553535461e-02 7.956486195325851440e-03 1.053361222147941589e-03 6.029319018125534058e-03 2.062820829451084137e-02 1.021219510585069656e-02 1.691936887800693512e-02 2.259799838066101074e-02 1.019455399364233017e-02 1.625365950167179108e-02 2.299236692488193512e-02 2.423982135951519012e-02 2.839834988117218018e-02 1.288551744073629379e-02 9.455652907490730286e-03 1.958445459604263306e-02 1.030143909156322479e-02 1.732039637863636017e-02 1.618420332670211792e-02 4.216552246361970901e-03 9.032098576426506042e-03 1.973227784037590027e-02 1.977379247546195984e-02 1.592983171576634049e-04 5.018841475248336792e-03 1.153692975640296936e-02 4.411740228533744812e-03 2.391150780022144318e-02 1.504745706915855408e-02 5.164560396224260330e-03 1.248253509402275085e-02 6.280091591179370880e-03 3.888545325025916100e-03 1.661985926330089569e-02 1.151299010962247849e-02 2.576242201030254364e-02 2.119855955243110657e-02 1.046253833919763565e-02 3.716706298291683197e-03
3.311733156442642212e-02 4.552028700709342957e-02 1.105570583604276180e-03 1.259656809270381927e-02 2.567664487287402153e-03 5.241667106747627258e-02 8.621797561645507812e-01 4.291653633117675781e-03 8.911377750337123871e-03 1.275748014450073242e-02 2.458113618195056915e-02 7.439967710524797440e-03 3.845208510756492615e-02 1.979148946702480316e-03 2.226758375763893127e-02 8.304905146360397339e-03 4.513264633715152740e-03 1.017352566123008728e-02 3.267382271587848663e-03 1.826990023255348206e-02 7.718512322753667831e-03 2.515107579529285431e-02 1.804759167134761810e-02 1.679136604070663452e-02 2.211027033627033234e-02 1.202163659036159515e-02 9.398908354341983795e-03 4.911716561764478683e-03 5.791028030216693878e-03 1.173408608883619308e-02 1.610431447625160217e-02 2.141544036567211151e-02 2.220394276082515717e-02 2.217329479753971100e-02 1.010982412844896317e-02 1.743489503860473633e-02 2.137335948646068573e-02 3.602667944505810738e-03 1.301181036978960037e-02 5.089272744953632355e-03 4.227122291922569275e-03 2.641813457012176514e-02 2.066000364720821381e-02 1.787757687270641327e-02 1.484640594571828842e-02 1.407584082335233688e-02 5.044454336166381836e-02 6.087475642561912537e-02 2.494526654481887817e-02 3.169668838381767273e-02 6.112224888056516647e-03 4.890625365078449249e-03 5.008349660784006119e-03 6.368885282427072525e-03 1.803759112954139709e-02 2.532893605530261993e-02 2.736194618046283722e-02 1.561565324664115906e-02 1.187439914792776108e-02 1.921070367097854614e-02 9.502189233899116516e-03 5.730107892304658890e-03 1.582718268036842346e-02 1.461209356784820557e-02 1.537625677883625031e-02 1.550906244665384293e-02 3.431936725974082947e-02 3.365724533796310425e-02 1.525219343602657318e-02 1.030354760587215424e-03 7.206694222986698151e-03 1.130892243236303329e-02 6.200897507369518280e-03 5.776652600616216660e-03 1.131487172096967697e-02 6.237030611373484135e-04 5.824413150548934937e-03 5.690876394510269165e-03 1.253801863640546799e-02 5.011370405554771423e-03 7.638205308467149734e-03 1.084268745034933090e-02 1.112244557589292526e-02 3.072914434596896172e-03 3.552921861410140991e-02 3.598554059863090515e-02 1.263801846653223038e-02 2.197322808206081390e-02 1.330850925296545029e-02 1.164030749350786209e-02 3.219187632203102112e-02 1.792318932712078094e-02 3.431961312890052795e-02 9.705284610390663147e-03 1.770352944731712341e-02 1.306081097573041916e-02 2.265631966292858124e-02 1.162243075668811798e-02 1.406849920749664307e-02 1.015927642583847046e-02 1.837159134447574615e-02 1.502321753650903702e-02 1.906450279057025909e-02 1.070169173181056976e-02 1.229753065854310989e-02 1.002301927655935287e-02 9.160608984529972076e-03 1.752932369709014893e-02 1.829812861979007721e-02 9.666504338383674622e-03 6.567761301994323730e-03 4.335424862802028656e-03 2.377894334495067596e-02 2.042251266539096832e-02 6.082438398152589798e-03 5.469550378620624542e-03
1.357808802276849747e-02 1.557525340467691422e-02 4.837391152977943420e-02 8.521006442606449127e-03 1.755455322563648224e-02 7.253519725054502487e-03 4.291653633117675781e-03 8.621797561645507812e-01 3.760582068935036659e-03 2.388230990618467331e-03 1.913309656083583832e-02 2.570883557200431824e-02 2.310107275843620300e-02 2.251644060015678406e-02 5.126417428255081177e-02 1.394428894855082035e-03 3.897972172126173973e-03 2.798745175823569298e-03 1.312802312895655632e-03 1.176055055111646652e-02 8.442458696663379669e-03 3.815324977040290833e-02 8.502432145178318024e-03 3.577186726033687592e-03 9.744356386363506317e-03 1.228519156575202942e-02 3.291269764304161072e-02 9.783212095499038696e-03 1.643949933350086212e-02 5.397550761699676514e-03 2.177385427057743073e-02 1.293054409325122833e-02 2.456543035805225372e-02 1.110360771417617798e-02 2.137713506817817688e-02 4.482459276914596558e-03 7.697089109569787979e-03 2.583424746990203857e-02 1.343419402837753296e-02 9.584304876625537872e-03 1.894918084144592285e-02 1.208639144897460938e-02 4.731727298349142075e-03 1.408368535339832306e-02 2.110986784100532532e-02 2.449281141161918640e-02 6.508071441203355789e-03 5.195230711251497269e-03 3.002113953698426485e-04 1.396095030941069126e-04 2.790260128676891327e-02 2.705520391464233398e-02 2.670799754559993744e-02 3.085689246654510498e-02 9.275515330955386162e-04 4.855686798691749573e-03 1.722053997218608856e-02 1.858367212116718292e-02 3.094936162233352661e-02 2.262600883841514587e-02 1.076374389231204987e-02 1.088802888989448547e-02 1.956868357956409454e-02 2.459384687244892120e-02 2.557375840842723846e-02 2.840150706470012665e-02 9.492381475865840912e-03 6.295913364738225937e-03 1.501492079114541411e-04 1.140571478754281998e-02 1.175420009531080723e-03 1.593837141990661621e-02 9.027319028973579407e-03 1.023581903427839279e-02 1.067137811332941055e-03 1.227753795683383942e-02 9.919174015522003174e-03 1.068652234971523285e-02 1.642101071774959564e-02 6.631815806031227112e-03 5.998272448778152466e-02 5.052774772047996521e-02 2.037045545876026154e-03 8.230444975197315216e-03 1.545495633035898209e-02 1.353177987039089203e-02 5.223197862505912781e-02 4.660011827945709229e-02 1.057165395468473434e-02 1.216198317706584930e-03 1.746894977986812592e-02 2.326139993965625763e-02 1.534234639257192612e-02 3.153492510318756104e-02 6.692986469715833664e-03 9.234013967216014862e-03 6.408511660993099213e-03 1.144925411790609360e-02 1.706263050436973572e-02 2.285295724868774414e-02 4.111421294510364532e-03 2.297025872394442558e-03 1.241303887218236923e-02 1.041039451956748962e-02 2.624054625630378723e-02 2.377999760210514069e-02 3.741090185940265656e-03 2.101913839578628540e-02 3.974089631810784340e-04 3.032025508582592010e-02 8.265689946711063385e-03 1.292840391397476196e-02 1.754349097609519958e-02 2.179929427802562714e-02 2.741761133074760437e-02 2.304708957672119141e-02
8.868774399161338806e-03 6.637981161475181580e-03 5.465140566229820251e-03 2.233741432428359985e-02 1.456946320831775665e-02 9.111947380006313324e-03 8.911377750337123871e-03 3.760582068935036659e-03 8.621797561645507812e-01 5.568259209394454956e-02 9.685808792710304260e-03 2.126555889844894409e-02 1.221276819705963135e-02 1.352372951805591583e-02 3.750162664800882339e-03 2.135765366256237030e-02 2.294000051915645599e-02 4.365870356559753418e-02 3.669629618525505066e-02 3.381215035915374756e-02 1.752292178571224213e-02 9.015515446662902832e-03 3.430625423789024353e-02 3.963651135563850403e-02 1.971370168030261993e-02 1.437600795179605484e-02 3.405077615752816200e-03 6.338271778076887131e-03 7.262367871589958668e-04 8.833380416035652161e-03 8.848455734550952911e-03 2.322021685540676117e-02 3.864145837724208832e-03 1.305409055203199387e-02 6.731191533617675304e-04 1.226557418704032898e-02 5.352242849767208099e-03 8.538219146430492401e-03 6.600000895559787750e-03 1.472952403128147125e-02 8.226257632486522198e-04 3.904326260089874268e-02 1.338539645075798035e-02 6.224586628377437592e-03 5.661887116730213165e-03 3.013656008988618851e-03 7.917162030935287476e-03 3.173870500177145004e-03 4.047234728932380676e-02 3.374736756086349487e-02 7.282397709786891937e-03 1.029345951974391937e-02 1.805797405540943146e-02 1.091298763640224934e-03 5.272440984845161438e-02 3.854666650295257568e-02 2.813403122127056122e-02 1.884976774454116821e-02 1.287612481974065304e-03 3.891195869073271751e-03 3.370242938399314880e-02 2.400447055697441101e-02 7.158373016864061356e-03 5.295360926538705826e-03 7.793492637574672699e-03 2.055382356047630310e-03 1.967045851051807404e-02 8.629240095615386963e-03 3.931148722767829895e-02 1.903749303892254829e-03 4.211648181080818176e-02 4.739291034638881683e-03 7.160989916883409023e-04 1.985931955277919769e-02 1.524100196547806263e-03 1.236752234399318695e-02 6.382105499505996704e-02 5.152232199907302856e-02 4.894803836941719055e-02 3.329364582896232605e-02 2.527617849409580231e-03 1.386965159326791763e-02 1.414154190570116043e-02 1.195855345577001572e-02 9.741829708218574524e-03 2.869335003197193146e-04 4.884810186922550201e-03 6.045552901923656464e-03 3.896478191018104553e-02 4.460148885846138000e-02 2.168658887967467308e-03 9.277024655602872372e-04 2.542890841141343117e-03 3.372625680640339851e-03 1.553267519921064377e-02 1.995405368506908417e-02 1.067272108048200607e-02 7.436672225594520569e-03 2.708466164767742157e-02 2.333854325115680695e-02 2.142531052231788635e-02 1.398604549467563629e-02 9.050253778696060181e-03 1.689708442427217960e-03 1.603833213448524475e-02 4.224932636134326458e-04 7.391753140836954117e-03 2.225624769926071167e-02 9.219870902597904205e-03 6.400606944225728512e-04 5.552491173148155212e-03 1.783192972652614117e-03 7.618392817676067352e-03 4.023998510092496872e-03 1.622679270803928375e-02 1.299000461585819721e-03
7.251232862472534180e-03 1.063398830592632294e-02 2.535438863560557365e-03 4.291115794330835342e-03 6.218819413334131241e-03 6.578188389539718628e-03 1.275748014450073242e-02 2.388230990618467331e-03 5.568259209394454956e-02 8.621797561645507812e-01 1.032057218253612518e-02 1.797050470486283302e-03 1.515618991106748581e-02 2.053061034530401230e-03 2.312336117029190063e-03 2.057333663105964661e-02 2.358425036072731018e-02 2.977409400045871735e-02 5.423362925648689270e-02 1.990881562232971191e-02 1.438613049685955048e-02 1.140899583697319031e-02 3.378763422369956970e-02 4.206153750419616699e-02 1.409866195172071457e-02 2.170008234679698944e-02 9.197667241096496582e-03 5.696889013051986694e-03 6.605582777410745621e-03 5.158363375812768936e-03 4.647872410714626312e-03 1.662698760628700256e-02 1.558089861646294594e-03 1.991727761924266815e-02 2.243736671516671777e-04 5.625645630061626434e-03 1.032807212322950363e-02 6.802342832088470459e-03 4.450713284313678741e-03 1.571333408355712891e-02 2.206135774031281471e-03 3.513612225651741028e-02 2.450242824852466583e-02 9.742100723087787628e-03 1.031409017741680145e-03 1.669819653034210205e-02 9.370969608426094055e-03 1.148217637091875076e-02 3.210128471255302429e-02 5.505433306097984314e-02 2.284264890477061272e-03 3.653418505564332008e-03 6.722794845700263977e-03 1.149485353380441666e-03 2.416677400469779968e-02 5.731511116027832031e-02 1.437827572226524353e-02 2.888106927275657654e-02 2.297267317771911621e-03 7.711222395300865173e-03 1.616048440337181091e-02 2.741984464228153229e-02 5.196229554712772369e-03 5.773873068392276764e-03 5.042353644967079163e-03 5.685548763722181320e-03 1.876887306571006775e-02 1.439891196787357330e-02 3.264423459768295288e-02 2.940732240676879883e-02 4.638208821415901184e-02 3.806101158261299133e-03 1.148393843322992325e-02 3.976542875170707703e-02 6.773149943910539150e-04 1.428084634244441986e-02 3.678674995899200439e-02 5.813068524003028870e-02 3.332330286502838135e-02 6.250244379043579102e-02 5.794965196400880814e-03 4.551942460238933563e-03 1.529725827276706696e-02 2.528751082718372345e-02 7.868884131312370300e-03 1.504163257777690887e-02 1.238672062754631042e-03 1.339898211881518364e-03 1.307092048227787018e-02 5.423407629132270813e-02 5.913675762712955475e-03 1.368250232189893723e-02 6.081655155867338181e-03 1.609237492084503174e-02 1.558804232627153397e-02 2.843117341399192810e-02 3.082111664116382599e-02 1.442195102572441101e-02 3.242279961705207825e-02 2.803177386522293091e-02 1.827519014477729797e-02 2.153815142810344696e-02 6.917338352650403976e-03 6.303916685283184052e-03 1.255379611393436790e-04 6.351625081151723862e-03 7.790682837367057800e-03 1.994707807898521423e-02 1.603013835847377777e-02 1.311205234378576279e-02 1.271995995193719864e-02 3.402741393074393272e-03 1.282305736094713211e-02 8.168176747858524323e-03 8.348777890205383301e-03 1.172154676169157028e-03
6.201949715614318848e-02 4.222280904650688171e-02 8.690427057445049286e-03 1.105926185846328735e-02 6.022660061717033386e-03 3.596536815166473389e-02 2.458113618195056915e-02 1.913309656083583832e-02 9.685808792710304260e-03 1.032057218253612518e-02 8.621797561645507812e-01 1.311384513974189758e-02 4.851907491683959961e-02 1.145913545042276382e-02 3.193409740924835205e-02 2.444578334689140320e-02 2.378701418638229370e-02 1.286846026778221130e-02 7.667371071875095367e-03 1.572747342288494110e-02 1.889386773109436035e-02 2.931762114167213440e-02 1.317180227488279343e-02 1.408672984689474106e-02 1.620976440608501434e-02 1.290284097194671631e-02 2.135021984577178955e-02 1.304143853485584259e-02 2.559910714626312256e-02 1.309662964195013046e-02 1.538687851279973984e-02 9.936230257153511047e-03 1.804761774837970734e-02 1.513158995658159256e-02 5.532158538699150085e-03 1.710575260221958160e-02 2.093392051756381989e-02 1.285157259553670883e-02 2.576434053480625153e-02 2.401178143918514252e-02 1.760626770555973053e-02 1.384400483220815659e-02 1.437372062355279922e-02 1.430289354175329208e-02 2.587400563061237335e-02 1.599298790097236633e-02 3.336035460233688354e-02 1.564846932888031006e-02 4.938110709190368652e-03 8.777815848588943481e-03 1.054392941296100616e-02 1.328773424029350281e-02 2.654633484780788422e-02 2.095832675695419312e-02 9.035997092723846436e-03 1.012389827519655228e-02 1.705376431345939636e-02 1.476358156651258469e-02 2.488651685416698456e-02 2.272908389568328857e-02 2.236445993185043335e-02 1.284649968147277832e-02 1.844333671033382416e-02 1.752700284123420715e-02 3.836010023951530457e-02 2.318797260522842407e-02 5.536425858736038208e-03 1.207411848008632660e-02 2.611872553825378418e-02 1.026539225131273270e-02 2.836064435541629791e-02 1.036583911627531052e-02 7.584814913570880890e-03 1.382640097290277481e-02 1.258197799324989319e-02 1.629631966352462769e-02 2.414116822183132172e-02 2.447749674320220947e-02 1.662031188607215881e-02 1.309089176356792450e-02 1.851532422006130219e-02 1.450042799115180969e-02 8.044840767979621887e-03 1.826997287571430206e-02 5.114665720611810684e-03 5.418544169515371323e-03 2.883585542440414429e-02 2.299421653151512146e-02 2.045555785298347473e-02 1.447430159896612167e-02 2.502283640205860138e-02 2.399522252380847931e-02 9.724793024361133575e-03 1.348361186683177948e-02 1.891377381980419159e-02 2.094917930662631989e-02 7.728160358965396881e-03 1.192589383572340012e-02 2.376358211040496826e-02 2.564151212573051453e-02 4.556605126708745956e-03 1.272755302488803864e-02 1.076432503759860992e-02 1.499958243221044540e-02 2.245755121111869812e-02 1.592074707150459290e-02 5.609765066765248775e-04 1.956076547503471375e-02 3.063458018004894257e-03 1.241326052695512772e-02 1.448439154773950577e-02 1.918167434632778168e-02 1.169005502015352249e-02 2.297813259065151215e-02 1.739941723644733429e-02 1.611897163093090057e-02
2.565650269389152527e-02 1.703354902565479279e-02 2.187691070139408112e-02 5.652875173836946487e-03 2.179711358621716499e-03 2.778617665171623230e-02 7.439967710524797440e-03 2.570883557200431824e-02 2.126555889844894409e-02 1.797050470486283302e-03 1.311384513974189758e-02 8.621797561645507812e-01 7.252469193190336227e-03 8.317314833402633667e-02 1.504486519843339920e-02 6.960839964449405670e-03 1.976859569549560547e-02 1.597673073410987854e-02 2.006728947162628174e-02 1.335221808403730392e-03 1.793047296814620495e-03 1.251460984349250793e-03 3.253331407904624939e-02 2.693534828722476959e-02 3.335659857839345932e-03 4.493787419050931931e-03 1.546101458370685577e-02 5.162337794899940491e-02 6.471344735473394394e-03 5.693332105875015259e-02 2.328330650925636292e-02 5.969994235783815384e-03 5.114809609949588776e-04 5.947591736912727356e-03 4.611530341207981110e-03 3.510908223688602448e-03 3.482405096292495728e-03 1.608766987919807434e-02 2.261920366436243057e-03 1.157492306083440781e-02 1.784898154437541962e-02 1.062777172774076462e-02 5.786095280200242996e-03 5.408999510109424591e-03 3.425410389900207520e-02 2.948338538408279419e-02 1.480021700263023376e-02 2.196337096393108368e-03 8.741460740566253662e-03 1.179976575076580048e-02 2.540609054267406464e-02 2.803775295615196228e-02 2.067982219159603119e-02 1.923883892595767975e-02 4.270068602636456490e-04 3.770253388211131096e-03 1.774150587152689695e-04 1.024170871824026108e-02 2.288618683815002441e-02 2.091197296977043152e-02 6.011797580868005753e-03 5.985515192151069641e-03 6.549147889018058777e-03 1.373121701180934906e-02 1.378608681261539459e-02 1.379054412245750427e-02 4.983182065188884735e-03 7.556373253464698792e-03 6.913471035659313202e-03 1.274905633181333542e-02 1.258686650544404984e-02 2.027883194386959076e-02 1.769577851518988609e-03 1.352984923869371414e-02 6.139675620943307877e-03 2.791309170424938202e-02 3.558816760778427124e-02 2.744148671627044678e-02 2.678497508168220520e-02 6.368771195411682129e-03 1.264433749020099640e-02 1.321649178862571716e-02 2.502027712762355804e-02 9.386057034134864807e-03 5.306699313223361969e-03 3.876238130033016205e-03 2.498281560838222504e-02 2.302655391395092010e-02 3.950443863868713379e-02 3.048446029424667358e-02 4.866878967732191086e-03 6.371045485138893127e-03 1.768788322806358337e-02 7.564003113657236099e-03 9.310636669397354126e-03 5.163661669939756393e-03 1.235700678080320358e-03 1.520244963467121124e-02 1.813576743006706238e-02 2.439002692699432373e-02 1.533899269998073578e-02 1.469591353088617325e-02 5.830872803926467896e-03 1.480527408421039581e-02 1.735484413802623749e-02 9.031378664076328278e-03 2.014852873980998993e-02 5.416423548012971878e-03 2.155809476971626282e-02 4.159695003181695938e-03 2.624562196433544159e-02 3.566290065646171570e-02 1.586906053125858307e-02 2.170515805482864380e-02 1.944079808890819550e-02 2.856547944247722626e-02
4.214967414736747742e-02 4.794330894947052002e-02 1.266894116997718811e-02 6.224896758794784546e-03 1.408971846103668213e-03 2.041008137166500092e-02 3.845208510756492615e-02 2.310107275843620300e-02 1.221276819705963135e-02 1.515618991106748581e-02 4.851907491683959961e-02 7.252469193190336227e-03 8.621797561645507812e-01 1.076341606676578522e-02 3.724772855639457703e-02 1.850689947605133057e-02 1.649335026741027832e-02 8.023012778721749783e-04 1.543667516671121120e-03 1.535082980990409851e-02 1.337042916566133499e-02 3.374331444501876831e-02 1.683362759649753571e-02 1.592195220291614532e-02 1.538717187941074371e-02 1.509014330804347992e-02 2.357028238475322723e-02 6.185810081660747528e-03 3.416419774293899536e-02 4.653723444789648056e-03 3.589064255356788635e-02 1.121848076581954956e-02 1.878782361745834351e-02 1.649665087461471558e-02 1.010123640298843384e-02 1.544467825442552567e-02 2.113304845988750458e-02 1.294380053877830505e-02 2.041073143482208252e-02 1.232640258967876434e-02 1.844452880322933197e-02 2.336981706321239471e-02 2.586925402283668518e-02 1.209647860378026962e-02 3.324988484382629395e-02 2.735389210283756256e-02 2.718514204025268555e-02 2.934057451784610748e-02 1.241866778582334518e-02 2.254159934818744659e-02 1.521037612110376358e-02 2.005032822489738464e-02 2.166790328919887543e-02 2.320746518671512604e-02 8.449913002550601959e-03 1.705243252217769623e-02 1.904092356562614441e-02 2.004335820674896240e-02 2.033192664384841919e-02 2.266954816877841949e-02 1.554893143475055695e-02 6.447532679885625839e-03 1.775245182216167450e-02 1.703477092087268829e-02 3.424699604511260986e-02 3.245243057608604431e-02 1.668552123010158539e-02 1.937637664377689362e-02 2.186491340398788452e-02 1.258295495063066483e-02 1.948606409132480621e-02 1.054933853447437286e-02 7.195090875029563904e-03 1.341978274285793304e-02 5.112409591674804688e-03 6.931555923074483871e-03 1.990619488060474396e-02 2.123031578958034515e-02 1.830073073506355286e-02 1.498098950833082199e-02 2.476097829639911652e-02 1.553879678249359131e-02 4.468135302886366844e-04 1.505930209532380104e-03 1.058573462069034576e-02 1.973563060164451599e-02 3.122949786484241486e-02 2.966970577836036682e-02 1.961421035230159760e-02 1.024456508457660675e-02 3.199773281812667847e-02 2.846062742173671722e-02 2.321580052375793457e-02 2.402463555335998535e-02 1.612177677452564240e-02 1.254644058644771576e-02 1.498080696910619736e-02 3.888456150889396667e-03 2.375982329249382019e-02 2.397415228188037872e-02 1.059423759579658508e-02 1.199288479983806610e-02 1.690887473523616791e-02 8.466744795441627502e-03 1.788249984383583069e-02 1.493701338768005371e-02 3.453102428466081619e-03 2.237320877611637115e-02 9.047692641615867615e-03 1.613705977797508240e-02 1.191552728414535522e-02 1.020520832389593124e-02 1.546734571456909180e-02 2.293246984481811523e-02 2.094671316444873810e-02 1.357148215174674988e-02
