8.428083062171936035e-01 6.801102310419082642e-02 2.524570934474468231e-02 1.919061690568923950e-02 1.666899584233760834e-02 5.469960346817970276e-02 4.719067364931106567e-02 1.091805379837751389e-02 7.354015833698213100e-04 9.658071212470531464e-03 5.696247145533561707e-02 5.029677995480597019e-04 4.691101983189582825e-02 3.161853179335594177e-03 2.949393354356288910e-02 1.932073757052421570e-02 1.970130391418933868e-02 1.126984279835596681e-04 8.549955673515796661e-03 1.984187960624694824e-02 2.396976202726364136e-02 3.406544774770736694e-02 1.835350506007671356e-02 3.034698311239480972e-03 1.927841268479824066e-02 2.843589708209037781e-02 1.929242908954620361e-02 2.407769206911325455e-03 2.941908314824104309e-02 1.687414757907390594e-02 2.863143943250179291e-02 9.285298176109790802e-03 1.349470671266317368e-02 1.093790028244256973e-02 7.959331385791301727e-03 3.470859723165631294e-03 4.375878721475601196e-03 1.954429596662521362e-02 1.630737818777561188e-02 1.355007104575634003e-02 1.070609083399176598e-03 1.191559340804815292e-02 1.737972721457481384e-02 4.307663533836603165e-03 5.202992353588342667e-03 1.308069564402103424e-02 3.910624235868453979e-02 2.181401662528514862e-02 2.826349809765815735e-03 1.084995549172163010e-02 3.023416362702846527e-02 1.195557508617639542e-02 6.639467086642980576e-03 1.365191023796796799e-02 1.545915380120277405e-02 8.785785175859928131e-03 2.497936785221099854e-02 2.404565736651420593e-02 1.046602521091699600e-02 1.107525732368230820e-02 7.370979059487581253e-03 1.508541963994503021e-02 1.734207198023796082e-02 1.320219412446022034e-02 8.410959504544734955e-03 1.380032394081354141e-02 1.924962550401687622e-02 2.097511291503906250e-02 1.849108375608921051e-02 7.170335389673709869e-03 1.897369325160980225e-02 7.532786577939987183e-03 1.791033148765563965e-02 6.377015262842178345e-03 1.122906617820262909e-02 1.096412446349859238e-02 8.764387108385562897e-03 2.373594790697097778e-03 2.254549041390419006e-02 1.799950189888477325e-02 2.043477445840835571e-02 4.254966042935848236e-03 8.400163613259792328e-03 6.334176287055015564e-03 1.342935767024755478e-02 6.560099776834249496e-03 1.182087883353233337e-02 2.133924514055252075e-02 1.231847563758492470e-03 4.124587867408990860e-03 2.322463318705558777e-02 9.339154697954654694e-03 1.954632811248302460e-02 1.531821023672819138e-02 2.386380545794963837e-02 1.152704190462827682e-02 3.804406616836786270e-03 9.432053775526583195e-04 1.082676090300083160e-02 1.097808778285980225e-02 8.205467020161449909e-04 1.219321391545236111e-03 1.866543851792812347e-02 5.354486405849456787e-03 1.579951122403144836e-02 2.579175308346748352e-02 9.133403189480304718e-03 2.279260894283652306e-03 1.555012259632349014e-02 4.292436875402927399e-03 2.289500646293163300e-02 1.452194619923830032e-02 1.468667946755886078e-02 1.865353249013423920e-02 2.010673657059669495e-02 2.848707884550094604e-02
6.801102310419082642e-02 8.428083062171936035e-01 2.163979969918727875e-02 1.495843753218650818e-02 1.404282823204994202e-02 3.873014822602272034e-02 4.579405114054679871e-02 3.963161725550889969e-03 4.875689046457409859e-04 3.528719302266836166e-03 5.558924004435539246e-02 8.558401837944984436e-03 5.206361413002014160e-02 2.516637789085507393e-03 3.837084397673606873e-02 1.693501882255077362e-02 1.433208584785461426e-02 6.067413371056318283e-03 1.220926293171942234e-03 2.817120403051376343e-02 3.116691112518310547e-02 3.251249715685844421e-02 2.053808607161045074e-02 2.399941440671682358e-03 2.802217379212379456e-02 3.533321246504783630e-02 2.139595150947570801e-02 1.015550456941127777e-02 2.816184423863887787e-02 7.363425567746162415e-03 3.017117269337177277e-02 1.630446128547191620e-02 1.906519010663032532e-02 1.532416045665740967e-02 8.207464590668678284e-03 1.030016131699085236e-02 4.686265252530574799e-03 1.556850410997867584e-02 1.666156947612762451e-02 7.206984329968690872e-03 4.605204798281192780e-03 2.034994401037693024e-02 1.885359361767768860e-02 7.318358868360519409e-03 3.414300153963267803e-04 1.025555096566677094e-02 2.879393473267555237e-02 2.646036073565483093e-02 1.076380722224712372e-02 1.217125169932842255e-02 2.720231562852859497e-02 9.512924589216709137e-03 1.504523679614067078e-02 1.223885687068104744e-03 1.714508049190044403e-02 1.559260394424200058e-02 3.184385225176811218e-02 3.155146539211273193e-02 2.878817758755758405e-05 6.259522051550447941e-04 3.026079386472702026e-03 1.257293112576007843e-02 1.991481706500053406e-02 1.443056296557188034e-02 1.736259832978248596e-02 2.193284034729003906e-02 2.721384167671203613e-02 2.619650773704051971e-02 1.752604544162750244e-02 6.927972659468650818e-03 1.634297147393226624e-02 2.079751109704375267e-03 1.077147293835878372e-02 2.918509300798177719e-03 7.655189838260412216e-03 3.499329322949051857e-03 7.876615040004253387e-03 5.614841356873512268e-04 2.607600204646587372e-02 1.848142221570014954e-02 1.182903163135051727e-02 1.015193480998277664e-02 1.276762195629999042e-04 4.042152722831815481e-04 2.423566579818725586e-02 4.586745519191026688e-03 1.738915219902992249e-02 2.723418548703193665e-02 1.124512124806642532e-02 9.328236803412437439e-03 2.310502715408802032e-02 1.363008003681898117e-02 2.215201780200004578e-02 1.233773306012153625e-02 1.963133364915847778e-02 1.028201263397932053e-02 2.341395709663629532e-03 9.537071920931339264e-03 1.823691278696060181e-02 1.403221208602190018e-02 7.538949139416217804e-03 4.882938228547573090e-03 1.080972515046596527e-02 4.583569709211587906e-03 6.240565795451402664e-03 1.510397158563137054e-02 3.090580285061150789e-04 8.343257009983062744e-03 5.141802597790956497e-03 9.642396122217178345e-03 2.140676602721214294e-02 9.318964555859565735e-03 2.286683768033981323e-02 1.731484569609165192e-02 1.704176142811775208e-02 2.794052474200725555e-02
2.524570934474468231e-02 2.163979969918727875e-02 8.428083062171936035e-01 5.710521247237920761e-03 1.226844824850559235e-02 3.459317237138748169e-02 3.240300342440605164e-02 6.246384978294372559e-02 8.587563410401344299e-03 1.165851112455129623e-02 8.767878636717796326e-03 1.285117678344249725e-02 1.521138008683919907e-02 2.139993384480476379e-02 4.242514725774526596e-03 6.277008447796106339e-03 2.594571560621261597e-03 1.034246850758790970e-02 9.191047400236129761e-03 6.761584663763642311e-04 2.465429250150918961e-03 6.500300485640764236e-03 4.900007508695125580e-03 6.036903709173202515e-03 1.064561866223812103e-02 7.913270033895969391e-03 5.914641544222831726e-03 1.495814067311584949e-03 7.545234635472297668e-03 6.530591286718845367e-03 1.468760077841579914e-03 5.585846491158008575e-03 1.617399789392948151e-02 4.896742291748523712e-03 3.165328130125999451e-02 1.783899846486747265e-03 1.198534574359655380e-02 1.018632482737302780e-02 4.506817087531089783e-03 4.846510477364063263e-03 2.605875954031944275e-03 1.345349242910742760e-03 1.072412263602018356e-02 1.081340759992599487e-02 9.409176185727119446e-03 2.922158874571323395e-02 2.089439146220684052e-02 2.004365250468254089e-02 1.201240578666329384e-03 1.582296681590378284e-03 1.252251956611871719e-02 3.053563181310892105e-03 1.931232586503028870e-02 2.714518085122108459e-02 5.125431343913078308e-04 1.329902280122041702e-02 1.848603715188801289e-04 8.093184791505336761e-03 2.526118606328964233e-02 3.097509033977985382e-02 2.089371718466281891e-02 6.651895120739936829e-03 2.695831703022122383e-03 2.027878537774085999e-03 3.641996067017316818e-03 9.870049543678760529e-03 4.903927445411682129e-03 4.421659745275974274e-03 7.383573334664106369e-03 1.018995698541402817e-02 2.950218738988041878e-03 2.353066764771938324e-02 1.561213191598653793e-02 3.487521316856145859e-04 2.212804043665528297e-03 3.823297098278999329e-02 4.547355230897665024e-03 2.611427009105682373e-02 2.367537096142768860e-02 2.662759460508823395e-02 6.473977863788604736e-02 3.161358833312988281e-02 1.534410566091537476e-02 2.471620775759220123e-02 7.342509925365447998e-03 8.516277186572551727e-03 3.555527329444885254e-02 2.143868990242481232e-02 9.422408416867256165e-03 1.460417173802852631e-02 2.590974792838096619e-02 4.413580521941184998e-03 2.293346449732780457e-02 2.164945704862475395e-03 2.875342033803462982e-03 4.101343918591737747e-03 2.907935716211795807e-02 6.450920365750789642e-03 1.912742294371128082e-02 1.649285852909088135e-02 1.447034534066915512e-03 4.012092482298612595e-03 1.869760639965534210e-02 9.811861440539360046e-03 1.875509694218635559e-02 3.510336577892303467e-02 6.421671248972415924e-03 6.996286101639270782e-03 1.532583031803369522e-02 1.176856178790330887e-02 2.789180725812911987e-02 1.971875876188278198e-02 5.107115488499403000e-03 9.183131158351898193e-03 1.262445701286196709e-03 3.547870088368654251e-03
1.919061690568923950e-02 1.495843753218650818e-02 5.710521247237920761e-03 8.428083062171936035e-01 5.888335034251213074e-02 8.608742617070674896e-03 1.951224543154239655e-02 8.637630380690097809e-03 1.928747631609439850e-02 1.258403621613979340e-02 8.385408669710159302e-03 3.734741359949111938e-03 3.639554837718605995e-03 1.094674784690141678e-02 1.143912086263298988e-03 6.025116425007581711e-03 7.236729376018047333e-03 3.208473324775695801e-02 3.853536024689674377e-02 1.083226967602968216e-02 1.284180022776126862e-02 2.022114768624305725e-02 1.295978575944900513e-02 7.523722946643829346e-03 1.749446429312229156e-02 2.359431236982345581e-02 1.908082328736782074e-02 1.456574816256761551e-02 1.520498748868703842e-02 3.701996430754661560e-02 5.172660574316978455e-03 1.151552330702543259e-02 1.886516623198986053e-02 1.399474684149026871e-02 2.375675365328788757e-02 8.166602812707424164e-03 1.046360470354557037e-02 1.746734045445919037e-02 2.125108242034912109e-02 3.008244745433330536e-02 2.402744814753532410e-02 2.072710730135440826e-02 3.495996072888374329e-02 1.223804708570241928e-02 2.744592027738690376e-03 3.072991035878658295e-02 3.029484068974852562e-04 2.714929170906543732e-02 1.009883172810077667e-02 3.067283704876899719e-02 2.550897188484668732e-02 2.213406935334205627e-02 5.949676968157291412e-03 1.353088952600955963e-02 2.375094918534159660e-03 1.829709485173225403e-02 2.065219171345233917e-02 3.181941062211990356e-02 1.927109993994235992e-02 1.694101840257644653e-02 1.775772124528884888e-02 3.360897302627563477e-02 3.763831406831741333e-02 4.526592046022415161e-02 4.724064376205205917e-03 1.463735476136207581e-03 1.160574238747358322e-02 1.518661156296730042e-02 5.107769742608070374e-03 1.626889407634735107e-02 3.133574873208999634e-02 2.296024467796087265e-03 3.492465615272521973e-02 2.422480285167694092e-02 3.268830478191375732e-02 1.846822351217269897e-02 8.311121928272768855e-05 3.501837700605392456e-02 1.075244601815938950e-02 2.644499577581882477e-02 3.321732627227902412e-03 1.718634623102843761e-03 2.912968024611473083e-02 3.553283214569091797e-02 8.510446175932884216e-03 4.731710068881511688e-03 5.809544236399233341e-04 4.427545703947544098e-03 1.870429515838623047e-02 4.327366128563880920e-02 8.252421393990516663e-03 1.241495739668607712e-02 4.591591190546751022e-03 1.009708549827337265e-02 2.163674915209412575e-03 1.861127279698848724e-02 2.158665098249912262e-02 1.684653572738170624e-02 5.449818447232246399e-03 1.128698792308568954e-02 1.412586774677038193e-02 1.098290737718343735e-02 3.148270398378372192e-02 2.914475835859775543e-02 6.438737618736922741e-04 8.153756149113178253e-03 1.196660567075014114e-02 2.460245229303836823e-02 7.606768980622291565e-03 1.238297764211893082e-02 2.050842344760894775e-02 1.992701366543769836e-02 2.507646754384040833e-02 3.444935008883476257e-02 3.178599756211042404e-03 7.334763184189796448e-03
1.666899584233760834e-02 1.404282823204994202e-02 1.226844824850559235e-02 5.888335034251213074e-02 8.428083062171936035e-01 6.693792995065450668e-03 1.851865462958812714e-02 1.178791001439094543e-02 1.655997335910797119e-02 1.429255399852991104e-02 7.451304234564304352e-03 8.702565915882587433e-03 3.415193874388933182e-03 6.117848679423332214e-03 2.849251904990524054e-05 6.699537858366966248e-03 8.841025643050670624e-03 3.565366938710212708e-02 4.577960073947906494e-02 6.211321335285902023e-03 1.622129604220390320e-02 1.911206170916557312e-02 1.488953176885843277e-02 3.812767798081040382e-03 1.657077670097351074e-02 2.189124003052711487e-02 2.120696380734443665e-02 1.153656933456659317e-02 1.912877708673477173e-02 3.236389905214309692e-02 8.636828511953353882e-03 1.297935843467712402e-02 1.874896511435508728e-02 1.597408019006252289e-02 2.242592535912990570e-02 7.160276174545288086e-03 1.368472818285226822e-02 1.335148513317108154e-02 1.343437470495700836e-02 2.249832451343536377e-02 1.950412802398204803e-02 2.190154232084751129e-02 3.571947291493415833e-02 1.537379529327154160e-02 3.589385654777288437e-03 3.344051912426948547e-02 2.095313044264912605e-03 2.880189754068851471e-02 1.004161592572927475e-02 3.338794037699699402e-02 2.172873914241790771e-02 1.166668161749839783e-02 5.933017469942569733e-03 1.323226839303970337e-02 2.446582308039069176e-03 1.862340606749057770e-02 2.338603325188159943e-02 3.400833532214164734e-02 1.713233627378940582e-02 1.407104078680276871e-02 1.890175789594650269e-02 3.468792513012886047e-02 3.982347249984741211e-02 4.507994279265403748e-02 8.310751989483833313e-03 1.229786663316190243e-03 9.649156592786312103e-03 1.394629292190074921e-02 8.074306882917881012e-03 1.936009712517261505e-02 3.688919544219970703e-02 3.287841100245714188e-03 2.363296411931514740e-02 2.983609028160572052e-02 3.351992368698120117e-02 2.458707988262176514e-02 5.037366412580013275e-03 3.808469325304031372e-02 1.380325946956872940e-02 3.134717419743537903e-02 9.422084549441933632e-04 1.912679756060242653e-03 3.390657529234886169e-02 4.451346769928932190e-02 9.912808425724506378e-03 1.121770823374390602e-03 8.385755936615169048e-04 5.384812597185373306e-03 2.746254578232765198e-02 4.926105588674545288e-02 1.189496275037527084e-02 1.362079102545976639e-02 1.012765103951096535e-03 8.484291844069957733e-03 1.246571424417197704e-03 2.030829899013042450e-02 2.239331044256687164e-02 1.714346185326576233e-02 8.606114424765110016e-03 9.360535070300102234e-03 1.520580518990755081e-02 1.115524023771286011e-02 2.445562928915023804e-02 1.792434416711330414e-02 1.900709583424031734e-03 6.991516333073377609e-03 1.153360027819871902e-02 2.289117127656936646e-02 7.495813071727752686e-03 1.756352186203002930e-02 1.085963658988475800e-02 9.200107306241989136e-03 2.504161745309829712e-02 3.153017908334732056e-02 5.063397693447768688e-04 6.002816371619701385e-03
5.469960346817970276e-02 3.873014822602272034e-02 3.459317237138748169e-02 8.608742617070674896e-03 6.693792995065450668e-03 8.428083062171936035e-01 5.210190266370773315e-02 2.679027989506721497e-02 1.748667913489043713e-03 2.296626754105091095e-02 3.298658132553100586e-02 2.039933204650878906e-02 1.450225897133350372e-02 7.011013571172952652e-03 1.599773764610290527e-02 2.900337800383567810e-02 3.158744052052497864e-02 1.730108074843883514e-02 5.032176151871681213e-03 2.515022642910480499e-03 7.613869383931159973e-03 3.965971991419792175e-03 2.060001716017723083e-02 1.252770889550447464e-03 1.002419041469693184e-03 6.637558806687593460e-03 1.141089666634798050e-02 2.936176024377346039e-02 9.739880450069904327e-03 2.963638491928577423e-02 2.344093285501003265e-03 1.386602059938013554e-03 2.035923243965953588e-04 5.522843915969133377e-03 2.945546293631196022e-03 8.379460312426090240e-03 1.178390439599752426e-02 3.233573865145444870e-03 2.891863696277141571e-03 8.514093235135078430e-03 1.278942218050360680e-03 1.545799430459737778e-02 4.822875838726758957e-03 7.428302429616451263e-03 1.762138493359088898e-02 2.524934522807598114e-02 6.468488276004791260e-02 9.619039483368396759e-03 1.614949479699134827e-02 7.178710307925939560e-03 8.645856752991676331e-03 2.722093602642416954e-03 1.132144778966903687e-02 2.570190280675888062e-02 9.159199544228613377e-04 1.103245932608842850e-02 5.617669783532619476e-03 8.195325732231140137e-03 2.627476118505001068e-02 3.091168031096458435e-02 1.243711356073617935e-02 2.927292603999376297e-03 5.254995543509721756e-03 5.072357598692178726e-04 1.333075948059558868e-02 1.005084626376628876e-02 2.204412827268242836e-03 5.031469743698835373e-03 2.368378639221191406e-02 9.671746753156185150e-03 1.769246906042098999e-02 1.208517141640186310e-02 2.810022979974746704e-02 9.396300651133060455e-03 2.188383601605892181e-02 1.186323165893554688e-02 4.755781032145023346e-03 1.191306859254837036e-02 1.325471978634595871e-02 2.809364162385463715e-02 4.014628753066062927e-02 2.044523507356643677e-02 2.596818655729293823e-02 1.260455028386786580e-04 2.310534566640853882e-02 3.013432770967483521e-02 1.916483603417873383e-02 6.411325652152299881e-03 1.690382696688175201e-02 6.234696600586175919e-03 1.406755670905113220e-02 9.526881389319896698e-03 3.862343030050396919e-03 6.479758303612470627e-03 2.455145493149757385e-02 1.841309666633605957e-02 8.516249246895313263e-03 7.271006237715482712e-03 7.810245733708143234e-03 9.925899095833301544e-03 1.042912481352686882e-03 8.449274464510381222e-04 2.088075503706932068e-03 1.155016478151082993e-02 2.680049277842044830e-02 3.082950785756111145e-02 1.186750829219818115e-02 2.236534841358661652e-02 1.555602159351110458e-02 1.998457871377468109e-02 2.409058157354593277e-03 3.227291628718376160e-03 1.178925670683383942e-02 4.672402050346136093e-03 2.511556446552276611e-02 3.826041147112846375e-02
4.719067364931106567e-02 4.579405114054679871e-02 3.240300342440605164e-02 1.951224543154239655e-02 1.851865462958812714e-02 5.210190266370773315e-02 8.428083062171936035e-01 1.600476726889610291e-02 4.481914918869733810e-03 3.981635440140962601e-03 4.238795489072799683e-02 1.401355024427175522e-02 4.204993695020675659e-02 4.812281578779220581e-03 1.177936047315597534e-02 1.428827922791242599e-02 1.376267336308956146e-02 9.212312288582324982e-03 1.062617078423500061e-02 1.407511252909898758e-02 2.144705504179000854e-02 1.256218831986188889e-02 1.816900819540023804e-02 3.353131236508488655e-03 1.264537125825881958e-02 1.573039405047893524e-02 3.677764208987355232e-03 1.854367740452289581e-02 2.909522131085395813e-02 7.197736296802759171e-03 3.076642006635665894e-02 1.317226234823465347e-02 7.036038674414157867e-03 9.430647827684879303e-03 3.456728998571634293e-03 4.907777998596429825e-03 3.746322123333811760e-03 1.787436311133205891e-03 1.218773517757654190e-02 1.932295598089694977e-02 1.434175646863877773e-03 1.427529472857713699e-02 5.534030962735414505e-03 1.284811180084943771e-02 1.096661388874053955e-02 1.939158514142036438e-02 6.876683980226516724e-02 6.825110316276550293e-02 1.020998880267143250e-02 1.227408647537231445e-02 1.677346415817737579e-02 6.505482364445924759e-03 9.792986325919628143e-03 1.666085980832576752e-02 1.536884345114231110e-02 1.734097674489021301e-02 8.149189874529838562e-03 1.402717269957065582e-02 2.029207162559032440e-02 1.167268585413694382e-02 8.092697709798812866e-03 7.263592910021543503e-03 1.983919367194175720e-02 4.170097876340150833e-03 1.839827187359333038e-02 2.566345408558845520e-02 2.027366682887077332e-02 1.873151957988739014e-02 1.884072646498680115e-02 1.052977610379457474e-02 2.447724528610706329e-02 3.502359613776206970e-02 6.509234197437763214e-03 3.000073833391070366e-03 1.200636290013790131e-02 1.894011721014976501e-02 1.259219716303050518e-03 9.736838750541210175e-03 2.872970141470432281e-02 1.102645881474018097e-02 2.423098683357238770e-02 8.868529461324214935e-03 1.302183326333761215e-02 7.155662868171930313e-03 1.571394153870642185e-03 6.410820409655570984e-03 8.326476439833641052e-03 8.160245604813098907e-03 1.106052286922931671e-02 2.024505287408828735e-03 4.789959639310836792e-02 2.007464412599802017e-03 4.651523754000663757e-02 4.982753191143274307e-03 6.941849831491708755e-03 1.148583926260471344e-02 6.103274412453174591e-03 7.662170100957155228e-03 1.425940636545419693e-02 6.172921974211931229e-03 6.545713637024164200e-03 5.305737722665071487e-03 8.268856443464756012e-03 1.165635976940393448e-02 1.267403643578290939e-02 1.804214343428611755e-02 8.100672625005245209e-03 4.163233563303947449e-03 1.412887405604124069e-02 6.976014003157615662e-03 2.259231172502040863e-02 7.309325970709323883e-03 1.174802053719758987e-02 3.640526672825217247e-03 1.614105515182018280e-02 3.318478539586067200e-02
1.091805379837751389e-02 3.963161725550889969e-03 6.246384978294372559e-02 8.637630380690097809e-03 1.178791001439094543e-02 2.679027989506721497e-02 1.600476726889610291e-02 8.428083062171936035e-01 2.335092425346374512e-02 6.382839754223823547e-03 4.929667804390192032e-03 1.828990504145622253e-02 1.866956939920783043e-03 1.872760988771915436e-02 2.066526561975479126e-02 2.375819906592369080e-02 1.921846158802509308e-02 1.266404055058956146e-02 3.566294442862272263e-03 7.495288737118244171e-03 1.895918510854244232e-03 8.129118941724300385e-03 1.091422792524099350e-02 1.985117793083190918e-02 1.779979467391967773e-02 2.140735462307929993e-02 1.809789612889289856e-02 1.647851988673210144e-02 6.618557963520288467e-03 6.687589455395936966e-03 8.311067707836627960e-03 1.186152221634984016e-04 1.729827001690864563e-02 4.679590638261288404e-04 3.079567849636077881e-02 3.450192278251051903e-03 2.346052788197994232e-02 6.117823650129139423e-04 5.263692699372768402e-03 8.129294961690902710e-03 1.095302170142531395e-03 3.228879300877451897e-03 2.024147473275661469e-02 1.305559650063514709e-02 5.586602259427309036e-03 2.108841016888618469e-02 1.837863400578498840e-02 2.367821056395769119e-03 9.224847890436649323e-03 4.389374982565641403e-03 1.148549374192953110e-02 6.513336673378944397e-03 2.993718907237052917e-02 3.146039694547653198e-02 1.738934405148029327e-02 1.037017256021499634e-02 1.515030581504106522e-02 2.391397021710872650e-02 3.108973428606987000e-02 3.213489800691604614e-02 4.025528673082590103e-03 6.072699092328548431e-03 1.515831332653760910e-03 4.528226330876350403e-03 1.056615728884935379e-02 1.635314896702766418e-02 4.618509672582149506e-03 1.096789166331291199e-02 1.314837578684091568e-02 2.607295662164688110e-02 5.360359791666269302e-03 1.479358226060867310e-02 2.724410407245159149e-02 7.025948725640773773e-03 2.051853388547897339e-02 2.061390131711959839e-02 3.375972807407379150e-02 2.295154379680752754e-03 1.781426399247720838e-04 1.692893914878368378e-02 6.291059404611587524e-02 5.470915883779525757e-02 5.881850607693195343e-03 2.437672344967722893e-03 1.820684759877622128e-03 1.165105029940605164e-02 4.666690528392791748e-02 4.459738358855247498e-02 7.384105585515499115e-03 1.960366219282150269e-02 2.098664455115795135e-02 2.022589370608329773e-02 4.863079637289047241e-03 1.431177463382482529e-02 1.556458696722984314e-02 1.419743243604898453e-02 2.251762896776199341e-02 2.002365514636039734e-02 9.053864516317844391e-03 7.985559292137622833e-03 1.199380122125148773e-02 1.002087374217808247e-03 1.490335259586572647e-02 1.967013441026210785e-02 2.920289151370525360e-02 3.724365681409835815e-02 4.014409612864255905e-03 1.701236516237258911e-02 1.565781608223915100e-02 8.688188157975673676e-03 3.891414031386375427e-03 1.827266812324523926e-02 1.486448664218187332e-02 2.015046775341033936e-02 9.280377998948097229e-03 7.036905270069837570e-03
7.354015833698213100e-04 4.875689046457409859e-04 8.587563410401344299e-03 1.928747631609439850e-02 1.655997335910797119e-02 1.748667913489043713e-03 4.481914918869733810e-03 2.335092425346374512e-02 8.428083062171936035e-01 4.250338673591613770e-02 2.757191192358732224e-03 1.534712314605712891e-02 4.227891098707914352e-03 8.892537094652652740e-03 3.707008901983499527e-03 5.016768723726272583e-02 4.250801727175712585e-02 1.936167106032371521e-02 1.621793583035469055e-02 4.590151831507682800e-03 3.020056523382663727e-03 2.435124851763248444e-02 2.541292645037174225e-02 4.405485466122627258e-02 1.914617605507373810e-03 1.834458555094897747e-03 2.463380433619022369e-02 9.454313665628433228e-03 3.523589577525854111e-03 1.517762243747711182e-02 1.072283182293176651e-02 2.843025140464305878e-02 3.013523528352379799e-03 1.852163113653659821e-02 1.816573552787303925e-02 2.272892743349075317e-02 5.494079086929559708e-03 2.292290702462196350e-02 8.321907371282577515e-03 8.397189900279045105e-03 9.372037835419178009e-03 5.198227241635322571e-03 2.593114599585533142e-02 1.963108591735363007e-02 1.061908318661153316e-03 2.644995972514152527e-02 5.399659276008605957e-03 1.209261827170848846e-02 3.315688669681549072e-02 3.825041232630610466e-03 4.119275254197418690e-04 1.551615446805953979e-02 2.963177394121885300e-05 1.175594632513821125e-03 5.249380320310592651e-02 2.863748697564005852e-03 5.195437930524349213e-03 1.033738255500793457e-02 2.089561196044087410e-03 1.885995152406394482e-03 2.541946806013584137e-02 1.436896529048681259e-02 2.857839921489357948e-03 1.307794358581304550e-02 2.399762393906712532e-03 4.756303969770669937e-03 1.493461313657462597e-03 4.123124759644269943e-03 5.118035897612571716e-02 2.194277942180633545e-02 1.862905174493789673e-02 1.515016052871942520e-02 1.445983164012432098e-02 1.581709645688533783e-02 2.144775539636611938e-02 9.170124540105462074e-04 6.067638099193572998e-02 1.207642536610364914e-02 3.062355704605579376e-02 1.241746079176664352e-02 1.478222105652093887e-02 1.770417019724845886e-02 2.077609486877918243e-02 2.559837326407432556e-02 5.891841836273670197e-03 6.196099799126386642e-03 1.512905582785606384e-02 1.224785856902599335e-02 7.655559107661247253e-03 1.084454078227281570e-02 1.474791672080755234e-02 2.991819567978382111e-02 4.149819258600473404e-03 1.695814728736877441e-02 5.587971583008766174e-02 3.788781538605690002e-02 1.761348359286785126e-02 1.453233137726783752e-02 8.244990371167659760e-03 2.665524603798985481e-03 4.068895056843757629e-02 1.653380692005157471e-02 1.666141301393508911e-02 4.663279280066490173e-03 1.841305382549762726e-02 9.918265044689178467e-03 2.351686544716358185e-02 1.263723894953727722e-02 1.523404149338603020e-03 2.973428694531321526e-03 1.791158877313137054e-02 2.875660080462694168e-03 2.194526046514511108e-02 2.797429636120796204e-02 1.327610854059457779e-02 1.473991572856903076e-02
9.658071212470531464e-03 3.528719302266836166e-03 1.165851112455129623e-02 1.258403621613979340e-02 1.429255399852991104e-02 2.296626754105091095e-02 3.981635440140962601e-03 6.382839754223823547e-03 4.250338673591613770e-02 8.428083062171936035e-01 1.742151880534947850e-06 2.384524606168270111e-02 2.533237449824810028e-03 2.301999181509017944e-02 3.639105008915066719e-03 2.981727197766304016e-02 3.209527581930160522e-02 3.755641356110572815e-02 3.863877058029174805e-02 1.321330852806568146e-02 1.590104401111602783e-02 9.709847159683704376e-03 1.262013800442218781e-02 3.857645019888877869e-02 1.624391227960586548e-02 1.797205209732055664e-02 6.990948226302862167e-03 1.587710157036781311e-02 1.284998841583728790e-03 2.491808496415615082e-02 1.054491382092237473e-02 3.167851269245147705e-02 4.625112749636173248e-03 2.598641067743301392e-02 2.291402779519557953e-03 2.404799312353134155e-02 1.380978152155876160e-02 3.618120914325118065e-03 1.652960898354649544e-03 3.482069354504346848e-03 1.599822938442230225e-02 2.701319754123687744e-02 2.584954956546425819e-03 8.866486314218491316e-05 3.975606989115476608e-03 1.495673228055238724e-02 5.444080568850040436e-03 2.048838511109352112e-02 5.037856101989746094e-02 3.406704217195510864e-02 3.676642663776874542e-03 7.437585387378931046e-03 9.002257138490676880e-04 1.284488849341869354e-02 4.527728632092475891e-02 3.385415300726890564e-02 2.676395000889897346e-03 4.729844164103269577e-03 7.312044035643339157e-03 7.281957659870386124e-03 3.266126289963722229e-02 9.194193407893180847e-03 1.198646705597639084e-02 4.789101891219615936e-03 7.769541814923286438e-03 1.558367442339658737e-02 1.852510869503021240e-02 1.063792407512664795e-02 2.535439841449260712e-02 6.344506517052650452e-03 2.500991337001323700e-02 2.005320973694324493e-03 6.723457947373390198e-03 6.881629582494497299e-03 9.971404448151588440e-03 4.625737783499062061e-04 3.425639495253562927e-02 2.942077815532684326e-02 4.292576014995574951e-02 5.503880232572555542e-02 8.401395753026008606e-04 2.527633681893348694e-03 2.575413882732391357e-02 3.796733170747756958e-02 2.104656025767326355e-02 2.315327152609825134e-02 6.436231196857988834e-04 7.417180575430393219e-03 3.547544125467538834e-03 1.607543230056762695e-02 1.017769146710634232e-02 1.567774801515042782e-03 1.039135269820690155e-02 7.393427193164825439e-03 1.329967286437749863e-02 3.216708824038505554e-02 1.345788594335317612e-02 2.004488371312618256e-02 2.324547432363033295e-02 1.568896509706974030e-02 3.330663964152336121e-02 1.976193487644195557e-02 4.159409552812576294e-03 7.690612226724624634e-03 4.490977153182029724e-03 1.019989792257547379e-02 2.848953194916248322e-02 1.736916787922382355e-02 1.591111160814762115e-02 3.110782802104949951e-02 3.630913794040679932e-03 9.038548450917005539e-04 9.844769723713397980e-03 1.047354191541671753e-03 1.520731952041387558e-02 1.081899553537368774e-02
5.696247145533561707e-02 5.558924004435539246e-02 8.767878636717796326e-03 8.385408669710159302e-03 7.451304234564304352e-03 3.298658132553100586e-02 4.238795489072799683e-02 4.929667804390192032e-03 2.757191192358732224e-03 1.742151880534947850e-06 8.428083062171936035e-01 1.523188501596450806e-02 5.191754177212715149e-02 6.738387048244476318e-03 3.698077797889709473e-02 1.828558929264545441e-02 1.447040028870105743e-02 6.458949763327836990e-03 5.661917850375175476e-03 2.371379174292087555e-02 3.166125714778900146e-02 3.660278022289276123e-02 1.569021493196487427e-02 5.136032588779926300e-03 2.410721778869628906e-02 2.898630127310752869e-02 2.262455411255359650e-02 1.494047511368989944e-02 3.983978927135467529e-02 4.086178887519054115e-05 3.401939943432807922e-02 2.355878427624702454e-02 1.752742938697338104e-02 2.232107892632484436e-02 1.282864622771739960e-02 1.455347333103418350e-02 1.651246473193168640e-02 3.013513237237930298e-02 1.866510137915611267e-02 1.400993950664997101e-02 1.348329707980155945e-02 1.402814406901597977e-02 1.861275173723697662e-02 9.118421003222465515e-03 7.222308777272701263e-03 6.002169568091630936e-03 2.940452657639980316e-02 2.416805550456047058e-02 5.449781659990549088e-03 1.358178909868001938e-02 2.138330042362213135e-02 4.399127326905727386e-03 2.406384423375129700e-02 1.206701900810003281e-02 1.302613317966461182e-02 1.369381789118051529e-02 2.225981466472148895e-02 2.430690079927444458e-02 1.089434605091810226e-02 1.245066802948713303e-02 5.528104025870561600e-03 1.519501674920320511e-02 1.523048430681228638e-02 6.198558025062084198e-03 2.769810520112514496e-02 3.192410990595817566e-02 2.715888246893882751e-02 2.647248469293117523e-02 1.344933081418275833e-02 1.805800013244152069e-02 1.329014636576175690e-02 5.906213191337883472e-04 2.441258868202567101e-03 1.221644878387451172e-02 3.997760359197854996e-03 4.453829955309629440e-03 2.611723961308598518e-03 4.378729965537786484e-03 2.590404637157917023e-02 1.098429225385189056e-02 1.001296681351959705e-03 2.041684836149215698e-02 3.440502565354108810e-03 4.316877108067274094e-03 1.358226127922534943e-02 4.777499474585056305e-03 3.001399710774421692e-02 3.485966101288795471e-02 1.048273872584104538e-02 7.291998714208602905e-03 2.362820878624916077e-02 2.732406742870807648e-02 2.322062291204929352e-02 2.738992311060428619e-02 1.347419340163469315e-02 1.084578502923250198e-02 5.620717070996761322e-03 9.178756736218929291e-03 1.897003501653671265e-02 1.705427654087543488e-02 1.657690852880477905e-02 1.736510358750820160e-02 1.192248892039060593e-02 2.967720851302146912e-03 1.006355788558721542e-02 4.024231806397438049e-03 1.203026529401540756e-02 9.604685939848423004e-03 8.372440002858638763e-03 1.440873369574546814e-02 2.313701622188091278e-02 1.166152674704790115e-02 1.806636154651641846e-02 1.498615182936191559e-02 2.008851245045661926e-02 2.155825868248939514e-02
5.029677995480597019e-04 8.558401837944984436e-03 1.285117678344249725e-02 3.734741359949111938e-03 8.702565915882587433e-03 2.039933204650878906e-02 1.401355024427175522e-02 1.828990504145622253e-02 1.534712314605712891e-02 2.384524606168270111e-02 1.523188501596450806e-02 8.428083062171936035e-01 1.876704394817352295e-02 5.754236131906509399e-02 1.420733984559774399e-02 5.990253994241356850e-04 1.393889397149905562e-04 8.110657334327697754e-03 1.216181181371212006e-02 2.666453085839748383e-02 2.976656146347522736e-02 1.538654044270515442e-02 1.865277811884880066e-02 1.815613545477390289e-02 3.008254989981651306e-02 2.682173438370227814e-02 7.118361536413431168e-03 4.662590473890304565e-02 9.697414934635162354e-03 3.620765730738639832e-02 1.776732690632343292e-02 2.333902195096015930e-02 2.461102046072483063e-02 2.523072995245456696e-02 1.924710534512996674e-02 8.192903362214565277e-03 1.077247131615877151e-02 3.837275784462690353e-03 1.575619098730385303e-03 8.604837581515312195e-03 5.156601779162883759e-03 2.718516439199447632e-02 1.161013543605804443e-02 5.931661929935216904e-03 2.085884287953376770e-02 9.416370652616024017e-03 1.921501127071678638e-03 2.456181682646274567e-02 2.501599490642547607e-02 3.763582929968833923e-02 1.332574710249900818e-02 2.374549023807048798e-02 1.852572313509881496e-03 7.820479571819305420e-03 1.118907239288091660e-02 3.507576137781143188e-02 1.067675556987524033e-02 2.002925053238868713e-02 8.861408568918704987e-03 1.420527696609497070e-02 2.038529142737388611e-02 2.527729794383049011e-02 8.499833755195140839e-03 4.103584215044975281e-03 1.329870615154504776e-02 1.960365474224090576e-02 3.369661420583724976e-02 3.270995989441871643e-02 2.336857374757528305e-03 4.010568372905254364e-03 1.524417102336883545e-02 8.401933126151561737e-03 4.031156748533248901e-02 9.407804463990032673e-04 3.380241245031356812e-02 3.182902699336409569e-03 3.449976816773414612e-02 1.046801451593637466e-02 3.313081571832299232e-03 2.444557845592498779e-02 1.786070875823497772e-02 1.952191442251205444e-02 8.823665790259838104e-03 1.035458335536532104e-04 2.939409948885440826e-02 2.901787310838699341e-02 1.183204259723424911e-02 1.799362525343894958e-02 1.384320855140686035e-02 8.304104208946228027e-03 6.616660859435796738e-03 2.112623490393161774e-02 6.035110447555780411e-03 2.714459039270877838e-02 2.825393155217170715e-02 4.753596149384975433e-03 8.216190151870250702e-03 5.305215716361999512e-03 2.668429911136627197e-02 1.071858406066894531e-02 3.744380548596382141e-03 7.924850098788738251e-03 3.019953612238168716e-03 3.787713358178734779e-03 2.490757405757904053e-02 2.357366308569908142e-02 1.429404504597187042e-02 2.049304544925689697e-02 2.207251265645027161e-02 2.544705569744110107e-02 8.019754663109779358e-03 1.870730705559253693e-02 3.252786397933959961e-02 1.168769039213657379e-02 2.784648537635803223e-02 1.916956854984164238e-03
4.691101983189582825e-02 5.206361413002014160e-02 1.521138008683919907e-02 3.639554837718605995e-03 3.415193874388933182e-03 1.450225897133350372e-02 4.204993695020675659e-02 1.866956939920783043e-03 4.227891098707914352e-03 2.533237449824810028e-03 5.191754177212715149e-02 1.876704394817352295e-02 8.428083062171936035e-01 5.477908998727798462e-03 4.407813400030136108e-02 1.518925838172435760e-02 7.626612670719623566e-03 1.415161695331335068e-02 1.337875379249453545e-03 2.971597574651241302e-02 3.137825056910514832e-02 2.820122241973876953e-02 1.216191239655017853e-02 3.837327705696225166e-03 2.782551199197769165e-02 2.986168675124645233e-02 1.156066916882991791e-02 2.625416591763496399e-02 4.573239013552665710e-02 1.235473435372114182e-02 4.883806779980659485e-02 2.649598009884357452e-02 2.234180644154548645e-02 2.062419615685939789e-02 1.063753943890333176e-02 1.985880732536315918e-02 1.475261896848678589e-02 1.331839524209499359e-02 9.944418445229530334e-03 6.728586740791797638e-03 7.145483512431383133e-03 1.770260371267795563e-02 1.508198864758014679e-02 8.097607642412185669e-03 6.192789878696203232e-03 9.132609702646732330e-03 2.339767292141914368e-02 3.445624187588691711e-02 1.560539752244949341e-02 1.555605605244636536e-02 2.407295629382133484e-02 2.134331502020359039e-03 2.205694839358329773e-02 9.940609335899353027e-03 1.904199272394180298e-02 1.999298669397830963e-02 3.462526947259902954e-02 3.168392926454544067e-02 7.985020987689495087e-03 1.546946074813604355e-02 4.549066943582147360e-04 7.598973810672760010e-03 2.243236824870109558e-02 5.711738020181655884e-03 3.251000866293907166e-02 3.973346203565597534e-02 3.529563546180725098e-02 2.970592305064201355e-02 1.800080388784408569e-02 5.631085019558668137e-03 1.595053635537624359e-02 7.745923940092325211e-03 7.886848179623484612e-04 3.193708835169672966e-03 5.389811121858656406e-04 3.179770428687334061e-03 3.499404061585664749e-03 4.746922291815280914e-03 3.622994944453239441e-02 1.869913935661315918e-02 3.102111630141735077e-03 1.740682683885097504e-02 5.959744565188884735e-03 1.907469471916556358e-03 2.269371040165424347e-02 8.227159269154071808e-03 2.261416241526603699e-02 3.343090042471885681e-02 2.185019105672836304e-02 1.588216796517372131e-02 3.475656732916831970e-02 1.499375887215137482e-02 3.891959413886070251e-02 1.769389025866985321e-02 1.638149656355381012e-02 7.185985334217548370e-03 1.308062346652150154e-03 1.663075573742389679e-02 1.987994834780693054e-02 1.665389351546764374e-02 1.973266899585723877e-02 1.366616785526275635e-02 4.961148835718631744e-03 8.809061837382614613e-04 5.745451897382736206e-03 2.592899836599826813e-03 1.250234339386224747e-02 1.244161278009414673e-02 7.234988268464803696e-03 1.342665310949087143e-02 1.754911430180072784e-02 3.950992777390638366e-06 2.104462310671806335e-02 1.180770061910152435e-02 9.822768159210681915e-03 2.949127182364463806e-02
