8.185769319534301758e-01 7.550117373466491699e-02 1.042649801820516586e-02 6.403528619557619095e-03 9.739480912685394287e-03 3.016788698732852936e-02 2.324223145842552185e-02 1.621646434068679810e-02 1.143690478056669235e-02 1.802823133766651154e-02 3.483018279075622559e-02 9.304737672209739685e-03 3.415318578481674194e-02 9.130919934250414371e-04 4.107358679175376892e-02 1.044782903045415878e-02 3.581994678825139999e-03 1.813329756259918213e-02 2.666250802576541901e-03 2.785430289804935455e-02 8.097235113382339478e-03 4.416946321725845337e-02 1.500807330012321472e-02 1.648500747978687286e-02 1.002156082540750504e-02 5.370603874325752258e-03 3.460768610239028931e-02 1.533258799463510513e-02 2.051613107323646545e-02 5.590396001935005188e-03 1.569730043411254883e-02 2.734092436730861664e-02 1.375992130488157272e-02 2.279704436659812927e-02 2.407151274383068085e-02 2.095578052103519440e-02 1.380939781665802002e-02 1.983233354985713959e-02 1.665486395359039307e-02 1.556153874844312668e-02 3.566060587763786316e-02 3.257312253117561340e-02 2.847445756196975708e-02 1.040871068835258484e-02 1.170592289417982101e-02 1.356472354382276535e-02 2.882456220686435699e-02 2.430935762822628021e-02 6.807208526879549026e-03 3.584309481084346771e-03 2.471076510846614838e-02 1.992929354310035706e-02 4.917142447084188461e-03 1.495368685573339462e-02 9.259812533855438232e-03 6.080215331166982651e-03 1.279692351818084717e-02 6.239973008632659912e-03 1.218190882354974747e-02 8.737471071071922779e-04 1.057114265859127045e-02 8.763314224779605865e-03 1.695154048502445221e-02 2.289765700697898865e-02 8.993300609290599823e-03 1.116280443966388702e-02 6.373328622430562973e-03 2.328194677829742432e-03 1.069808099418878555e-02 1.437230408191680908e-02 5.106008145958185196e-03 2.555793523788452148e-02 1.066986471414566040e-02 1.020559854805469513e-02 5.949630402028560638e-03 9.980096481740474701e-03 1.099754963070154190e-02 2.403094200417399406e-03 2.391972113400697708e-03 3.596033202484250069e-04 5.255042109638452530e-03 1.274184510111808777e-02 3.736670361831784248e-03 1.327568781562149525e-03 2.282833494246006012e-02 2.420779876410961151e-02 2.570962905883789062e-02 3.716143965721130371e-02 4.362049978226423264e-03 1.134516205638647079e-03 2.439600042998790741e-02 1.250930223613977432e-02 2.476959675550460815e-02 1.900075562298297882e-02 1.837974786758422852e-02 2.264481782913208008e-02 5.265599465928971767e-04 3.409714205190539360e-03 5.631833337247371674e-03 7.602050900459289551e-03 2.903094328939914703e-02 2.814037725329399109e-02 2.287688199430704117e-03 1.131728198379278183e-02 1.460349559783935547e-02 1.855178270488977432e-03 7.176441606134176254e-03 1.445549912750720978e-02 1.957223936915397644e-02 2.734823152422904968e-02 3.175514191389083862e-02 2.957813441753387451e-02 2.997948974370956421e-02 1.228745002299547195e-02 9.177578613162040710e-03 1.933938451111316681e-02
7.550117373466491699e-02 8.185769319534301758e-01 1.344535127282142639e-02 6.126033607870340347e-03 8.368330076336860657e-03 3.543975576758384705e-02 3.167925775051116943e-02 5.774769815616309643e-04 2.025385620072484016e-03 1.614304259419441223e-02 3.990008309483528137e-02 4.563387949019670486e-03 4.709468409419059753e-02 2.443562261760234833e-03 3.822851553559303284e-02 9.686442092061042786e-03 3.779271384701132774e-03 1.724088191986083984e-02 1.334223197773098946e-03 3.161942213773727417e-02 1.428840309381484985e-02 3.468272089958190918e-02 6.386509630829095840e-03 1.385517418384552002e-02 1.318316161632537842e-02 1.425594650208950043e-02 1.625038497149944305e-02 1.720020361244678497e-02 3.190860524773597717e-02 8.096439763903617859e-03 3.014098107814788818e-02 2.619259804487228394e-02 5.982422269880771637e-03 1.968114636838436127e-02 1.158218551427125931e-02 1.143277157098054886e-02 1.691253972239792347e-03 8.504286408424377441e-03 1.304807327687740326e-02 2.514136955142021179e-02 1.084982138127088547e-02 3.226724639534950256e-02 3.725362196564674377e-02 2.016704715788364410e-02 2.391639724373817444e-02 1.417722180485725403e-02 3.518530726432800293e-02 3.789746016263961792e-02 1.277248188853263855e-02 8.708056993782520294e-03 2.922402508556842804e-02 1.977331563830375671e-02 3.146913368254899979e-03 2.335810661315917969e-02 3.950095269829034805e-03 1.862072385847568512e-03 7.335019763559103012e-03 1.607152819633483887e-02 6.491211242973804474e-03 5.495253484696149826e-03 7.900642231106758118e-03 5.739273037761449814e-03 1.699942909181118011e-02 2.593882381916046143e-02 1.738035306334495544e-02 2.444653213024139404e-02 4.407412779983133078e-04 8.723609149456024170e-03 5.507087917067110538e-04 1.835866458714008331e-02 7.887483574450016022e-03 1.505557261407375336e-02 1.291973423212766647e-02 1.322196237742900848e-02 9.026363259181380272e-04 6.584553048014640808e-03 1.286958577111363411e-03 1.183000579476356506e-02 5.155151244252920151e-03 1.080103497952222824e-02 2.314524026587605476e-03 1.200783811509609222e-02 7.515231613069772720e-03 3.105133539065718651e-03 3.258288651704788208e-02 2.358073927462100983e-02 2.790572494268417358e-02 3.852355480194091797e-02 3.737848950549960136e-03 6.804028060287237167e-03 2.780904062092304230e-02 3.562968969345092773e-02 3.591143712401390076e-02 1.853193715214729309e-02 2.950907510239630938e-04 8.884404785931110382e-03 1.758390455506742001e-03 6.731424946337938309e-03 9.004749357700347900e-03 4.433189984411001205e-03 2.514561079442501068e-02 2.389219589531421661e-02 5.156686063855886459e-03 1.206673402339220047e-02 9.485036134719848633e-03 1.370534021407365799e-02 3.506780602037906647e-03 1.480892207473516464e-02 1.995033398270606995e-02 2.074965834617614746e-02 1.621034741401672363e-02 1.082345191389322281e-02 3.361343592405319214e-02 2.162951789796352386e-02 9.112095460295677185e-03 1.564992219209671021e-02
1.042649801820516586e-02 1.344535127282142639e-02 8.185769319534301758e-01 7.183099631220102310e-03 1.819010474719107151e-03 9.575564414262771606e-03 4.265033639967441559e-03 3.920515999197959900e-02 1.526605628896504641e-04 1.047192234545946121e-02 1.856068894267082214e-02 9.264755644835531712e-04 1.422020513564348221e-02 6.149608176201581955e-03 4.978763405233621597e-03 5.288643762469291687e-03 3.592385473893955350e-05 4.387691617012023926e-03 2.733319997787475586e-02 2.210140461102128029e-03 2.699026092886924744e-02 3.566286293789744377e-03 2.461333945393562317e-02 7.346815895289182663e-03 6.089869420975446701e-03 3.781633917242288589e-03 2.940497128292918205e-03 5.403703544288873672e-03 1.947516761720180511e-02 1.651073060929775238e-02 1.259776297956705093e-02 2.263128990307450294e-04 1.684573478996753693e-02 1.001022476702928543e-02 4.394018091261386871e-03 1.790378242731094360e-03 1.150877331383526325e-03 1.288850139826536179e-02 3.250213712453842163e-02 1.391266472637653351e-02 1.151756383478641510e-02 1.903880760073661804e-02 2.546678297221660614e-02 2.818762324750423431e-02 3.046306408941745758e-02 1.230079773813486099e-02 2.520893467590212822e-03 1.025402452796697617e-02 8.816954679787158966e-03 1.707386784255504608e-02 9.076768532395362854e-03 3.668109653517603874e-03 1.098855677992105484e-02 1.332010980695486069e-02 2.558590844273567200e-02 2.009196765720844269e-02 7.475492544472217560e-03 3.184615634381771088e-03 1.693825906841084361e-04 1.762161776423454285e-02 4.127683117985725403e-03 1.602662168443202972e-02 4.824904724955558777e-03 8.804987184703350067e-03 2.288373559713363647e-02 1.496022101491689682e-02 1.508720684796571732e-02 1.092319190502166748e-02 1.617770059965550900e-03 2.242226153612136841e-02 1.614013127982616425e-02 2.301073446869850159e-02 4.012407269328832626e-03 1.435470301657915115e-02 1.027741841971874237e-02 2.265070378780364990e-02 3.203593939542770386e-02 3.111729957163333893e-02 7.526671513915061951e-03 1.340885739773511887e-02 2.815416455268859863e-02 4.043966904282569885e-02 6.133946590125560760e-04 7.741649635136127472e-03 2.137326076626777649e-02 7.166827097535133362e-03 4.961293190717697144e-03 1.223813742399215698e-02 8.762494660913944244e-03 2.394132083281874657e-03 1.783005334436893463e-02 2.022231929004192352e-03 1.235962379723787308e-02 6.231865845620632172e-03 2.128416113555431366e-02 1.606441661715507507e-02 2.673448063433170319e-03 1.871625706553459167e-02 8.178528398275375366e-03 1.091641280800104141e-02 1.819920353591442108e-02 1.926711201667785645e-02 2.173567377030849457e-02 1.649397052824497223e-02 4.568962380290031433e-03 3.160078451037406921e-02 2.640752354636788368e-03 9.942060569301247597e-04 2.896150574088096619e-02 1.695227622985839844e-02 2.677974989637732506e-03 1.544585730880498886e-02 3.340586647391319275e-02 1.862693764269351959e-02 1.649102661758661270e-03 1.095446757972240448e-02
6.403528619557619095e-03 6.126033607870340347e-03 7.183099631220102310e-03 8.185769319534301758e-01 4.750687628984451294e-02 1.777473650872707367e-02 1.308321300894021988e-02 3.427627682685852051e-02 5.846083164215087891e-03 9.872967377305030823e-03 1.175078749656677246e-02 2.783528156578540802e-02 1.231633964926004410e-02 2.774949930608272552e-02 6.208138074725866318e-03 1.499282382428646088e-02 3.136646375060081482e-02 1.618249155580997467e-02 3.998487442731857300e-02 9.629036299884319305e-03 1.391946151852607727e-02 2.348574344068765640e-03 6.367998197674751282e-03 1.711998693645000458e-02 4.931148607283830643e-03 4.512480460107326508e-03 4.943089094012975693e-03 3.187449881806969643e-03 2.631583623588085175e-02 4.988146247342228889e-04 1.399620063602924347e-02 1.349174231290817261e-02 1.254464220255613327e-02 8.212019689381122589e-03 1.974214427173137665e-02 3.566678985953330994e-02 3.188413009047508240e-02 3.416401566937565804e-03 4.753281921148300171e-02 2.612010017037391663e-02 4.215800669044256210e-03 1.448700018227100372e-02 1.139577291905879974e-02 6.808469071984291077e-03 3.040262497961521149e-03 7.580766920000314713e-03 2.273803390562534332e-02 1.689813286066055298e-02 4.634821787476539612e-02 3.466190397739410400e-02 1.291253021918237209e-03 4.485758021473884583e-03 7.388035883195698261e-04 1.342599093914031982e-02 2.693714341148734093e-03 2.260118722915649414e-02 1.671055098995566368e-03 7.572282338514924049e-04 1.564157311804592609e-03 1.048267167061567307e-02 3.627581894397735596e-02 3.966624662280082703e-02 1.147065311670303345e-02 1.471740938723087311e-02 2.730157785117626190e-02 9.028571657836437225e-03 5.519120953977108002e-03 1.836476614698767662e-03 1.954923383891582489e-02 2.332127466797828674e-02 2.015387453138828278e-02 2.099651843309402466e-03 5.841470137238502502e-02 8.051204495131969452e-03 5.434082075953483582e-02 6.398176308721303940e-03 1.327123958617448807e-02 1.362793333828449249e-02 2.634857408702373505e-02 8.497016504406929016e-03 1.064963266253471375e-02 2.563722990453243256e-02 4.560086503624916077e-02 2.839994244277477264e-02 4.067978635430335999e-02 3.135006129741668701e-02 2.050719485851004720e-04 1.263223588466644287e-02 1.863759756088256836e-02 8.335301652550697327e-03 2.469989098608493805e-02 1.649431511759757996e-02 1.805197820067405701e-02 9.491339325904846191e-03 7.087480276823043823e-03 1.132833398878574371e-02 2.505912072956562042e-02 1.608475111424922943e-02 1.963601075112819672e-02 1.123704202473163605e-02 1.410853490233421326e-02 2.943447558209300041e-03 3.645697981119155884e-02 4.719323012977838516e-03 1.096212863922119141e-02 1.756072044372558594e-02 4.284102004021406174e-03 3.031922131776809692e-02 1.165541354566812515e-02 5.019004456698894501e-03 1.872962899506092072e-02 2.718532830476760864e-02 1.193292252719402313e-02 1.215107645839452744e-02 5.422594025731086731e-03 2.184606902301311493e-02
9.739480912685394287e-03 8.368330076336860657e-03 1.819010474719107151e-03 4.750687628984451294e-02 8.185769319534301758e-01 6.636876059928908944e-05 4.229748155921697617e-03 2.454710565507411957e-02 9.672046639025211334e-03 1.871937140822410583e-02 7.769626099616289139e-03 2.667295746505260468e-02 7.435028441250324249e-03 4.252843931317329407e-02 1.648149453103542328e-02 1.654750481247901917e-02 3.318066522479057312e-02 2.857444994151592255e-02 3.452767804265022278e-02 1.176655199378728867e-02 1.285020727664232254e-02 6.137405522167682648e-03 6.316970102488994598e-03 9.906081482768058777e-03 1.096021011471748352e-02 6.960248574614524841e-03 1.546285953372716904e-02 8.203017525374889374e-03 1.234980579465627670e-02 3.578039631247520447e-02 8.439742028713226318e-03 4.937618970870971680e-03 4.743464291095733643e-03 9.505106136202812195e-03 3.219581395387649536e-02 1.550901960581541061e-02 3.147898241877555847e-02 1.316145062446594238e-02 3.876725956797599792e-02 6.285873800516128540e-02 6.765999365597963333e-03 1.393888145685195923e-02 7.647546008229255676e-03 1.444207970052957535e-03 1.458395645022392273e-02 8.942794054746627808e-03 3.973300103098154068e-03 7.671696133911609650e-03 1.797623001039028168e-02 3.286324441432952881e-02 3.285557031631469727e-03 5.801249761134386063e-03 1.145006623119115829e-02 1.709389965981245041e-03 2.847995422780513763e-02 1.058054435998201370e-02 3.405193798243999481e-03 1.781317219138145447e-02 8.177633397281169891e-03 5.226506851613521576e-03 3.643352538347244263e-02 3.816184028983116150e-02 1.218870095908641815e-02 1.575404219329357147e-02 7.081888150423765182e-03 8.970505557954311371e-03 1.001885719597339630e-02 8.786812424659729004e-03 1.617081114090979099e-03 7.376797962933778763e-03 1.742270542308688164e-03 1.639006286859512329e-02 3.024802170693874359e-02 9.472496458329260349e-04 5.707107856869697571e-02 1.266199443489313126e-02 4.486509598791599274e-03 2.346595376729965210e-02 7.694580126553773880e-03 6.467933300882577896e-03 1.998942345380783081e-02 2.943685511127114296e-03 4.347022250294685364e-02 6.024656444787979126e-02 2.693519927561283112e-02 2.010654285550117493e-02 3.208147361874580383e-03 2.753446111455559731e-03 1.586611499078571796e-03 4.931162693537771702e-04 1.862289936980232596e-04 1.625548349693417549e-03 5.853183567523956299e-03 3.014984074980020523e-03 3.419660264626145363e-03 2.724235132336616516e-02 2.775689773261547089e-02 3.933489322662353516e-03 1.266499515622854233e-02 1.120046526193618774e-02 1.343888044357299805e-02 4.237911663949489594e-03 2.774638496339321136e-02 9.582546539604663849e-03 3.533674404025077820e-02 1.371360570192337036e-02 1.831058878451585770e-03 3.915452398359775543e-03 5.390782840549945831e-03 1.296528708189725876e-02 4.630298353731632233e-03 2.177607454359531403e-02 6.968554574996232986e-03 7.590814027935266495e-03 3.253143513575196266e-03 2.461863309144973755e-02
3.016788698732852936e-02 3.543975576758384705e-02 9.575564414262771606e-03 1.777473650872707367e-02 6.636876059928908944e-05 8.185769319534301758e-01 6.018045172095298767e-02 1.447144313715398312e-03 3.880385775119066238e-03 8.605102077126502991e-03 5.245508626103401184e-02 2.128854021430015564e-02 4.804620519280433655e-02 9.547854773700237274e-03 1.888019777834415436e-02 2.218923717737197876e-02 1.135968044400215149e-02 1.873027347028255463e-02 6.147339008748531342e-03 2.860294654965400696e-02 2.380329743027687073e-02 2.089488506317138672e-02 5.780133884400129318e-03 2.264717826619744301e-03 2.239101007580757141e-02 3.320119157433509827e-02 8.878077496774494648e-04 2.071437612175941467e-02 4.015965759754180908e-02 2.908678958192467690e-03 3.899728879332542419e-02 8.931848220527172089e-03 1.740957424044609070e-02 5.057909060269594193e-03 1.220311783254146576e-02 5.537316668778657913e-03 9.345208294689655304e-03 1.019586715847253799e-02 1.460973173379898071e-02 6.005976349115371704e-03 1.041104085743427277e-02 2.471483685076236725e-02 2.917044982314109802e-02 1.050339546054601669e-02 1.510604564100503922e-02 1.259746961295604706e-02 6.282158195972442627e-02 4.179244861006736755e-02 1.699703745543956757e-02 2.407094277441501617e-02 1.674587838351726532e-02 2.465363591909408569e-02 1.045249868184328079e-02 6.646766327321529388e-03 4.353997763246297836e-03 1.105498708784580231e-02 3.255913779139518738e-02 2.783490531146526337e-02 1.179117430001497269e-02 1.355110318399965763e-03 6.534043699502944946e-03 1.463171467185020447e-02 2.845089510083198547e-02 1.932141557335853577e-02 3.705047816038131714e-02 5.200351402163505554e-02 1.261800806969404221e-02 1.785509288311004639e-02 2.334564179182052612e-02 1.044006831943988800e-02 1.731474138796329498e-02 2.728386409580707550e-02 8.119201287627220154e-03 6.043181754648685455e-03 1.726404763758182526e-03 4.461040254682302475e-03 6.316163577139377594e-03 1.352250855416059494e-02 6.813987623900175095e-03 7.181338965892791748e-03 1.225995551794767380e-02 2.336457371711730957e-03 2.414835989475250244e-02 1.867486722767353058e-02 1.158934924751520157e-02 9.933316148817539215e-03 3.318207338452339172e-02 3.811892867088317871e-02 9.126789867877960205e-03 3.368641948327422142e-03 4.543698206543922424e-02 2.742936275899410248e-02 3.926708921790122986e-02 5.426878482103347778e-02 9.993807179853320122e-04 9.442060254514217377e-03 2.002658322453498840e-02 7.689177524298429489e-03 3.915243782103061676e-03 1.078312844038009644e-02 8.762987330555915833e-03 5.371627397835254669e-03 3.628141805529594421e-02 3.666303306818008423e-02 1.537205884233117104e-03 1.094349939376115799e-02 1.183773204684257507e-02 9.092951193451881409e-03 9.387938305735588074e-03 9.154404513537883759e-03 4.044896457344293594e-03 8.918237872421741486e-03 3.228072822093963623e-02 1.989481598138809204e-02 1.487591862678527832e-02 1.163634937256574631e-02
2.324223145842552185e-02 3.167925775051116943e-02 4.265033639967441559e-03 1.308321300894021988e-02 4.229748155921697617e-03 6.018045172095298767e-02 8.185769319534301758e-01 6.174231879413127899e-03 2.923157997429370880e-03 8.948320522904396057e-03 5.489532276988029480e-02 2.016122266650199890e-02 3.822137042880058289e-02 1.636576838791370392e-02 1.988080702722072601e-02 2.912385761737823486e-02 1.795688644051551819e-02 1.468006800860166550e-02 6.728920619934797287e-03 2.127699740231037140e-02 1.749190874397754669e-02 4.966713488101959229e-03 2.854611026123166084e-03 3.201335668563842773e-03 3.137817233800888062e-02 3.105526603758335114e-02 1.875527203083038330e-02 2.083945833146572113e-02 5.540210753679275513e-02 1.295890193432569504e-03 3.027488291263580322e-02 2.212849212810397148e-03 6.436313968151807785e-03 3.435000078752636909e-03 3.199638566002249718e-03 5.525835440494120121e-04 1.146758440881967545e-02 6.173535250127315521e-03 1.046625431627035141e-02 6.021604407578706741e-03 1.900137402117252350e-02 1.822526566684246063e-02 2.532493881881237030e-02 1.725987344980239868e-02 2.165278978645801544e-02 1.595711335539817810e-02 5.588380247354507446e-02 6.032398715615272522e-02 1.558354310691356659e-02 2.444993145763874054e-02 1.774859242141246796e-02 2.453820407390594482e-02 1.408680528402328491e-02 1.427445374429225922e-02 8.161811158061027527e-03 7.968171499669551849e-03 3.448713198304176331e-02 2.510276064276695251e-02 1.918649487197399139e-02 2.901227213442325592e-03 1.375808287411928177e-02 1.605878770351409912e-02 2.077974937856197357e-02 1.535328663885593414e-02 4.710693284869194031e-02 4.404863715171813965e-02 1.651567220687866211e-02 1.594349555671215057e-02 2.887202799320220947e-02 7.844950072467327118e-03 1.984040439128875732e-02 3.521151095628738403e-02 5.714338476536795497e-05 1.625557924853637815e-04 1.072261802619323134e-04 1.367046497762203217e-02 6.428846158087253571e-03 9.062684141099452972e-03 7.496905513107776642e-03 6.524859927594661713e-03 9.543133899569511414e-03 1.726539223454892635e-03 1.809609308838844299e-02 1.613228581845760345e-02 1.682535372674465179e-02 7.892007008194923401e-03 3.816793486475944519e-02 2.964320406317710876e-02 6.015079561620950699e-04 1.114429719746112823e-02 4.291227459907531738e-02 3.237872943282127380e-02 5.700666829943656921e-02 4.679276421666145325e-02 5.344289820641279221e-03 1.689586322754621506e-03 1.499354653060436249e-02 1.294748578220605850e-02 1.955657498911023140e-03 7.969168014824390411e-03 1.130637805908918381e-02 2.868077717721462250e-03 2.475482784211635590e-02 4.086862877011299133e-02 4.348856396973133087e-03 1.347481273114681244e-02 8.257529698312282562e-03 4.076462355442345142e-04 1.095398701727390289e-02 1.716774702072143555e-02 3.486934117972850800e-03 1.157436426728963852e-02 3.126394376158714294e-02 1.946335844695568085e-02 4.444084130227565765e-03 4.338469356298446655e-03
1.621646434068679810e-02 5.774769815616309643e-04 3.920515999197959900e-02 3.427627682685852051e-02 2.454710565507411957e-02 1.447144313715398312e-03 6.174231879413127899e-03 8.185769319534301758e-01 3.341043600812554359e-03 1.091745402663946152e-02 6.436166819185018539e-03 1.874161884188652039e-02 5.484157241880893707e-03 1.700003631412982941e-02 4.139813035726547241e-02 3.880904754623770714e-03 6.531133782118558884e-03 2.804027870297431946e-02 4.317359626293182373e-02 1.660804264247417450e-02 3.796055912971496582e-02 2.115465886890888214e-02 2.569879963994026184e-02 1.749854534864425659e-02 2.382079325616359711e-02 2.593029756098985672e-03 1.040828600525856018e-02 1.478969864547252655e-02 8.428931236267089844e-03 9.342463687062263489e-03 2.915479708462953568e-03 1.771859638392925262e-02 7.558119017630815506e-03 4.600303713232278824e-03 1.225910964421927929e-03 5.219235643744468689e-02 4.852819442749023438e-02 1.615260611288249493e-03 1.777246221899986267e-02 1.447395142167806625e-02 7.195088546723127365e-03 1.263890042901039124e-02 7.377089932560920715e-03 1.687438599765300751e-02 1.528630964457988739e-02 1.561942626722157001e-03 7.777762599289417267e-03 1.420774217694997787e-02 2.181318774819374084e-02 7.350610103458166122e-03 2.855531871318817139e-02 3.938269242644309998e-02 3.629777580499649048e-02 1.833564043045043945e-02 1.484404504299163818e-02 1.044714939780533314e-03 1.096476241946220398e-02 1.920387521386146545e-02 3.594307601451873779e-02 6.048030219972133636e-03 2.957393601536750793e-02 3.686885535717010498e-02 7.291995920240879059e-03 4.115760792046785355e-03 4.637176170945167542e-03 6.503027863800525665e-03 2.272090129554271698e-02 2.511786669492721558e-02 8.987041190266609192e-03 2.413997612893581390e-02 5.602092482149600983e-03 5.713316611945629120e-03 7.885507307946681976e-03 1.539952307939529419e-02 1.681675761938095093e-02 1.139664184302091599e-02 3.402900983928702772e-05 1.195594295859336853e-02 8.691652328707277775e-04 2.624011412262916565e-02 4.224003478884696960e-02 4.336684569716453552e-02 2.035799995064735413e-02 2.688670903444290161e-02 2.416343800723552704e-02 2.473303349688649178e-03 3.753489255905151367e-02 1.479172986000776291e-02 2.185290679335594177e-02 2.523803338408470154e-02 8.447455242276191711e-03 9.968980215489864349e-03 5.654413718730211258e-03 4.626083828043192625e-04 4.217475280165672302e-02 6.451623048633337021e-03 2.691587992012500763e-02 2.078886609524488449e-03 4.319838061928749084e-02 2.943446114659309387e-02 6.592113059014081955e-03 9.669299237430095673e-03 1.205518958158791065e-03 1.418692991137504578e-03 2.297234162688255310e-02 7.339565083384513855e-03 1.479186303913593292e-02 3.490997105836868286e-02 1.953750848770141602e-02 3.059846349060535431e-03 1.612513139843940735e-02 5.643444601446390152e-03 4.021889530122280121e-03 1.386565063148736954e-02 1.003253273665904999e-02 9.409087942913174629e-04
1.143690478056669235e-02 2.025385620072484016e-03 1.526605628896504641e-04 5.846083164215087891e-03 9.672046639025211334e-03 3.880385775119066238e-03 2.923157997429370880e-03 3.341043600812554359e-03 8.185769319534301758e-01 3.487193956971168518e-02 4.814387299120426178e-03 2.817807532846927643e-02 3.211402334272861481e-03 1.357112731784582138e-02 1.850311458110809326e-02 1.001958642154932022e-02 8.868410252034664154e-03 4.742032289505004883e-02 8.300394983962178230e-04 9.215847589075565338e-03 2.366484515368938446e-02 3.048208076506853104e-03 4.284881521016359329e-03 3.943526186048984528e-03 6.527825724333524704e-03 2.321643382310867310e-02 1.521826162934303284e-02 1.380568742752075195e-02 3.459995845332741737e-03 1.355214975774288177e-02 6.135552655905485153e-03 4.579635336995124817e-03 3.650454431772232056e-02 1.991838030517101288e-02 2.885730378329753876e-02 7.298774085938930511e-03 1.804683823138475418e-03 1.257244590669870377e-02 3.263401612639427185e-02 3.430065000429749489e-03 1.331319380551576614e-02 9.116950444877147675e-03 1.112428214401006699e-02 2.357014222070574760e-03 4.721210803836584091e-03 1.456599216908216476e-02 9.501069784164428711e-03 1.291977986693382263e-02 1.914338022470474243e-02 1.954076252877712250e-02 2.697993628680706024e-02 2.048079110682010651e-02 6.064073648303747177e-03 9.007840417325496674e-03 4.805083200335502625e-02 3.266388177871704102e-02 4.894771613180637360e-03 9.280455415137112141e-04 2.111648907884955406e-03 1.545435655862092972e-02 5.101853515952825546e-03 1.638511568307876587e-02 3.746857866644859314e-02 2.714569866657257080e-02 1.109845470637083054e-02 6.533880368806421757e-04 2.244958281517028809e-02 1.609358377754688263e-02 1.045455131679773331e-02 1.721597649157047272e-02 9.573019109666347504e-03 3.463387116789817810e-02 5.538958590477705002e-03 1.933576725423336029e-02 1.163087226450443268e-02 3.363721445202827454e-02 6.749235093593597412e-02 3.445996344089508057e-02 4.957377910614013672e-02 2.710932679474353790e-02 7.137119770050048828e-03 2.612917497754096985e-02 2.565929293632507324e-02 1.642279326915740967e-02 1.756572909653186798e-02 1.346540730446577072e-02 6.510931067168712616e-03 1.073448546230792999e-02 4.748947918415069580e-02 2.813539654016494751e-02 1.380727160722017288e-02 8.084920234978199005e-03 6.222760770469903946e-03 1.675484701991081238e-02 2.959407307207584381e-02 9.788130410015583038e-03 2.158750547096133232e-03 4.801331087946891785e-02 1.512259710580110550e-02 1.382814440876245499e-02 6.876656319946050644e-03 3.248942550271749496e-03 8.412538445554673672e-04 9.733334183692932129e-03 1.168902381323277950e-03 1.909093465656042099e-03 4.816678701899945736e-04 2.905605360865592957e-02 6.101098377257585526e-03 2.673625573515892029e-02 2.165935933589935303e-02 2.372604794800281525e-02 2.308974415063858032e-02 3.569371253252029419e-02 2.878603152930736542e-02 9.708294644951820374e-03
1.802823133766651154e-02 1.614304259419441223e-02 1.047192234545946121e-02 9.872967377305030823e-03 1.871937140822410583e-02 8.605102077126502991e-03 8.948320522904396057e-03 1.091745402663946152e-02 3.487193956971168518e-02 8.185769319534301758e-01 1.548679429106414318e-03 2.783348597586154938e-02 1.913370564579963684e-03 3.898916393518447876e-02 1.159379724413156509e-02 7.637000526301562786e-04 2.732545137405395508e-03 1.102674286812543869e-02 2.289369888603687286e-02 2.227007038891315460e-02 1.697754114866256714e-02 8.033175952732563019e-03 7.945405668579041958e-04 2.085937559604644775e-02 7.773898541927337646e-03 2.482636459171772003e-02 1.306506246328353882e-02 2.138878405094146729e-02 1.794970966875553131e-02 1.064901426434516907e-02 7.771691161906346679e-05 5.340200848877429962e-03 3.020000085234642029e-02 1.139972009696066380e-03 3.512698039412498474e-02 5.508432630449533463e-03 9.818752296268939972e-03 3.061030060052871704e-03 1.841843826696276665e-03 6.980730220675468445e-03 1.152473129332065582e-02 2.306643873453140259e-02 1.862691342830657959e-02 1.442992128431797028e-02 1.414882671087980270e-02 1.030248031020164490e-02 1.071422081440687180e-02 6.054749246686697006e-03 1.889931410551071167e-02 5.352691188454627991e-02 2.371653914451599121e-02 1.249472238123416901e-02 1.729468069970607758e-02 3.591268882155418396e-02 1.746146753430366516e-02 4.914150759577751160e-02 7.544043008238077164e-03 1.617448590695858002e-02 2.488353475928306580e-02 3.211445733904838562e-02 2.046959288418292999e-02 1.326355151832103729e-02 2.699342742562294006e-02 4.006238281726837158e-02 1.223028288222849369e-03 3.634357824921607971e-03 1.716979220509529114e-02 6.960853468626737595e-03 2.263630926609039307e-02 2.408495172858238220e-02 1.932304236106574535e-03 3.648822661489248276e-03 1.894067041575908661e-02 1.889317296445369720e-02 2.764424867928028107e-02 3.887822618708014488e-03 1.374222338199615479e-02 5.149252712726593018e-02 3.173319622874259949e-02 5.572870746254920959e-02 2.361595444381237030e-02 7.900050841271877289e-03 4.512912419158965349e-04 1.550432294607162476e-02 1.497805770486593246e-02 5.242122709751129150e-02 9.864151477813720703e-03 6.879042484797537327e-05 1.105327252298593521e-02 5.872315913438796997e-02 1.272211503237485886e-02 1.455689594149589539e-02 1.614046655595302582e-02 1.230337843298912048e-02 1.446096459403634071e-03 1.929493620991706848e-02 4.709932021796703339e-03 3.076000511646270752e-02 1.053434889763593674e-02 2.389681711792945862e-02 8.882562629878520966e-03 2.437910763546824455e-03 4.498716443777084351e-03 7.191044278442859650e-03 1.847079768776893616e-02 1.822444610297679901e-02 7.540519349277019501e-03 1.261820085346698761e-02 9.154739789664745331e-03 9.951469488441944122e-03 2.127799764275550842e-02 1.882523857057094574e-02 8.452266454696655273e-03 1.849201321601867676e-02 5.949488840997219086e-03 2.169116213917732239e-02
3.483018279075622559e-02 3.990008309483528137e-02 1.856068894267082214e-02 1.175078749656677246e-02 7.769626099616289139e-03 5.245508626103401184e-02 5.489532276988029480e-02 6.436166819185018539e-03 4.814387299120426178e-03 1.548679429106414318e-03 8.185769319534301758e-01 7.063881959766149521e-03 5.489359796047210693e-02 3.559836419299244881e-03 2.727561257779598236e-02 2.231877669692039490e-02 9.681642986834049225e-03 1.314067561179399490e-02 3.048283280804753304e-03 2.408713847398757935e-02 1.214084215462207794e-02 2.338140644133090973e-02 8.443510159850120544e-03 5.546327214688062668e-03 3.262678533792495728e-02 3.160819783806800842e-02 1.575375162065029144e-02 4.435830749571323395e-03 5.017519369721412659e-02 1.052419375628232956e-02 3.729195520281791687e-02 6.494770292192697525e-03 8.707619272172451019e-03 6.764072459191083908e-03 4.009683616459369659e-03 7.653102744370698929e-03 1.710428507067263126e-03 2.508830977603793144e-03 3.241777885705232620e-03 1.274469215422868729e-02 1.107665523886680603e-02 3.340484574437141418e-02 3.905058652162551880e-02 2.285764180123806000e-02 1.946296356618404388e-02 1.926839910447597504e-02 5.150217562913894653e-02 4.792059212923049927e-02 2.012563869357109070e-02 1.751083694398403168e-02 3.370953723788261414e-02 3.478552401065826416e-02 5.442339461296796799e-03 1.702365279197692871e-02 1.677513500908389688e-04 1.313606463372707367e-02 4.220559075474739075e-02 3.065154701471328735e-02 2.110222820192575455e-03 1.706811599433422089e-02 2.737495233304798603e-04 9.666476398706436157e-03 7.226901128888130188e-03 4.370919428765773773e-03 5.088906735181808472e-02 5.326055362820625305e-02 2.209722064435482025e-02 1.939296722412109375e-02 2.711035194806754589e-04 1.468102075159549713e-02 2.552805701270699501e-03 3.248164057731628418e-02 1.205958891659975052e-02 5.940686911344528198e-03 1.714328769594430923e-03 1.500820089131593704e-02 9.448372758924961090e-03 8.619943633675575256e-03 1.066660135984420776e-02 5.841001402586698532e-03 9.237938560545444489e-03 1.252802554517984390e-03 1.476667355746030807e-02 5.382456816732883453e-03 1.291072834283113480e-02 1.786276325583457947e-02 3.660336509346961975e-02 4.376234486699104309e-02 7.129898294806480408e-03 1.819166913628578186e-02 5.194641277194023132e-02 2.717381156980991364e-02 4.462415724992752075e-02 4.668214544653892517e-02 3.619913477450609207e-03 2.777242800220847130e-03 6.502296891994774342e-04 8.894203230738639832e-03 1.594348624348640442e-02 1.876959577202796936e-02 2.303979732096195221e-02 1.801956258714199066e-02 1.783622615039348602e-02 3.478965908288955688e-02 1.468582451343536377e-02 8.450113236904144287e-03 1.230081357061862946e-02 5.884919315576553345e-03 3.210437251254916191e-03 1.278116740286350250e-02 3.505815519019961357e-03 1.812340691685676575e-03 4.284515976905822754e-02 2.949989959597587585e-02 1.143185794353485107e-02 2.158993389457464218e-03
9.304737672209739685e-03 4.563387949019670486e-03 9.264755644835531712e-04 2.783528156578540802e-02 2.667295746505260468e-02 2.128854021430015564e-02 2.016122266650199890e-02 1.874161884188652039e-02 2.817807532846927643e-02 2.783348597586154938e-02 7.063881959766149521e-03 8.185769319534301758e-01 5.487455520778894424e-03 7.259909063577651978e-02 1.114433258771896362e-02 5.629154387861490250e-03 1.790266856551170349e-02 2.102972380816936493e-02 4.068169370293617249e-02 6.984966457821428776e-04 1.489777304232120514e-02 7.156796753406524658e-03 4.099167883396148682e-02 3.832075744867324829e-02 6.186658516526222229e-03 1.719777658581733704e-02 1.020155753940343857e-02 6.178030371665954590e-02 1.696265098871663213e-04 3.660469502210617065e-02 2.626695437356829643e-03 5.585588514804840088e-03 1.178708393126726151e-02 1.164958695881068707e-03 3.707228973507881165e-02 2.486206032335758209e-02 3.289914503693580627e-02 7.521223276853561401e-03 1.404648087918758392e-02 2.162509039044380188e-02 4.683280363678932190e-03 1.115663163363933563e-02 1.787796430289745331e-02 7.958484813570976257e-03 4.042544960975646973e-02 6.043280940502882004e-03 2.115886099636554718e-02 3.106400370597839355e-03 4.129665344953536987e-02 9.302703663706779480e-03 9.737872518599033356e-03 1.151023246347904205e-02 1.690436736680567265e-03 2.541797049343585968e-02 2.035798679571598768e-04 9.399449452757835388e-03 2.123046433553099632e-03 2.216114290058612823e-02 8.118345402181148529e-03 9.930970147252082825e-03 4.340267553925514221e-02 5.866096913814544678e-02 2.851092815399169922e-02 3.411902487277984619e-02 1.102933567017316818e-02 1.390814408659934998e-02 8.017267100512981415e-03 1.230942923575639725e-02 3.718008846044540405e-02 9.542845189571380615e-03 4.226283356547355652e-02 4.436237271875143051e-03 1.833275333046913147e-02 6.016317289322614670e-03 2.211033739149570465e-02 2.479066839441657066e-03 5.629020160995423794e-04 1.007194910198450089e-02 3.906854242086410522e-02 7.391074672341346741e-03 1.805209438316524029e-03 7.436415180563926697e-04 1.770482026040554047e-02 2.374995034188032150e-03 3.007299453020095825e-02 2.371263876557350159e-02 1.801065728068351746e-02 6.880561821162700653e-03 1.569441956235095859e-04 2.317085303366184235e-02 9.588916786015033722e-03 1.156998611986637115e-02 2.449817769229412079e-02 2.339605987071990967e-02 1.456332299858331680e-02 1.905886642634868622e-02 8.557878434658050537e-03 3.018048591911792755e-02 2.148091793060302734e-02 1.674501784145832062e-02 7.438383065164089203e-03 2.417973708361387253e-03 8.301061461679637432e-04 2.019786462187767029e-02 6.069490220397710800e-03 2.867093123495578766e-02 1.239054556936025620e-02 2.038073353469371796e-02 1.886714622378349304e-02 1.629498787224292755e-03 1.093161525204777718e-03 2.349457517266273499e-02 1.590053364634513855e-02 2.160071022808551788e-02 4.564644477795809507e-04 1.595219969749450684e-02
3.415318578481674194e-02 4.709468409419059753e-02 1.422020513564348221e-02 1.231633964926004410e-02 7.435028441250324249e-03 4.804620519280433655e-02 3.822137042880058289e-02 5.484157241880893707e-03 3.211402334272861481e-03 1.913370564579963684e-03 5.489359796047210693e-02 5.487455520778894424e-03 8.185769319534301758e-01 1.312471460551023483e-03 2.513934113085269928e-02 2.327744103968143463e-02 1.488149166107177734e-02 1.196162682026624680e-02 1.521086203865706921e-03 2.694661915302276611e-02 2.148670889437198639e-02 3.066390007734298706e-02 1.469212118536233902e-03 6.282745394855737686e-03 2.815418504178524017e-02 3.084305673837661743e-02 1.652972889132797718e-03 4.940339829772710800e-03 3.228086978197097778e-02 1.495615765452384949e-02 5.351498350501060486e-02 3.549766843207180500e-04 4.109106026589870453e-03 6.740714423358440399e-03 4.036988131701946259e-03 2.469147555530071259e-03 3.919804003089666367e-03 1.422968786209821701e-02 1.019808184355497360e-02 1.717409677803516388e-02 1.340014208108186722e-02 2.667685784399509430e-02 3.523450717329978943e-02 2.644417248666286469e-02 2.095771767199039459e-02 1.962952129542827606e-02 5.064099654555320740e-02 3.044439852237701416e-02 2.031669393181800842e-02 1.287112943828105927e-02 3.483236581087112427e-02 3.350253403186798096e-02 1.237376593053340912e-02 2.911767736077308655e-02 2.532761543989181519e-03 1.844171620905399323e-02 3.160479292273521423e-02 2.895263768732547760e-02 4.638850688934326172e-03 1.692502573132514954e-02 1.002346049062907696e-03 7.476110011339187622e-03 1.777252368628978729e-02 6.555754691362380981e-03 3.295196592807769775e-02 5.460169911384582520e-02 1.968927308917045593e-02 2.643250860273838043e-02 2.056088764220476151e-03 1.208490598946809769e-02 1.020095590502023697e-02 1.433156896382570267e-02 1.073009241372346878e-02 1.781494729220867157e-02 3.960018046200275421e-03 1.400044537149369717e-03 6.951604969799518585e-03 1.097179832868278027e-03 5.572224035859107971e-03 1.217410620301961899e-02 3.338739275932312012e-03 9.685052558779716492e-03 5.997220054268836975e-03 1.068102288991212845e-02 1.269897725433111191e-02 1.733019575476646423e-02 2.528836391866207123e-02 4.371650889515876770e-02 1.632051309570670128e-03 2.685645408928394318e-02 4.922397434711456299e-02 2.484974078834056854e-02 3.088928759098052979e-02 3.841361775994300842e-02 2.357328124344348907e-02 1.630009897053241730e-02 1.096067484468221664e-02 6.035007536411285400e-03 1.456292625516653061e-02 2.766143530607223511e-02 2.698724344372749329e-02 2.086728252470493317e-02 2.695165015757083893e-02 2.284006774425506592e-02 1.854029670357704163e-02 2.022224850952625275e-02 6.580474320799112320e-03 2.844045870006084442e-03 9.010917507112026215e-03 6.292696110904216766e-03 8.376033045351505280e-03 5.789141170680522919e-03 3.985792770981788635e-02 2.438972517848014832e-02 9.700263850390911102e-03 6.577648222446441650e-03
