8.401989340782165527e-01 5.005427077412605286e-02 1.325949467718601227e-02 6.086028181016445160e-03 8.669282309710979462e-03 3.612186759710311890e-02 3.746035322546958923e-02 1.303709018975496292e-02 2.765659242868423462e-02 2.611663192510604858e-02 4.061617329716682434e-02 5.033205263316631317e-03 3.796008974313735962e-02 6.060524377971887589e-03 1.803368679247796535e-03 6.635753437876701355e-03 2.243644790723919868e-03 5.884571466594934464e-03 4.959107842296361923e-03 1.616674847900867462e-02 1.965460553765296936e-02 1.390784420073032379e-02 2.456266619265079498e-02 2.756504341959953308e-02 2.843476645648479462e-02 1.772502250969409943e-02 1.282898802310228348e-02 6.502209231257438660e-03 2.933694608509540558e-02 6.247847806662321091e-03 2.604197710752487183e-02 2.378837391734123230e-02 2.650625631213188171e-02 2.214903943240642548e-02 2.484227903187274933e-02 2.126531675457954407e-02 2.499494701623916626e-02 2.164668776094913483e-02 1.513164211064577103e-02 1.314220856875181198e-02 6.418005563318729401e-03 2.236345969140529633e-02 1.022902550175786018e-03 1.496012229472398758e-02 7.698372006416320801e-03 9.861994534730911255e-03 3.736241534352302551e-02 3.035939857363700867e-02 2.565716765820980072e-02 3.394214063882827759e-02 2.626935392618179321e-02 2.613694407045841217e-02 8.111640810966491699e-03 2.012841962277889252e-02 2.315934002399444580e-02 1.506292074918746948e-02 1.808855682611465454e-02 6.586683448404073715e-03 1.377759501338005066e-03 1.248162891715764999e-02 2.061386592686176300e-02 4.131977446377277374e-03 9.778061881661415100e-03 7.657227106392383575e-04 2.847612649202346802e-02 1.744208484888076782e-02 2.810082212090492249e-02 1.582226529717445374e-02 9.032178670167922974e-03 5.707601550966501236e-03 3.132326994091272354e-03 1.994800940155982971e-02 4.445706508704461157e-05 8.345457725226879120e-03 3.198218066245317459e-03 1.878645084798336029e-02 2.564479410648345947e-02 2.304827608168125153e-02 2.087777294218540192e-02 1.751797832548618317e-02 3.276288509368896484e-02 1.221479615196585655e-04 1.806720718741416931e-02 1.553672272711992264e-02 2.215532772243022919e-02 1.933957822620868683e-02 1.525753177702426910e-02 6.285179872065782547e-03 8.523889817297458649e-03 3.783214604482054710e-03 3.466521576046943665e-02 1.690666005015373230e-02 2.072271145880222321e-02 1.354191172868013382e-02 1.429526507854461670e-02 2.622296474874019623e-02 4.457819741219282150e-03 2.092209830880165100e-02 3.168153017759323120e-02 3.505933657288551331e-02 2.960356324911117554e-02 2.232388593256473541e-02 1.365188159979879856e-03 2.045499533414840698e-02 2.045152336359024048e-02 2.089425921440124512e-02 2.593530900776386261e-02 7.613681256771087646e-03 2.687458693981170654e-02 6.715098861604928970e-03 1.229119393974542618e-02 4.089041613042354584e-03 8.270126767456531525e-03 1.224727649241685867e-02 1.612531393766403198e-02 1.585846394300460815e-02
5.005427077412605286e-02 8.401989340782165527e-01 1.675323396921157837e-02 1.779829151928424835e-02 1.945450343191623688e-02 3.626133874058723450e-02 3.707321360707283020e-02 2.173190750181674957e-02 2.217997610569000244e-02 1.998225226998329163e-02 4.313252493739128113e-02 2.782452793326228857e-04 4.494754970073699951e-02 2.574602607637643814e-03 9.929671650752425194e-04 5.794316530227661133e-03 4.361936589702963829e-04 8.070869371294975281e-03 1.168442703783512115e-02 1.934379711747169495e-02 2.122385427355766296e-02 6.458310876041650772e-03 1.948519237339496613e-02 2.229524031281471252e-02 1.980218291282653809e-02 1.243436895310878754e-02 8.605657145380973816e-03 1.035313028842210770e-02 3.204231709241867065e-02 7.068228442221879959e-03 3.202140703797340393e-02 1.843588985502719879e-02 3.296417742967605591e-02 1.309172715991735458e-02 2.088656835258007050e-02 1.458665356040000916e-02 2.294901199638843536e-02 2.894851565361022949e-02 2.038108929991722107e-02 1.580256596207618713e-02 1.194771751761436462e-02 1.183330081403255463e-02 1.304961461573839188e-02 1.796766929328441620e-02 2.605846384540200233e-03 1.621075719594955444e-02 4.328081756830215454e-02 3.161457180976867676e-02 1.965625397861003876e-02 2.805229276418685913e-02 1.240376662462949753e-02 1.837243698537349701e-02 1.209026016294956207e-02 1.970819383859634399e-02 2.529542148113250732e-02 1.264318451285362244e-02 2.275844663381576538e-02 5.598044954240322113e-03 3.054310102015733719e-03 1.093045715242624283e-02 1.713685691356658936e-02 1.776708103716373444e-02 2.206696011126041412e-02 9.244954213500022888e-03 3.569195047020912170e-02 3.681549057364463806e-02 2.269164472818374634e-02 1.134277228266000748e-02 1.459012925624847412e-02 2.554008271545171738e-03 4.379921127110719681e-03 2.530953101813793182e-02 8.749221451580524445e-03 3.803999163210391998e-03 1.031420379877090454e-02 2.242290414869785309e-02 1.746057532727718353e-02 1.026924885809421539e-02 1.639664545655250549e-02 2.206297405064105988e-02 3.053921833634376526e-02 1.655797241255640984e-03 1.793597266077995300e-02 2.294950373470783234e-02 1.865202188491821289e-02 2.081569470465183258e-02 1.634100079536437988e-02 2.541276253759860992e-02 1.445786654949188232e-02 1.122327800840139389e-02 4.101466014981269836e-02 2.080124244093894958e-02 3.098871558904647827e-02 6.928725633770227432e-04 1.043673139065504074e-02 1.686110906302928925e-02 8.096595294773578644e-03 1.567291654646396637e-02 2.695572376251220703e-02 2.913623675704002380e-02 1.877067983150482178e-02 1.675972342491149902e-02 5.651398096233606339e-03 1.910651661455631256e-02 1.976017653942108154e-02 1.550880167633295059e-02 2.590559981763362885e-02 5.388358607888221741e-03 2.342103794217109680e-02 1.986445114016532898e-02 1.286633219569921494e-02 8.078012615442276001e-03 7.633245084434747696e-03 4.564265720546245575e-03 3.199945203959941864e-03 1.050474867224693298e-02
1.325949467718601227e-02 1.675323396921157837e-02 8.401989340782165527e-01 1.576924696564674377e-03 2.069392707198858261e-03 3.281724406406283379e-03 2.694333204999566078e-03 4.008899256587028503e-02 1.516219135373830795e-02 1.283168513327836990e-02 1.527591515332460403e-02 1.184766553342342377e-02 4.427107051014900208e-03 1.181531697511672974e-02 4.904679022729396820e-03 1.730466261506080627e-02 1.105043198913335800e-02 2.809490822255611420e-02 1.109780278056859970e-02 3.481692448258399963e-02 3.201264888048171997e-02 1.479964517056941986e-02 9.853121824562549591e-03 2.413974871160462499e-04 6.168399937450885773e-03 2.054681815207004547e-02 8.991600945591926575e-03 2.286971546709537506e-02 3.463257104158401489e-03 1.156613044440746307e-02 4.649666137993335724e-03 2.198636904358863831e-02 3.499375656247138977e-02 1.683398894965648651e-02 5.515424534678459167e-03 5.427731201052665710e-03 4.629191011190414429e-03 2.677646838128566742e-02 2.296147868037223816e-02 7.305369363166391850e-04 1.656259037554264069e-02 8.434482850134372711e-03 1.077941898256540298e-02 6.205204408615827560e-03 2.618238329887390137e-02 1.539029367268085480e-02 1.651002839207649231e-02 1.562097296118736267e-02 2.250720933079719543e-02 1.410057954490184784e-02 2.302070707082748413e-02 1.872565411031246185e-02 9.456277475692331791e-04 9.419275447726249695e-03 2.104821987450122833e-02 2.181903831660747528e-02 2.293525822460651398e-02 3.054761700332164764e-02 4.730884451419115067e-03 5.589774809777736664e-03 1.899001561105251312e-02 1.207202579826116562e-02 9.052628651261329651e-03 9.926415979862213135e-03 1.550811529159545898e-02 1.241744868457317352e-02 1.314236689358949661e-02 1.181912887841463089e-02 4.903898225165903568e-04 3.826290601864457130e-03 2.567537128925323486e-02 3.234930336475372314e-02 7.856111042201519012e-04 1.246747374534606934e-02 1.424946729093790054e-02 3.164136037230491638e-02 7.901018485426902771e-03 2.834547078236937523e-03 2.187953330576419830e-02 2.050430327653884888e-02 4.114077985286712646e-02 1.974987052381038666e-02 2.203847281634807587e-02 2.610041201114654541e-02 1.156427897512912750e-03 6.238747388124465942e-03 9.778130799531936646e-03 2.890776144340634346e-03 1.771836355328559875e-02 1.118050422519445419e-02 8.310666307806968689e-03 6.328786723315715790e-03 2.270936593413352966e-02 1.545667648315429688e-02 1.001304946839809418e-02 1.309320144355297089e-02 2.138173952698707581e-02 2.584383636713027954e-02 1.566772535443305969e-02 8.952397853136062622e-03 7.583258207887411118e-03 1.857177913188934326e-02 6.068085785955190659e-03 1.998724788427352905e-02 3.578282147645950317e-02 7.505690678954124451e-03 4.885518457740545273e-03 2.447429485619068146e-02 4.710618872195482254e-03 1.185648608952760696e-02 2.633872628211975098e-02 1.411763392388820648e-02 4.001781635452061892e-04 1.249691285192966461e-02 3.040589159354567528e-03 2.351059345528483391e-03
6.086028181016445160e-03 1.779829151928424835e-02 1.576924696564674377e-03 8.401989340782165527e-01 5.611940100789070129e-02 1.300265360623598099e-02 7.276595104485750198e-03 1.367900054901838303e-02 9.040978737175464630e-03 6.419158075004816055e-03 1.473740208894014359e-02 7.696655811741948128e-04 1.221021637320518494e-02 1.489239046350121498e-03 2.799943462014198303e-02 1.287412364035844803e-02 1.743080653250217438e-02 2.801609784364700317e-02 4.012526571750640869e-02 7.007591426372528076e-03 1.123615168035030365e-02 2.032988332211971283e-02 3.279602620750665665e-03 7.464413531124591827e-03 1.696841418743133545e-02 6.583044305443763733e-04 1.707770675420761108e-02 1.522628404200077057e-02 7.986398995853960514e-04 1.699628122150897980e-02 4.690262489020824432e-03 2.127830870449542999e-02 3.000549972057342529e-02 2.807864733040332794e-02 1.610873825848102570e-02 2.235163265140727162e-04 7.569931913167238235e-03 1.929800212383270264e-02 4.170009121298789978e-02 3.803785890340805054e-02 9.685885161161422729e-03 1.765859429724514484e-03 1.628612913191318512e-02 7.959055714309215546e-03 3.393834413145668805e-05 1.509872078895568848e-02 1.246973592787981033e-02 7.015229668468236923e-03 7.001471705734729767e-03 6.200581789016723633e-03 1.933158747851848602e-02 3.492027986794710159e-03 1.907477341592311859e-02 2.802365459501743317e-02 2.196110226213932037e-02 1.365025062114000320e-02 2.087131142616271973e-02 1.574056968092918396e-02 1.989849656820297241e-02 2.954650484025478363e-02 2.516919933259487152e-02 4.616294428706169128e-02 4.791833460330963135e-02 3.676149249076843262e-02 7.509180344641208649e-03 1.657316461205482483e-02 1.341601926833391190e-02 2.530716918408870697e-02 4.007536917924880981e-02 5.058141687186434865e-05 5.049343407154083252e-02 1.262242440134286880e-02 6.073144078254699707e-02 9.185985662043094635e-03 5.819172039628028870e-02 1.943663693964481354e-02 2.783346280921250582e-04 6.140093319118022919e-04 4.160515032708644867e-03 1.300447434186935425e-02 7.474233862012624741e-03 1.014873478561639786e-02 3.194580599665641785e-02 3.252650797367095947e-02 2.183400467038154602e-02 1.566325873136520386e-02 1.724332943558692932e-02 1.019850559532642365e-02 3.059810586273670197e-02 3.050890564918518066e-02 5.495332297869026661e-04 1.600397378206253052e-02 6.222062744200229645e-03 2.170453593134880066e-02 1.096741389483213425e-02 1.780020259320735931e-02 7.045799866318702698e-03 7.727979682385921478e-03 1.674073166213929653e-03 4.708992317318916321e-03 8.146696723997592926e-03 1.590081676840782166e-02 7.428889162838459015e-03 1.174590177834033966e-02 1.674162782728672028e-02 2.141890674829483032e-02 1.916406117379665375e-02 2.043285034596920013e-02 1.197971520014107227e-03 9.247755631804466248e-03 1.075739506632089615e-02 8.836052380502223969e-03 7.149954792112112045e-03 2.347248606383800507e-03 6.960280239582061768e-03 1.710671186447143555e-02
8.669282309710979462e-03 1.945450343191623688e-02 2.069392707198858261e-03 5.611940100789070129e-02 8.401989340782165527e-01 1.809360645711421967e-02 1.369337365031242371e-02 2.717848867177963257e-02 4.203054122626781464e-03 1.841270551085472107e-02 1.775289885699748993e-02 1.046368014067411423e-02 2.194031514227390289e-02 1.976350322365760803e-03 1.655373163521289825e-02 4.197516012936830521e-03 1.372406072914600372e-02 1.427469495683908463e-02 5.772818252444267273e-02 1.157343853265047073e-02 1.020684093236923218e-02 1.932300440967082977e-02 3.274238202720880508e-03 3.669580910354852676e-03 1.531951688230037689e-02 1.029814407229423523e-02 1.638857088983058929e-02 4.260153044015169144e-03 4.406747408211231232e-03 1.641241251491010189e-03 1.334500592201948166e-02 1.069751568138599396e-02 3.021935001015663147e-02 2.721026539802551270e-03 2.943747490644454956e-02 8.606409654021263123e-03 7.906207465566694736e-04 2.147742733359336853e-02 4.698112607002258301e-02 3.836756944656372070e-02 1.467231754213571548e-02 1.319941878318786621e-02 3.201061487197875977e-02 1.769745023921132088e-03 7.376154826488345861e-05 2.816217392683029175e-02 1.893034391105175018e-02 4.884479101747274399e-03 2.537041436880826950e-03 5.539250094443559647e-03 2.371763624250888824e-02 2.460907446220517159e-03 5.936643108725547791e-03 2.655464783310890198e-02 1.915286295115947723e-02 2.274202741682529449e-02 1.191248651593923569e-03 9.464870090596377850e-04 4.475961904972791672e-03 2.967855334281921387e-02 1.379879657179117203e-02 5.177395045757293701e-02 4.612719267606735229e-02 5.314522609114646912e-02 1.293835788965225220e-02 2.417949773371219635e-02 1.284054759889841080e-02 2.257283404469490051e-02 2.171756327152252197e-02 4.048298578709363937e-03 3.777316212654113770e-02 1.956419553607702255e-03 4.304205253720283508e-02 5.854358430951833725e-03 5.426039174199104309e-02 1.225345302373170853e-02 1.376861054450273514e-02 3.082925453782081604e-03 8.774403482675552368e-03 2.376605011522769928e-02 1.061700936406850815e-02 3.711860394105315208e-03 5.097658559679985046e-02 6.222415715456008911e-02 1.304697216255590320e-04 6.157605443149805069e-03 3.828907618299126625e-03 2.143131569027900696e-03 3.914047032594680786e-03 1.608803682029247284e-02 7.196255493909120560e-03 1.053520943969488144e-02 4.808232653886079788e-03 2.088030986487865448e-02 1.721336506307125092e-02 2.440111525356769562e-02 7.058313582092523575e-03 4.208181984722614288e-03 4.393130075186491013e-03 6.922310683876276016e-03 3.725884249433875084e-03 1.532628759741783142e-02 3.074033185839653015e-03 2.711137523874640465e-03 2.088230475783348083e-02 2.502941899001598358e-02 2.085960656404495239e-02 2.297496423125267029e-03 8.716214448213577271e-03 1.840797811746597290e-02 6.291267462074756622e-03 8.401526138186454773e-03 2.497315406799316406e-02 2.022421360015869141e-02 5.005644634366035461e-03 2.352526783943176270e-02
3.612186759710311890e-02 3.626133874058723450e-02 3.281724406406283379e-03 1.300265360623598099e-02 1.809360645711421967e-02 8.401989340782165527e-01 6.122349202632904053e-02 1.165581308305263519e-02 2.121081389486789703e-02 3.307972475886344910e-02 2.501581236720085144e-02 5.504571832716464996e-03 2.281591668725013733e-02 3.215404227375984192e-03 7.392588537186384201e-03 6.513070315122604370e-03 1.472328673116862774e-03 1.202899497002363205e-02 3.086036443710327148e-02 1.049816980957984924e-02 6.961716338992118835e-03 2.464712224900722504e-02 2.212919481098651886e-02 2.262843213975429535e-02 3.339260350912809372e-03 3.176015103235840797e-03 1.740858331322669983e-02 1.303495280444622040e-02 6.977010983973741531e-03 7.293247617781162262e-03 2.299675688846036792e-04 3.984240174759179354e-04 1.326544955372810364e-02 3.250583540648221970e-03 8.030880242586135864e-03 8.969793096184730530e-03 1.932008005678653717e-02 2.291351929306983948e-02 2.216343581676483154e-02 4.113277886062860489e-03 1.256298180669546127e-02 6.359449122101068497e-03 2.113841474056243896e-02 2.366377040743827820e-02 3.718604100868105888e-03 1.662693731486797333e-02 5.282863974571228027e-02 3.604941070079803467e-02 2.422330342233181000e-02 2.093459852039813995e-02 1.405446510761976242e-02 1.750000566244125366e-02 1.293133012950420380e-02 1.550207287073135376e-02 1.029940415173768997e-02 5.261043086647987366e-03 8.992011658847332001e-03 2.344516292214393616e-02 6.659608799964189529e-03 1.546823885291814804e-03 5.961060523986816406e-03 1.901939325034618378e-02 9.377744980156421661e-03 3.179547842592000961e-03 9.665437974035739899e-03 6.497450638562440872e-03 2.026857575401663780e-03 5.808537825942039490e-03 1.819176971912384033e-02 3.446291759610176086e-02 4.909947980195283890e-03 1.988195814192295074e-02 4.565380048006772995e-03 2.620428428053855896e-02 3.782396670430898666e-03 2.302356623113155365e-02 1.520811859518289566e-02 2.531210891902446747e-02 2.521078288555145264e-02 4.108959436416625977e-02 1.538221910595893860e-02 9.296065196394920349e-03 1.068706624209880829e-02 1.588456332683563232e-02 1.552968658506870270e-02 3.586692363023757935e-02 1.802607066929340363e-02 3.538962919265031815e-03 4.561932757496833801e-03 2.544886060059070587e-02 3.023171052336692810e-02 1.281684171408414841e-02 3.396480157971382141e-02 2.001564577221870422e-02 1.099165901541709900e-02 2.408157847821712494e-02 1.073724683374166489e-02 9.305654093623161316e-03 1.779071800410747528e-02 2.413091808557510376e-02 3.646261757239699364e-03 4.334582947194576263e-03 1.159197743982076645e-02 2.010164409875869751e-02 1.173606328666210175e-02 1.404885551892220974e-03 1.530246436595916748e-02 1.497831940650939941e-02 8.938199840486049652e-03 1.375448796898126602e-02 2.752853615675121546e-04 4.094541538506746292e-03 7.184168323874473572e-03 7.641077536391094327e-05 3.475538268685340881e-02 2.043940871953964233e-02
3.746035322546958923e-02 3.707321360707283020e-02 2.694333204999566078e-03 7.276595104485750198e-03 1.369337365031242371e-02 6.122349202632904053e-02 8.401989340782165527e-01 1.452386286109685898e-02 2.709314785897731781e-02 2.729625068604946136e-02 3.100018016993999481e-02 5.719305016100406647e-03 2.953479439020156860e-02 1.184845226816833019e-03 1.367525430396199226e-03 5.774837452918291092e-03 3.663648385554552078e-03 3.831469919532537460e-03 2.160616777837276459e-02 7.223414722830057144e-03 8.742587640881538391e-03 1.246777083724737167e-02 2.309923432767391205e-02 1.874848455190658569e-02 8.631665259599685669e-03 8.214188739657402039e-03 1.062769908457994461e-02 1.341637037694454193e-02 2.216740138828754425e-02 6.952016148716211319e-03 1.976590789854526520e-02 1.116269920021295547e-02 1.895985193550586700e-02 6.967369001358747482e-03 4.137055017054080963e-03 1.926920376718044281e-02 1.911425404250621796e-02 1.711556687951087952e-02 2.055081538856029510e-02 1.370432693511247635e-02 1.657530292868614197e-02 1.329373475164175034e-02 1.583939976990222931e-02 3.465674072504043579e-02 1.142212841659784317e-02 1.471046824008226395e-02 4.916935786604881287e-02 4.586506634950637817e-02 2.850742824375629425e-02 2.268485724925994873e-02 1.336257345974445343e-02 1.704826019704341888e-02 2.256923820823431015e-03 2.125913649797439575e-02 1.704049855470657349e-02 7.126761134713888168e-03 1.060319412499666214e-02 2.079828456044197083e-02 3.199789789505302906e-04 8.837373927235603333e-03 7.925181649625301361e-03 7.273781113326549530e-03 9.869042783975601196e-03 7.567898835986852646e-03 2.551446110010147095e-02 1.557571627199649811e-02 1.514686457812786102e-02 7.226327899843454361e-03 1.620991900563240051e-02 1.200687140226364136e-02 4.586563954944722354e-05 2.116497978568077087e-02 1.925165561260655522e-04 1.387074496597051620e-02 8.907241746783256531e-03 2.706345357000827789e-02 2.045646682381629944e-02 1.768346875905990601e-02 3.037672489881515503e-02 3.439737111330032349e-02 2.368456311523914337e-02 7.621699012815952301e-03 7.260872516781091690e-03 1.592236012220382690e-02 2.749257721006870270e-02 2.557472884654998779e-02 1.594205200672149658e-02 3.908182494342327118e-03 8.552117273211479187e-03 2.016226388514041901e-02 3.681696951389312744e-02 1.305827405303716660e-02 3.874036669731140137e-02 1.944818161427974701e-02 2.631578594446182251e-02 2.648597583174705505e-02 2.536013023927807808e-03 1.947674714028835297e-02 2.461451105773448944e-02 2.673793770372867584e-02 9.636168368160724640e-03 1.132022123783826828e-02 1.146846916526556015e-02 2.375654503703117371e-02 1.768460869789123535e-02 8.807389065623283386e-03 1.920277997851371765e-02 6.939760409295558929e-03 1.661896519362926483e-02 2.086116187274456024e-02 2.473737578839063644e-03 6.946776993572711945e-03 4.483080934733152390e-03 1.236276701092720032e-03 1.128685101866722107e-02 2.244624681770801544e-02
1.303709018975496292e-02 2.173190750181674957e-02 4.008899256587028503e-02 1.367900054901838303e-02 2.717848867177963257e-02 1.165581308305263519e-02 1.452386286109685898e-02 8.401989340782165527e-01 1.190767739899456501e-03 9.339619427919387817e-03 1.839344948530197144e-02 5.924075958319008350e-04 1.981909200549125671e-02 3.380501409992575645e-03 2.284531295299530029e-02 3.390614688396453857e-02 3.980219736695289612e-02 5.592966452240943909e-03 4.034778848290443420e-02 2.838564105331897736e-02 2.184014953672885895e-02 9.075399488210678101e-03 5.936478730291128159e-03 8.300633635371923447e-04 5.981592927128076553e-03 1.659232308156788349e-03 8.610333316028118134e-03 1.330167148262262344e-02 1.441153604537248611e-02 1.836427487432956696e-02 2.725759334862232208e-02 1.701614935882389545e-03 2.321145497262477875e-02 4.601095803081989288e-03 2.057708986103534698e-02 4.980689845979213715e-03 1.955353096127510071e-02 3.306889533996582031e-02 1.577106118202209473e-02 1.870513707399368286e-02 2.887270785868167877e-02 8.770301938056945801e-04 1.115501858294010162e-02 9.121536277234554291e-03 1.133715920150279999e-02 1.648301258683204651e-02 2.058691531419754028e-02 1.943283900618553162e-02 8.746466599404811859e-03 8.793186396360397339e-03 9.509329684078693390e-04 1.402253471314907074e-02 3.791940165683627129e-03 1.716142520308494568e-02 1.139813661575317383e-02 1.805486506782472134e-03 1.070302352309226990e-02 1.380841992795467377e-02 2.896671183407306671e-02 1.399648375809192657e-02 6.445670500397682190e-03 2.852545119822025299e-02 2.206022478640079498e-02 2.220757678151130676e-02 1.209258660674095154e-02 2.915204316377639771e-02 7.984252646565437317e-03 9.431000798940658569e-03 1.726033748127520084e-03 5.059517920017242432e-03 6.191317923367023468e-03 9.199964813888072968e-03 1.267341431230306625e-02 9.445684961974620819e-03 5.940916016697883606e-03 1.596805453300476074e-02 1.352236419916152954e-02 4.931011237204074860e-03 4.379509016871452332e-03 1.331275328993797302e-02 4.749048501253128052e-02 4.341253265738487244e-02 1.396743208169937134e-02 3.835912048816680908e-02 5.295659881085157394e-03 1.590918283909559250e-03 2.768830955028533936e-02 1.778909564018249512e-02 1.474168431013822556e-02 2.263028174638748169e-02 2.359218895435333252e-02 6.605484057217836380e-03 3.484587743878364563e-02 1.831285189837217331e-03 7.501426152884960175e-03 1.066059572622179985e-03 9.971793042495846748e-04 1.192588638514280319e-02 2.051652874797582626e-03 6.030558142811059952e-03 1.983091048896312714e-02 6.065401714295148849e-03 1.301457732915878296e-02 1.409884635359048843e-02 7.799989078193902969e-03 1.822686288505792618e-03 2.028134465217590332e-02 1.152857579290866852e-02 2.430014126002788544e-02 3.043662942945957184e-02 8.842490613460540771e-03 2.169082500040531158e-02 1.386375352740287781e-02 1.090370351448655128e-04 5.898267496377229691e-03 2.430769614875316620e-02
2.765659242868423462e-02 2.217997610569000244e-02 1.516219135373830795e-02 9.040978737175464630e-03 4.203054122626781464e-03 2.121081389486789703e-02 2.709314785897731781e-02 1.190767739899456501e-03 8.401989340782165527e-01 1.802776567637920380e-02 2.823958918452262878e-02 2.801655046641826630e-02 1.937134936451911926e-02 1.584309502504765987e-03 1.584539376199245453e-02 2.766807563602924347e-02 1.699181273579597473e-02 3.631269559264183044e-02 8.918615058064460754e-04 4.471370019018650055e-03 9.801974520087242126e-03 7.248420733958482742e-03 2.582928352057933807e-02 1.188613940030336380e-02 1.662560366094112396e-02 1.463987166061997414e-03 1.822997443377971649e-02 2.438149042427539825e-02 2.899463102221488953e-02 1.188499014824628830e-02 1.430528517812490463e-02 1.975676417350769043e-02 1.629169285297393799e-02 7.655735826119780540e-04 3.461667336523532867e-03 2.588939853012561798e-02 1.097166631370782852e-02 2.266336418688297272e-02 1.100662909448146820e-02 5.084360484033823013e-03 1.831410638988018036e-02 2.905361354351043701e-02 3.640252165496349335e-03 1.487925089895725250e-02 1.811773329973220825e-02 9.641362354159355164e-03 2.542594447731971741e-02 2.613882720470428467e-02 3.187660872936248779e-02 8.999113924801349640e-03 2.595705911517143250e-02 2.457841113209724426e-02 1.207164302468299866e-02 2.226742357015609741e-02 3.611666336655616760e-02 6.776509340852499008e-03 3.695144876837730408e-02 5.389186553657054901e-03 2.488684607669711113e-03 8.805329911410808563e-03 3.112256154417991638e-02 6.210564635694026947e-03 2.485096687451004982e-03 8.743725717067718506e-03 2.932702563703060150e-02 1.051486749202013016e-02 1.803615875542163849e-02 1.078766863793134689e-02 3.635556250810623169e-02 2.630329225212335587e-03 6.883256137371063232e-03 4.727912321686744690e-02 9.963869117200374603e-03 8.340256288647651672e-03 2.675002906471490860e-03 4.287642240524291992e-02 5.022805929183959961e-02 2.878791838884353638e-02 4.264211654663085938e-02 1.481175236403942108e-02 7.296323776245117188e-03 1.815395988523960114e-02 2.116998890414834023e-03 2.348821377381682396e-03 1.346644293516874313e-02 6.704460829496383667e-03 3.291919082403182983e-02 4.495747562032192945e-04 4.439819604158401489e-02 1.979721337556838989e-02 2.254299260675907135e-02 2.162561565637588501e-02 2.229021489620208740e-02 3.388016670942306519e-02 3.018713556230068207e-02 2.638506889343261719e-02 1.608256250619888306e-02 2.586070634424686432e-02 3.670869395136833191e-02 2.421757578849792480e-02 1.851430162787437439e-02 1.615329645574092865e-02 2.548332326114177704e-02 1.142618991434574127e-02 5.313489120453596115e-03 2.994749229401350021e-03 2.205322310328483582e-02 2.847974561154842377e-02 2.013698592782020569e-02 6.144974380731582642e-03 6.289971992373466492e-03 3.568186610937118530e-02 1.607753336429595947e-02 2.129955589771270752e-02 3.864353755488991737e-03 9.786826558411121368e-03
2.611663192510604858e-02 1.998225226998329163e-02 1.283168513327836990e-02 6.419158075004816055e-03 1.841270551085472107e-02 3.307972475886344910e-02 2.729625068604946136e-02 9.339619427919387817e-03 1.802776567637920380e-02 8.401989340782165527e-01 1.376227196305990219e-02 9.774442762136459351e-03 1.136985700577497482e-02 3.418921679258346558e-02 3.664736635982990265e-03 1.817820593714714050e-03 6.510308478027582169e-03 2.027732878923416138e-02 3.887809813022613525e-02 1.510749757289886475e-02 1.416448649251833558e-04 1.860961876809597015e-02 3.174338489770889282e-02 4.764823243021965027e-02 7.673357613384723663e-04 1.015929877758026123e-02 2.652899827808141708e-03 3.080580011010169983e-02 1.275260467082262039e-02 2.952989190816879272e-02 1.634425297379493713e-02 5.331750027835369110e-03 1.128993835300207138e-02 1.633546501398086548e-02 7.196766324341297150e-03 6.951698102056980133e-03 2.006091549992561340e-02 6.921104155480861664e-03 2.775971964001655579e-02 1.172070205211639404e-02 1.456187944859266281e-02 9.152956306934356689e-03 1.052331738173961639e-02 6.821366492658853531e-03 2.714262157678604126e-02 3.326867893338203430e-02 2.364334277808666229e-02 1.454187370836734772e-02 2.031971886754035950e-02 3.441995382308959961e-02 1.370402239263057709e-02 1.467659045010805130e-02 1.556564960628747940e-02 5.276781506836414337e-03 1.153691764920949936e-02 2.066189236938953400e-02 3.180880099534988403e-03 1.119535509496927261e-02 2.337314933538436890e-02 8.476565591990947723e-03 2.317512640729546547e-03 1.789098978042602539e-02 1.625379174947738647e-02 1.071962714195251465e-02 1.603290624916553497e-02 1.132090203464031219e-02 1.791229937225580215e-03 6.623934954404830933e-03 3.088979283347725868e-03 3.775382041931152344e-02 7.315841503441333771e-03 1.814393512904644012e-02 1.135047711431980133e-02 2.741769142448902130e-02 1.256649033166468143e-03 1.512101106345653534e-02 6.291850470006465912e-03 5.757834762334823608e-02 1.937028765678405762e-02 5.850080773234367371e-02 1.961930282413959503e-02 1.581341773271560669e-02 1.795359887182712555e-02 2.516435645520687103e-02 1.183992065489292145e-02 4.649886861443519592e-02 2.279506996273994446e-02 1.257470343261957169e-03 4.066735971719026566e-03 3.748541325330734253e-02 2.857854776084423065e-02 1.994868554174900055e-02 1.386971585452556610e-02 6.193245295435190201e-03 8.862115442752838135e-03 1.420272234827280045e-02 2.012604102492332458e-02 1.356392726302146912e-02 2.397467382252216339e-02 3.771416097879409790e-02 1.078192889690399170e-02 2.507029566913843155e-03 6.743808626197278500e-04 1.730184257030487061e-02 2.068479172885417938e-02 2.751448773778975010e-04 1.969861611723899841e-02 1.898190937936306000e-02 9.179553948342800140e-03 1.585933566093444824e-02 2.482666634023189545e-02 5.220035673119127750e-04 9.873790666460990906e-03 2.021593274548649788e-03 6.318672560155391693e-03 7.125549600459635258e-04
4.061617329716682434e-02 4.313252493739128113e-02 1.527591515332460403e-02 1.473740208894014359e-02 1.775289885699748993e-02 2.501581236720085144e-02 3.100018016993999481e-02 1.839344948530197144e-02 2.823958918452262878e-02 1.376227196305990219e-02 8.401989340782165527e-01 1.017861068248748779e-02 4.605623334646224976e-02 4.979266319423913956e-03 1.151816081255674362e-02 1.614607684314250946e-02 1.028699520975351334e-02 9.086921811103820801e-03 1.218613050878047943e-02 2.747848257422447205e-02 2.819985710084438324e-02 1.059999573044478893e-03 2.551584690809249878e-02 2.431556023657321930e-02 3.007254377007484436e-02 1.072824373841285706e-02 9.362312033772468567e-03 2.215248998254537582e-03 4.040846228599548340e-02 5.087028723210096359e-03 3.416378051042556763e-02 2.791593037545681000e-02 3.189240396022796631e-02 2.334401570260524750e-02 2.349557913839817047e-02 2.331101708114147186e-02 2.675215154886245728e-02 2.298670634627342224e-02 2.157793007791042328e-02 8.837171830236911774e-03 1.186573691666126251e-02 1.436737179756164551e-02 9.583029896020889282e-03 5.892919376492500305e-03 1.153336651623249054e-02 1.573068648576736450e-02 3.723821043968200684e-02 3.072160482406616211e-02 2.607329748570919037e-02 2.424013242125511169e-02 9.325076825916767120e-03 1.773946732282638550e-02 2.106808871030807495e-02 2.530752867460250854e-02 3.117547184228897095e-02 2.163317613303661346e-02 2.269549854099750519e-02 1.601881580427289009e-03 1.360514946281909943e-02 1.238891389220952988e-02 1.795727200806140900e-02 1.989058777689933777e-02 1.388024445623159409e-02 1.152319554239511490e-02 3.978340327739715576e-02 3.256746381521224976e-02 2.062020450830459595e-02 9.540138766169548035e-03 1.756714098155498505e-02 1.424162741750478745e-02 9.814571589231491089e-03 2.711912803351879120e-02 1.095511019229888916e-02 1.080876588821411133e-02 1.346563640981912613e-02 2.351972088217735291e-02 2.689798735082149506e-02 1.033561397343873978e-02 2.095186337828636169e-02 1.288219261914491653e-02 2.220995351672172546e-02 8.707314729690551758e-03 2.305483818054199219e-02 2.531784214079380035e-02 3.038394264876842499e-02 1.467602420598268509e-02 1.977542415261268616e-02 1.334773842245340347e-02 1.329234614968299866e-02 3.101989161223173141e-03 3.291455656290054321e-02 3.404072672128677368e-02 2.826282568275928497e-02 1.031571067869663239e-02 1.826895028352737427e-02 2.618725784122943878e-02 8.145878091454505920e-03 2.304553799331188202e-02 2.996603399515151978e-02 2.819395624101161957e-02 2.093175239861011505e-02 1.925342157483100891e-02 9.155484847724437714e-03 2.794795483350753784e-02 1.686662435531616211e-02 1.544311828911304474e-02 2.627084031701087952e-02 1.303052902221679688e-02 2.050561830401420593e-02 5.162050947546958923e-03 5.703253205865621567e-03 1.829907856881618500e-02 3.997102379798889160e-03 5.363049916923046112e-03 1.150680612772703171e-02 9.346759878098964691e-03
5.033205263316631317e-03 2.782452793326228857e-04 1.184766553342342377e-02 7.696655811741948128e-04 1.046368014067411423e-02 5.504571832716464996e-03 5.719305016100406647e-03 5.924075958319008350e-04 2.801655046641826630e-02 9.774442762136459351e-03 1.017861068248748779e-02 8.401989340782165527e-01 2.097187098115682602e-04 5.897991359233856201e-02 2.621797844767570496e-03 3.797304630279541016e-02 2.766845747828483582e-02 1.299758069217205048e-02 1.576441526412963867e-02 2.426272956654429436e-03 1.101351436227560043e-02 1.638982445001602173e-03 3.003805130720138550e-02 2.608256042003631592e-02 8.460175246000289917e-03 1.914944127202033997e-02 3.861958859488368034e-03 4.339483007788658142e-02 2.618902362883090973e-02 4.784017428755760193e-02 2.763752453029155731e-02 4.467443097382783890e-03 3.220119979232549667e-03 9.739248082041740417e-03 3.361726645380258560e-03 3.158507496118545532e-02 2.561183087527751923e-02 7.607081905007362366e-03 2.869054442271590233e-03 8.449634537100791931e-03 5.511009134352207184e-03 2.607812359929084778e-02 2.521062083542346954e-02 1.729111652821302414e-03 3.724725544452667236e-02 1.701046340167522430e-02 7.844892330467700958e-03 7.503211498260498047e-03 6.972530856728553772e-03 2.941574901342391968e-03 1.355655584484338760e-02 2.517106756567955017e-02 3.207965940237045288e-02 3.013638779520988464e-02 4.906979156658053398e-04 1.659750938415527344e-02 2.183796651661396027e-02 4.112755507230758667e-02 2.320522256195545197e-02 3.829817846417427063e-02 6.100626196712255478e-03 1.867647096514701843e-02 1.775727956555783749e-03 9.329709224402904510e-03 1.273734774440526962e-02 9.904202073812484741e-03 3.152108052745461464e-03 1.097818184643983841e-02 1.827683486044406891e-02 5.535753909498453140e-03 1.762161403894424438e-02 1.411068439483642578e-02 1.267366576939821243e-02 2.012769319117069244e-02 1.009869202971458435e-02 2.009604871273040771e-02 3.198640048503875732e-02 3.510700538754463196e-02 1.609045639634132385e-02 2.614446450024843216e-03 1.076794229447841644e-03 1.305817905813455582e-02 1.985787786543369293e-02 1.700916700065135956e-02 2.020625164732336998e-03 1.495949272066354752e-02 8.717413060367107391e-03 1.697308942675590515e-02 2.877427265048027039e-02 3.112803772091865540e-02 1.382797863334417343e-02 1.303071063011884689e-02 1.406126748770475388e-02 2.981763519346714020e-02 2.712811157107353210e-02 1.526017114520072937e-02 5.341818090528249741e-03 1.986444555222988129e-02 1.880469731986522675e-02 1.383525412529706955e-02 2.023856155574321747e-02 1.524062175303697586e-02 2.387276850640773773e-03 2.234159409999847412e-02 2.772348467260599136e-03 8.494611829519271851e-03 1.538044773042201996e-02 1.653639413416385651e-02 1.046546455472707748e-02 1.946470700204372406e-03 2.135487459599971771e-02 2.186123654246330261e-02 2.632488124072551727e-02 2.678952738642692566e-02 7.262099534273147583e-03 2.461165376007556915e-02
3.796008974313735962e-02 4.494754970073699951e-02 4.427107051014900208e-03 1.221021637320518494e-02 2.194031514227390289e-02 2.281591668725013733e-02 2.953479439020156860e-02 1.981909200549125671e-02 1.937134936451911926e-02 1.136985700577497482e-02 4.605623334646224976e-02 2.097187098115682602e-04 8.401989340782165527e-01 1.325256656855344772e-03 7.730074692517518997e-03 9.029746986925601959e-03 3.322138916701078415e-03 3.693241858854889870e-03 1.355753652751445770e-02 1.075431704521179199e-02 2.347331494092941284e-02 1.653576386161148548e-03 1.815778948366641998e-02 2.080375514924526215e-02 2.491657063364982605e-02 1.005601044744253159e-02 1.841995306313037872e-02 7.727552205324172974e-03 4.215886071324348450e-02 5.414033308625221252e-03 4.422813653945922852e-02 2.427786402404308319e-02 2.929598279297351837e-02 2.272094972431659698e-02 2.403388544917106628e-02 1.883645355701446533e-02 2.496827952563762665e-02 2.348304539918899536e-02 2.063528448343276978e-02 1.421238481998443604e-02 1.441351603716611862e-02 3.335504094138741493e-03 1.954728551208972931e-02 1.473210845142602921e-02 2.980006160214543343e-03 7.739278487861156464e-03 3.388696908950805664e-02 2.775025554001331329e-02 1.709952019155025482e-02 1.763639412820339203e-02 3.123320406302809715e-03 5.408416502177715302e-03 1.777654699981212616e-02 1.527308020740747452e-02 2.840802259743213654e-02 2.635309658944606781e-02 1.386215351521968842e-02 1.596634858287870884e-03 7.058815564960241318e-03 6.414105184376239777e-03 1.677993685007095337e-02 2.478258684277534485e-02 1.462678331881761551e-02 1.604036986827850342e-02 4.145677015185356140e-02 4.743384942412376404e-02 1.305748987942934036e-02 4.369428846985101700e-03 1.416243705898523331e-02 9.839444421231746674e-03 9.870911017060279846e-03 1.867129653692245483e-02 8.941431529819965363e-03 2.758901100605726242e-03 1.655425503849983215e-02 1.536124665290117264e-02 1.579136773943901062e-02 2.254555467516183853e-03 9.336612187325954437e-03 1.006678212434053421e-02 2.444550022482872009e-02 4.456546623259782791e-03 1.964404806494712830e-02 2.507188543677330017e-02 3.717887401580810547e-02 1.892834901809692383e-02 2.507653553038835526e-03 2.796082384884357452e-02 3.693692618981003761e-03 4.389704670757055283e-03 3.811705857515335083e-02 3.091024234890937805e-02 2.513051778078079224e-02 4.127871245145797729e-03 1.931639574468135834e-02 2.701469697058200836e-02 4.393039271235466003e-03 1.910728216171264648e-02 2.343371324241161346e-02 2.638230845332145691e-02 2.090931870043277740e-02 2.532177045941352844e-02 1.457419898360967636e-02 2.995404414832592010e-02 1.485602650791406631e-02 1.824746280908584595e-02 2.915278077125549316e-02 1.122779096476733685e-03 2.099716290831565857e-02 2.414834685623645782e-02 6.839787238277494907e-04 1.384811755269765854e-02 2.125304937362670898e-02 9.703151881694793701e-03 1.253739651292562485e-02 1.380064431577920914e-02
