8.364404439926147461e-01 6.867399811744689941e-02 3.240908961743116379e-03 4.154419992119073868e-03 6.989142391830682755e-03 5.661022290587425232e-02 5.510868132114410400e-02 1.934583857655525208e-02 1.096916478127241135e-02 5.622218362987041473e-03 6.337493658065795898e-02 3.118729218840599060e-02 5.866736546158790588e-02 3.485751524567604065e-02 3.332288563251495361e-02 2.776886336505413055e-02 2.528436481952667236e-02 9.016358293592929840e-03 2.010009996592998505e-02 1.898711919784545898e-02 2.317401953041553497e-02 3.147966787219047546e-02 2.363524772226810455e-02 2.351846173405647278e-02 2.242502383887767792e-02 3.408257663249969482e-02 1.743520423769950867e-02 2.527024224400520325e-02 1.844777353107929230e-02 2.743570879101753235e-02 2.197214774787425995e-02 7.156768813729286194e-03 1.607367210090160370e-02 1.300164591521024704e-02 2.050034329295158386e-02 1.745654270052909851e-02 2.418085932731628418e-02 4.695006646215915680e-03 6.277731154114007950e-03 1.465577632188796997e-02 1.336811296641826630e-02 7.065088022500276566e-03 1.127921696752309799e-02 3.194031771272420883e-03 2.915204735472798347e-03 1.097393501549959183e-02 5.113407224416732788e-02 2.862151339650154114e-02 1.927254255861043930e-03 5.540056619793176651e-03 7.506275549530982971e-03 1.141094882041215897e-02 1.984638348221778870e-02 2.168993838131427765e-02 3.897191490978002548e-03 7.315011229366064072e-03 1.428829226642847061e-02 1.824422925710678101e-02 2.107788063585758209e-02 2.191282249987125397e-02 1.070941518992185593e-02 1.556011289358139038e-02 1.123221404850482941e-02 8.949101902544498444e-03 4.114329069852828979e-02 3.328087553381919861e-02 9.227341040968894958e-03 2.162851020693778992e-02 1.974161900579929352e-02 1.715266704559326172e-02 1.953894458711147308e-02 1.431884989142417908e-02 2.701658941805362701e-02 9.618385694921016693e-03 2.951209433376789093e-02 4.876135382801294327e-03 2.000453136861324310e-02 2.571638114750385284e-02 1.174839213490486145e-02 2.380644343793392181e-02 4.183157347142696381e-03 1.532687805593013763e-02 5.665717180818319321e-03 6.907359696924686432e-03 5.475152749568223953e-03 3.846035688184201717e-04 2.684747613966464996e-02 2.569797635078430176e-02 1.096759550273418427e-02 1.467475760728120804e-02 2.801130712032318115e-02 2.988889254629611969e-02 1.960921473801136017e-02 2.912242896854877472e-02 1.459110714495182037e-02 1.767944917082786560e-02 3.526776330545544624e-03 7.639330811798572540e-03 1.278806943446397781e-02 1.275130733847618103e-02 5.783067550510168076e-03 9.903927333652973175e-03 2.712074434384703636e-03 9.712738916277885437e-03 5.886742845177650452e-03 6.409073248505592346e-03 3.779002698138356209e-03 1.119416556321084499e-03 3.395431209355592728e-03 3.816284239292144775e-03 1.096826605498790741e-02 6.873938255012035370e-03 6.497905589640140533e-03 9.435752406716346741e-03 8.222452364861965179e-03 6.690663751214742661e-03
6.867399811744689941e-02 8.364404439926147461e-01 1.165335183031857014e-03 1.321610063314437866e-03 1.536980620585381985e-03 5.620120093226432800e-02 6.081217899918556213e-02 2.297806367278099060e-02 9.935004636645317078e-03 2.159792697057127953e-03 6.667836755514144897e-02 2.564943209290504456e-02 6.120719015598297119e-02 3.153350949287414551e-02 2.991553395986557007e-02 2.339825406670570374e-02 2.131452411413192749e-02 9.292912669479846954e-03 2.026496268808841705e-02 1.874202862381935120e-02 2.085591852664947510e-02 3.289556875824928284e-02 1.930261589586734772e-02 2.147235162556171417e-02 2.291070297360420227e-02 3.083723597228527069e-02 1.912531256675720215e-02 1.843019388616085052e-02 2.093935199081897736e-02 2.056355401873588562e-02 2.450072392821311951e-02 1.116357091814279556e-02 1.276700943708419800e-02 2.036971785128116608e-02 1.788614504039287567e-02 2.268262207508087158e-02 2.833435498178005219e-02 8.866274729371070862e-03 8.145918138325214386e-03 1.305572036653757095e-02 1.422886550426483154e-02 6.761840544641017914e-03 8.124262094497680664e-03 1.377350883558392525e-03 3.751455806195735931e-03 8.116919547319412231e-03 5.559936538338661194e-02 3.513405844569206238e-02 4.924849141389131546e-03 1.247443258762359619e-02 1.741592306643724442e-03 8.689112029969692230e-03 1.453186105936765671e-02 1.842548511922359467e-02 3.598284907639026642e-03 1.146363187581300735e-02 9.492715820670127869e-03 1.625825092196464539e-02 1.544403098523616791e-02 1.869027130305767059e-02 7.338339928537607193e-03 1.770327053964138031e-02 7.449981756508350372e-03 3.784818341955542564e-03 4.270625114440917969e-02 3.467578813433647156e-02 1.272083912044763565e-02 2.163008600473403931e-02 1.378754340112209320e-02 1.533963158726692200e-02 1.496358495205640793e-02 1.051726844161748886e-02 1.891345344483852386e-02 7.693623192608356476e-03 2.059238404035568237e-02 7.476332830265164375e-04 1.516138389706611633e-02 2.437445335090160370e-02 1.054161787033081055e-02 1.944559812545776367e-02 1.136654871515929699e-03 1.103966776281595230e-02 5.702721420675516129e-03 2.188469981774687767e-03 8.228749968111515045e-03 5.343979224562644958e-03 2.251277305185794830e-02 2.537801489233970642e-02 4.597427789121866226e-03 1.184450276196002960e-02 3.023350052535533905e-02 3.276618570089340210e-02 2.489631250500679016e-02 2.811627835035324097e-02 1.291328202933073044e-02 1.941513083875179291e-02 5.330475978553295135e-03 4.570908378809690475e-03 9.296936914324760437e-03 1.569232344627380371e-02 1.114933285862207413e-02 1.681666448712348938e-02 6.483350880444049835e-03 1.156426593661308289e-02 4.737791605293750763e-03 3.484912682324647903e-03 4.667313303798437119e-03 5.149139906279742718e-04 1.094174571335315704e-02 3.678747452795505524e-03 1.089846156537532806e-02 8.352744393050670624e-03 3.874120302498340607e-03 6.111197639256715775e-03 8.264527656137943268e-03 1.269978936761617661e-02
3.240908961743116379e-03 1.165335183031857014e-03 8.364404439926147461e-01 5.383993266150355339e-04 1.544391084462404251e-02 5.421288311481475830e-03 7.020451128482818604e-03 3.482616040855646133e-03 9.548740461468696594e-03 3.870728425681591034e-03 3.263559425249695778e-03 2.163783414289355278e-03 4.865949973464012146e-03 4.450295120477676392e-03 1.397235319018363953e-02 1.524519454687833786e-02 1.675141416490077972e-02 1.117754261940717697e-02 1.280506607145071030e-02 1.275474950671195984e-02 1.358273904770612717e-02 2.087682485580444336e-02 1.137093524448573589e-03 2.786675700917840004e-03 1.719415932893753052e-02 1.371378730982542038e-02 2.312358655035495758e-02 2.335674827918410301e-03 1.527781784534454346e-02 5.245574284344911575e-03 1.050917524844408035e-02 1.780753582715988159e-02 6.285321433097124100e-03 1.885992661118507385e-02 1.414429303258657455e-02 7.073591114021837711e-04 2.192630199715495110e-03 3.070409223437309265e-02 8.357756771147251129e-03 2.029648283496499062e-03 3.082248941063880920e-02 1.360860280692577362e-02 1.713664084672927856e-02 4.941942915320396423e-02 5.913415458053350449e-03 1.091691944748163223e-02 7.301529869437217712e-03 1.268987264484167099e-02 3.212444717064499855e-03 1.352562010288238525e-02 1.321533508598804474e-02 1.232459954917430878e-02 2.703628968447446823e-03 2.304291538894176483e-02 1.462002098560333252e-02 1.430471893399953842e-02 2.917724894359707832e-03 4.530737642198801041e-03 2.772736735641956329e-02 1.356799930363195017e-05 8.123432286083698273e-03 8.182706311345100403e-03 1.068084314465522766e-02 1.736231148242950439e-02 1.431959122419357300e-02 1.352347619831562042e-02 1.940342783927917480e-02 1.661369763314723969e-02 1.648128218948841095e-02 2.000869624316692352e-02 1.250632759183645248e-02 2.864583954215049744e-02 7.085140328854322433e-03 1.511983200907707214e-02 5.636848043650388718e-03 2.785632014274597168e-02 1.903238333761692047e-02 1.839402876794338226e-02 1.456442661583423615e-02 2.839457942172884941e-03 5.775333568453788757e-02 6.155290082097053528e-02 7.672158535569906235e-03 1.714654825627803802e-02 2.038170211017131805e-02 2.735614404082298279e-02 3.451225534081459045e-02 1.994118280708789825e-02 4.320860840380191803e-03 7.104247342795133591e-03 1.031407713890075684e-02 1.961181499063968658e-02 1.920652203261852264e-02 2.879488095641136169e-02 9.837199933826923370e-03 1.638610288500785828e-02 1.474396791309118271e-02 3.227321803569793701e-02 2.489022910594940186e-02 1.628604903817176819e-02 1.084265019744634628e-02 1.027299929410219193e-02 3.079274110496044159e-02 3.498647734522819519e-02 1.903959177434444427e-02 3.003772906959056854e-02 3.089242381975054741e-03 3.543185070157051086e-03 8.703315630555152893e-03 1.051671896129846573e-02 3.336005285382270813e-02 3.130860254168510437e-02 3.061310620978474617e-03 1.020083762705326080e-02 3.037616610527038574e-02 2.995523251593112946e-02
4.154419992119073868e-03 1.321610063314437866e-03 5.383993266150355339e-04 8.364404439926147461e-01 5.848922207951545715e-02 2.741739153861999512e-03 1.283275987952947617e-02 1.248635910451412201e-02 4.733731970191001892e-03 2.111455611884593964e-02 5.689582903869450092e-04 2.183852158486843109e-02 1.007260754704475403e-03 3.769679460674524307e-03 2.211153134703636169e-02 2.136784419417381287e-02 2.063324674963951111e-02 1.339537790045142174e-03 2.594976685941219330e-03 5.914088338613510132e-03 5.723050329834222794e-03 6.665197201073169708e-03 9.757518768310546875e-03 2.607243368402123451e-03 6.212379317730665207e-03 1.918012090027332306e-02 7.468863623216748238e-05 2.407667785882949829e-02 1.445514149963855743e-02 2.161334082484245300e-02 1.678852736949920654e-02 5.941876210272312164e-03 3.103607520461082458e-02 5.614204797893762589e-03 1.255582645535469055e-02 1.105809118598699570e-02 1.212389208376407623e-02 3.747149603441357613e-03 7.917798310518264771e-02 5.602300539612770081e-02 1.197274588048458099e-02 5.109090852783992887e-05 1.095528434962034225e-02 1.110279280692338943e-02 2.915506809949874878e-02 7.133812643587589264e-03 1.222287956625223160e-02 7.496587000787258148e-03 9.906215593218803406e-03 2.169257588684558868e-02 1.959751360118389130e-02 8.572695776820182800e-03 3.745781630277633667e-02 3.856128081679344177e-02 3.247741842642426491e-03 2.927975961938500404e-03 4.260702431201934814e-02 3.036872483789920807e-02 2.282507531344890594e-02 3.211850300431251526e-02 4.574757441878318787e-02 1.135095488280057907e-02 4.020363464951515198e-02 2.621230483055114746e-02 4.224245436489582062e-03 3.033275250345468521e-03 1.023159921169281006e-02 2.640978666022419930e-03 2.655009180307388306e-02 4.980155732482671738e-03 1.658646017313003540e-02 2.324415557086467743e-02 4.350520297884941101e-02 8.101302199065685272e-03 3.087149001657962799e-02 2.141737937927246094e-02 2.146228589117527008e-02 5.335777997970581055e-03 1.605695672333240509e-02 9.859210811555385590e-03 6.738273892551660538e-03 7.782031316310167313e-03 4.724662005901336670e-02 1.708009163849055767e-03 5.364756099879741669e-03 1.115201134234666824e-02 1.324520725756883621e-02 1.055099163204431534e-02 2.422727085649967194e-02 1.680094189941883087e-02 1.225824095308780670e-02 4.101556260138750076e-04 5.371386185288429260e-03 4.899770487099885941e-03 4.668175429105758667e-02 2.000885084271430969e-02 5.326246609911322594e-04 4.003971349447965622e-03 7.640099152922630310e-03 1.640775427222251892e-02 3.067688643932342529e-02 1.003572903573513031e-02 5.185464397072792053e-03 1.660992624238133430e-03 3.311906009912490845e-02 2.675221301615238190e-02 3.233021497726440430e-02 3.163791820406913757e-02 1.039650989696383476e-03 2.165818214416503906e-02 1.645570853725075722e-03 6.457677111029624939e-03 1.371762808412313461e-02 1.989448629319667816e-02 1.172701595351099968e-03 1.127482205629348755e-02
6.989142391830682755e-03 1.536980620585381985e-03 1.544391084462404251e-02 5.848922207951545715e-02 8.364404439926147461e-01 5.189814139157533646e-03 7.997944019734859467e-03 1.874660514295101166e-02 1.093728188425302505e-02 9.722499176859855652e-03 3.074613865464925766e-03 2.234180830419063568e-02 3.799181664362549782e-03 1.164622418582439423e-02 2.106189727783203125e-02 8.491015993058681488e-03 1.335697621107101440e-02 9.453859180212020874e-03 1.913218013942241669e-02 1.170853432267904282e-02 1.599075458943843842e-02 1.527880958747118711e-04 1.298807654529809952e-02 8.510562591254711151e-03 1.213738322257995605e-02 1.407015416771173477e-02 4.653414711356163025e-03 2.254947647452354431e-02 4.893458448350429535e-03 1.787288486957550049e-02 1.274421159178018570e-02 1.529997680336236954e-02 1.888156984932720661e-03 1.160602550953626633e-03 3.905264427885413170e-03 5.705164279788732529e-03 1.334610395133495331e-02 1.155882887542247772e-02 5.535441637039184570e-02 5.715106427669525146e-02 5.732209887355566025e-03 6.602193694561719894e-03 8.763563819229602814e-03 2.387831453233957291e-03 2.169873379170894623e-02 3.424737369641661644e-03 1.565889641642570496e-02 1.603189297020435333e-02 3.007281944155693054e-02 2.261171862483024597e-02 2.662253938615322113e-02 1.234101597219705582e-02 3.609799221158027649e-02 4.623274505138397217e-02 1.636358164250850677e-02 9.042589226737618446e-04 3.756655752658843994e-02 3.372051939368247986e-02 2.551354281604290009e-02 4.118828475475311279e-02 1.511120144277811050e-02 8.272495120763778687e-03 2.528807334601879120e-02 9.570240043103694916e-03 2.184766577556729317e-03 3.724777372553944588e-03 6.366979796439409256e-03 3.365259850397706032e-03 1.682842895388603210e-02 4.884845111519098282e-03 2.381379157304763794e-02 1.262356340885162354e-02 4.707077145576477051e-02 9.489196352660655975e-03 4.640252515673637390e-02 1.461902260780334473e-02 1.519341766834259033e-02 1.083694212138652802e-02 1.597272418439388275e-02 5.437551997601985931e-03 7.155654020607471466e-04 2.929169684648513794e-03 3.905853256583213806e-02 3.968469798564910889e-02 3.836391028016805649e-03 1.011032145470380783e-02 3.225869033485651016e-03 6.487931124866008759e-03 2.597212232649326324e-02 2.906205132603645325e-02 6.200100295245647430e-03 9.489528834819793701e-03 5.101737333461642265e-04 1.548343687318265438e-03 3.697147965431213379e-02 2.317478507757186890e-02 1.230370625853538513e-02 7.634294219315052032e-03 3.397325053811073303e-03 2.112870477139949799e-02 2.515608444809913635e-02 1.474647223949432373e-02 1.630370877683162689e-02 1.795492321252822876e-02 3.216453641653060913e-02 3.336374461650848389e-02 2.547007426619529724e-02 1.731186360120773315e-02 4.665829706937074661e-03 1.905328966677188873e-02 5.953005515038967133e-03 7.095804437994956970e-03 2.079016901552677155e-02 1.482160482555627823e-02 1.435906998813152313e-02 2.302640676498413086e-02
5.661022290587425232e-02 5.620120093226432800e-02 5.421288311481475830e-03 2.741739153861999512e-03 5.189814139157533646e-03 8.364404439926147461e-01 6.789202243089675903e-02 8.516873233020305634e-03 2.008044533431529999e-02 2.116193529218435287e-03 5.401426926255226135e-02 3.830038011074066162e-02 5.328179895877838135e-02 3.853007778525352478e-02 2.170773595571517944e-02 2.832337468862533569e-02 2.083779312670230865e-02 3.440741216763854027e-03 1.398292556405067444e-02 1.867398992180824280e-02 2.574085444211959839e-02 2.166212536394596100e-02 3.408090025186538696e-02 3.664427250623703003e-02 2.742495574057102203e-02 3.251967951655387878e-02 9.035342372953891754e-03 4.163010418415069580e-02 1.223389152437448502e-02 3.882558643817901611e-02 1.642681844532489777e-02 1.616944558918476105e-02 1.661567948758602142e-02 1.967125572264194489e-02 2.085403166711330414e-02 1.247078180313110352e-02 1.948925666511058807e-02 3.485945519059896469e-03 1.077881781384348869e-03 1.113269850611686707e-02 6.809168262407183647e-04 9.631375782191753387e-03 1.316326204687356949e-02 7.275700569152832031e-03 7.817003875970840454e-03 1.392748858779668808e-02 5.459507554769515991e-02 2.840300276875495911e-02 8.912751451134681702e-03 1.556536881253123283e-03 1.111125107854604721e-02 1.839826628565788269e-02 1.116152945905923843e-02 1.370806712657213211e-02 6.222000345587730408e-03 2.234898973256349564e-03 1.876205764710903168e-02 2.260871790349483490e-02 9.084842167794704437e-03 1.244173385202884674e-02 1.377437636256217957e-02 7.154738996177911758e-03 8.911135606467723846e-03 1.254466827958822250e-02 2.705858834087848663e-02 2.626641280949115753e-02 2.055628970265388489e-02 2.924160100519657135e-02 2.396170794963836670e-02 5.277927499264478683e-03 2.210613526403903961e-02 3.755109384655952454e-03 2.477092109620571136e-02 1.315006404183804989e-03 2.615190111100673676e-02 3.745311638340353966e-03 2.373510599136352539e-02 2.556314505636692047e-02 1.767301000654697418e-02 2.785878069698810577e-02 3.795193741098046303e-03 1.927385310409590602e-04 2.192540123360231519e-04 3.834912087768316269e-03 1.278620958328247070e-02 1.109155919402837753e-02 1.567181199789047241e-02 1.134835928678512573e-02 2.106921561062335968e-02 1.903970353305339813e-02 1.793714612722396851e-02 1.821433752775192261e-02 1.118256058543920517e-02 1.967451348900794983e-02 7.223782595247030258e-03 1.191989704966545105e-02 5.182863678783178329e-03 4.265540745109319687e-03 1.938764192163944244e-02 2.039339765906333923e-02 5.208413116633892059e-03 6.281985435634851456e-03 1.158682815730571747e-02 9.213554672896862030e-03 1.269931998103857040e-02 2.214149571955204010e-03 1.776337041519582272e-03 1.701620174571871758e-03 6.574266590178012848e-03 6.796974223107099533e-03 4.700612276792526245e-03 8.984267711639404297e-03 1.237682532519102097e-02 1.170313172042369843e-02 4.364674910902976990e-03 2.309970092028379440e-03
5.510868132114410400e-02 6.081217899918556213e-02 7.020451128482818604e-03 1.283275987952947617e-02 7.997944019734859467e-03 6.789202243089675903e-02 8.364404439926147461e-01 1.499817706644535065e-02 1.887744665145874023e-02 1.183330919593572617e-02 6.092832237482070923e-02 2.828409522771835327e-02 6.002830713987350464e-02 3.717775642871856689e-02 1.400860957801342010e-02 2.086184546351432800e-02 1.596341468393802643e-02 5.177864804863929749e-03 6.683551240712404251e-03 2.812749706208705902e-02 2.199113555252552032e-02 2.635165676474571228e-02 2.898192219436168671e-02 3.366662561893463135e-02 3.612833097577095032e-02 3.682721778750419617e-02 1.234930381178855896e-02 2.458578161895275116e-02 7.850959897041320801e-03 2.618753910064697266e-02 8.791815489530563354e-03 2.406106144189834595e-02 1.275295950472354889e-02 2.706897817552089691e-02 2.787311933934688568e-02 9.281780570745468140e-03 1.855781301856040955e-02 2.393069909885525703e-03 5.436292849481105804e-03 5.720765911974012852e-04 5.598319228738546371e-03 5.854324903339147568e-03 6.645965855568647385e-03 1.039211265742778778e-02 1.627802476286888123e-02 1.536797080188989639e-02 6.139257550239562988e-02 3.641560301184654236e-02 1.347056962549686432e-02 1.695764437317848206e-02 5.363460164517164230e-03 1.839736104011535645e-02 3.449920332059264183e-04 1.587976352311670780e-03 8.048370480537414551e-03 1.089940872043371201e-02 7.397066801786422729e-03 1.171325519680976868e-02 4.771213047206401825e-03 5.940227769315242767e-03 8.308024145662784576e-03 1.131398696452379227e-02 6.281201727688312531e-03 2.527799224480986595e-03 2.839589677751064301e-02 2.570601738989353180e-02 2.778171189129352570e-02 3.400486335158348083e-02 1.088830921798944473e-02 6.970984395593404770e-03 1.402120478451251984e-02 3.405031282454729080e-03 1.097371894866228104e-02 3.537856740877032280e-03 2.088248170912265778e-02 1.213053707033395767e-02 9.614247828722000122e-03 2.073655836284160614e-02 1.417891494929790497e-02 2.943344414234161377e-02 6.690009497106075287e-03 6.887057679705321789e-05 5.002037622034549713e-03 1.562096178531646729e-02 2.338230982422828674e-02 2.552769519388675690e-02 1.347731892019510269e-02 1.645932532846927643e-02 7.892418652772903442e-03 1.424992457032203674e-02 2.102767117321491241e-02 2.217080257833003998e-02 5.876434035599231720e-03 1.999453082680702209e-02 8.040726243052631617e-05 8.882528170943260193e-03 5.893416237086057663e-04 6.483133882284164429e-03 1.145620178431272507e-02 2.481372654438018799e-02 2.761314157396554947e-03 8.698143996298313141e-03 4.868380725383758545e-03 3.226890403311699629e-04 1.695107668638229370e-02 1.083070971071720123e-02 2.511579776182770729e-03 8.453568443655967712e-03 3.163058136124163866e-04 7.974862121045589447e-03 1.805683947168290615e-03 6.954859476536512375e-03 9.210204705595970154e-03 2.951844828203320503e-03 4.827107302844524384e-03 3.440768341533839703e-04
1.934583857655525208e-02 2.297806367278099060e-02 3.482616040855646133e-03 1.248635910451412201e-02 1.874660514295101166e-02 8.516873233020305634e-03 1.499817706644535065e-02 8.364404439926147461e-01 1.327001489698886871e-02 5.127099342644214630e-03 2.126758359372615814e-02 1.889882795512676239e-02 2.288905158638954163e-02 1.779930852353572845e-02 3.848018869757652283e-02 2.278038882650434971e-04 3.028568753506988287e-04 5.834454204887151718e-03 8.315064944326877594e-03 6.470444612205028534e-03 1.525991875678300858e-02 3.185642883181571960e-02 4.317363258451223373e-03 9.808115661144256592e-03 4.373854026198387146e-03 1.015067566186189651e-02 1.626842096447944641e-02 9.403903037309646606e-03 2.478349395096302032e-02 1.317964959889650345e-02 2.359990961849689484e-02 9.027116931974887848e-03 2.347598783671855927e-02 8.419892750680446625e-03 1.201236248016357422e-02 3.555088117718696594e-02 2.481674961745738983e-02 5.059942137449979782e-03 2.918546833097934723e-02 2.622699923813343048e-02 1.886895298957824707e-02 1.103446818888187408e-02 4.624638240784406662e-03 6.365522742271423340e-03 1.827779971063137054e-02 1.452379021793603897e-02 1.162009593099355698e-02 2.045808918774127960e-02 4.769179970026016235e-03 7.554834242910146713e-03 1.509008370339870453e-02 2.793274819850921631e-03 9.512077085673809052e-03 2.706128731369972229e-02 2.949733985587954521e-03 6.192771717905998230e-03 2.414616011083126068e-02 2.126535214483737946e-02 1.872882246971130371e-02 2.720540389418601990e-02 5.608136299997568130e-03 6.686741253361105919e-04 2.389290370047092438e-02 1.261215750128030777e-02 2.792118117213249207e-02 3.258136287331581116e-02 2.620354061946272850e-03 3.252917202189564705e-03 1.037096977233886719e-02 1.333778165280818939e-02 7.233379874378442764e-03 1.982601359486579895e-02 7.858463563024997711e-03 1.431279629468917847e-02 7.282518781721591949e-03 1.729689911007881165e-02 1.752379164099693298e-02 2.116688154637813568e-02 1.425079256296157837e-02 2.378980396315455437e-03 2.566877752542495728e-02 2.213911712169647217e-02 1.634448952972888947e-02 6.681572180241346359e-03 5.922573152929544449e-03 8.022701367735862732e-03 3.165886178612709045e-02 3.822995722293853760e-02 1.684589497745037079e-02 1.421543210744857788e-02 2.327439375221729279e-02 2.787968516349792480e-02 2.225458063185214996e-02 2.795292437076568604e-02 1.887862570583820343e-02 7.200639229267835617e-03 9.947812184691429138e-03 1.377343293279409409e-02 1.801541447639465332e-02 1.038510445505380630e-02 2.489533042535185814e-03 7.444104994647204876e-04 9.097801521420478821e-03 1.550691761076450348e-02 4.350740462541580200e-03 1.156507991254329681e-02 1.181149296462535858e-02 2.869280986487865448e-02 1.082824263721704483e-02 2.904129214584827423e-02 1.891975104808807373e-02 1.330531947314739227e-02 1.037861453369259834e-03 8.101083338260650635e-03 1.486567314714193344e-03 1.330720540136098862e-02
1.096916478127241135e-02 9.935004636645317078e-03 9.548740461468696594e-03 4.733731970191001892e-03 1.093728188425302505e-02 2.008044533431529999e-02 1.887744665145874023e-02 1.327001489698886871e-02 8.364404439926147461e-01 2.560391463339328766e-02 1.627949438989162445e-02 2.003718726336956024e-02 1.239757239818572998e-02 1.007424201816320419e-02 8.438446559011936188e-03 2.713047713041305542e-02 1.724872551858425140e-02 1.126739662140607834e-02 6.606933311559259892e-04 1.808795519173145294e-02 1.567875407636165619e-02 1.240110676735639572e-02 2.385324612259864807e-02 1.889614760875701904e-02 2.241364307701587677e-02 5.364506796468049288e-05 1.449668128043413162e-02 1.895554922521114349e-02 3.715476254001259804e-03 1.115050632506608963e-02 6.441315053962171078e-04 4.875393584370613098e-03 2.505435235798358917e-02 2.617184538394212723e-03 8.576029911637306213e-03 2.668817900121212006e-02 1.059977523982524872e-02 5.493122618645429611e-03 1.132693505496717989e-04 2.713989466428756714e-03 1.877413690090179443e-02 3.066800162196159363e-02 1.009688596241176128e-03 1.906696520745754242e-02 4.147180821746587753e-03 4.437069408595561981e-03 1.848630979657173157e-02 1.117154315579682589e-04 4.525539278984069824e-02 6.618541199713945389e-03 4.610550531651824713e-04 2.863615751266479492e-03 1.805537007749080658e-02 1.138810999691486359e-02 4.444031044840812683e-02 2.080855192616581917e-03 2.568027935922145844e-02 3.464125096797943115e-03 5.194697529077529907e-03 7.085893768817186356e-03 3.228036314249038696e-02 1.742768660187721252e-02 4.311740864068269730e-03 5.288636777549982071e-03 1.378171984106302261e-02 1.433360949158668518e-02 2.012668363749980927e-02 2.207352221012115479e-02 4.140288010239601135e-02 9.378450922667980194e-03 1.593607477843761444e-02 3.309710696339607239e-02 1.097057946026325226e-02 8.382419124245643616e-03 1.681288331747055054e-02 3.137898817658424377e-02 5.484595522284507751e-02 2.407269552350044250e-02 8.771525695919990540e-03 1.111882366240024567e-02 1.423497963696718216e-02 1.287888456135988235e-02 2.927464060485363007e-02 1.565371640026569366e-02 1.727071031928062439e-02 1.487200707197189331e-02 1.681087724864482880e-02 1.687071286141872406e-02 3.169330954551696777e-02 7.349575753323733807e-04 1.471378840506076813e-03 1.875514164566993713e-02 6.457108538597822189e-03 3.131956234574317932e-02 2.531820908188819885e-02 1.438606157898902893e-02 2.582554705440998077e-03 3.858663886785507202e-02 5.307994410395622253e-02 2.787324599921703339e-02 1.221877150237560272e-02 5.059604067355394363e-03 4.606271395459771156e-04 1.142632123082876205e-02 2.137460373342037201e-02 7.052851375192403793e-03 2.761730365455150604e-02 1.612016186118125916e-02 2.304854430258274078e-02 3.608163679018616676e-03 1.798391342163085938e-02 1.459393557161092758e-02 6.463788449764251709e-03 3.816490760073065758e-03 3.528164932504296303e-03 2.797557739540934563e-03
5.622218362987041473e-03 2.159792697057127953e-03 3.870728425681591034e-03 2.111455611884593964e-02 9.722499176859855652e-03 2.116193529218435287e-03 1.183330919593572617e-02 5.127099342644214630e-03 2.560391463339328766e-02 8.364404439926147461e-01 1.360510475933551788e-03 6.653236690908670425e-03 7.652919739484786987e-03 2.288809977471828461e-02 7.304322207346558571e-04 6.954389624297618866e-03 2.389420755207538605e-02 1.971140317618846893e-02 5.574109405279159546e-02 1.062934845685958862e-02 2.451308816671371460e-02 1.115293800830841064e-02 2.238585799932479858e-02 5.453848093748092651e-02 1.001594588160514832e-02 1.203966140747070312e-02 1.676829159259796143e-02 9.299865923821926117e-03 7.220950908958911896e-03 1.699386164546012878e-02 1.460738014429807663e-02 6.810847553424537182e-04 1.715220510959625244e-02 9.589094668626785278e-03 2.212102711200714111e-02 6.951098330318927765e-03 1.614121161401271820e-02 3.885560436174273491e-03 7.903310470283031464e-04 9.920831071212887764e-04 7.089648861438035965e-03 1.478495635092258453e-02 1.897800154983997345e-02 2.027111593633890152e-03 7.247149012982845306e-03 3.376046195626258850e-02 5.402946379035711288e-03 8.664924651384353638e-03 3.805831540375947952e-03 4.318791627883911133e-02 1.894902996718883514e-02 1.364882942289113998e-02 2.172225154936313629e-02 1.591798663139343262e-02 7.108092540875077248e-05 5.048038810491561890e-02 1.305447146296501160e-02 4.645216278731822968e-03 2.952198032289743423e-03 5.843993858434259892e-04 2.709973976016044617e-02 4.064491391181945801e-02 2.461380884051322937e-02 1.077077724039554596e-02 8.888323209248483181e-04 1.423280802555382252e-03 1.466770283877849579e-02 2.175044082105159760e-02 1.216907985508441925e-02 3.177227079868316650e-02 4.182360693812370300e-02 6.959878839552402496e-03 1.807421632111072540e-02 3.321933373808860779e-02 9.780547581613063812e-03 8.433718234300613403e-03 9.416997432708740234e-03 3.596705570816993713e-02 1.947493851184844971e-02 5.203280597925186157e-02 1.390062365680932999e-02 1.294825971126556396e-02 4.527395125478506088e-03 4.676178842782974243e-02 1.371752656996250153e-02 1.229839492589235306e-02 7.815890945494174957e-03 1.424725074321031570e-02 6.250979495234787464e-04 3.052224591374397278e-02 1.058826874941587448e-02 9.364930912852287292e-03 1.431710645556449890e-02 5.791655275970697403e-03 9.112822008319199085e-04 1.860542595386505127e-02 3.401004895567893982e-02 1.410912722349166870e-03 7.126594427973031998e-03 7.681613322347402573e-03 1.377812772989273071e-02 7.523472304455935955e-04 3.448054427281022072e-03 3.283824305981397629e-03 2.661504782736301422e-03 1.386656332761049271e-02 3.929900471121072769e-03 8.714693598449230194e-03 5.569687578827142715e-03 3.600338241085410118e-03 2.131498418748378754e-02 5.575523246079683304e-03 2.519664168357849121e-02 2.957040071487426758e-02 7.330118212848901749e-03 1.159829366952180862e-02
6.337493658065795898e-02 6.667836755514144897e-02 3.263559425249695778e-03 5.689582903869450092e-04 3.074613865464925766e-03 5.401426926255226135e-02 6.092832237482070923e-02 2.126758359372615814e-02 1.627949438989162445e-02 1.360510475933551788e-03 8.364404439926147461e-01 2.451661787927150726e-02 6.332971155643463135e-02 2.916225232183933258e-02 3.069712780416011810e-02 2.117251046001911163e-02 1.826899312436580658e-02 7.120136171579360962e-03 1.966266892850399017e-02 1.945532672107219696e-02 1.924729906022548676e-02 3.442370891571044922e-02 2.074427530169487000e-02 2.088127657771110535e-02 2.420584671199321747e-02 3.274213895201683044e-02 2.025543898344039917e-02 1.712221279740333557e-02 2.219296619296073914e-02 2.055355161428451538e-02 2.057107537984848022e-02 9.133459068834781647e-03 1.919432543218135834e-02 1.457309816032648087e-02 2.021374739706516266e-02 1.783599331974983215e-02 2.672152966260910034e-02 9.626142680644989014e-03 7.156323175877332687e-03 1.055482495576143265e-02 9.955042041838169098e-03 1.142523251473903656e-02 1.270554866641759872e-02 8.554240339435636997e-04 5.688345059752464294e-03 1.095807831734418869e-02 5.776986479759216309e-02 3.488951176404953003e-02 7.181642577052116394e-03 1.036081928759813309e-02 8.045877330005168915e-03 1.523921731859445572e-02 1.443288754671812057e-02 1.874060556292533875e-02 4.556651692837476730e-04 9.153809398412704468e-03 1.312629599124193192e-02 1.924914866685867310e-02 1.882892102003097534e-02 2.104993723332881927e-02 9.433822706341743469e-03 1.538249943405389786e-02 6.715183146297931671e-03 5.836063530296087265e-03 4.663404449820518494e-02 3.925828635692596436e-02 1.104410737752914429e-02 2.165173552930355072e-02 1.360985636711120605e-02 1.747224107384681702e-02 1.495796442031860352e-02 1.222008746117353439e-02 1.478767115622758865e-02 6.154380273073911667e-03 1.799182407557964325e-02 7.159271044656634331e-04 1.575346849858760834e-02 2.717130072414875031e-02 1.534334104508161545e-02 2.479459531605243683e-02 3.187815425917506218e-03 1.300429832190275192e-02 2.898198086768388748e-03 4.510455764830112457e-03 8.485198952257633209e-03 8.588085882365703583e-03 2.889777906239032745e-02 3.165808320045471191e-02 7.084367796778678894e-03 1.185525301843881607e-02 3.270730003714561462e-02 3.564482182264328003e-02 2.057600580155849457e-02 3.241046145558357239e-02 1.219488587230443954e-02 1.937966607511043549e-02 6.722820457071065903e-03 9.597552940249443054e-03 1.441616564989089966e-02 2.127972804009914398e-02 6.377536803483963013e-03 1.135756168514490128e-02 5.929407663643360138e-03 1.588849537074565887e-02 8.344319649040699005e-03 2.121286466717720032e-03 2.448268234729766846e-03 2.015464939177036285e-03 8.643448352813720703e-03 1.521143596619367599e-03 1.181603781878948212e-02 5.665861535817384720e-03 6.097441539168357849e-03 7.985820062458515167e-03 8.651589043438434601e-03 1.217028405517339706e-02
3.118729218840599060e-02 2.564943209290504456e-02 2.163783414289355278e-03 2.183852158486843109e-02 2.234180830419063568e-02 3.830038011074066162e-02 2.828409522771835327e-02 1.889882795512676239e-02 2.003718726336956024e-02 6.653236690908670425e-03 2.451661787927150726e-02 8.364404439926147461e-01 2.510179206728935242e-02 6.309545785188674927e-02 3.694237396121025085e-02 2.419260889291763306e-02 2.701493352651596069e-02 1.437442936003208160e-02 4.445997532457113266e-03 7.061453536152839661e-03 1.765485480427742004e-02 1.524887513369321823e-02 4.341981187462806702e-02 4.015242680907249451e-02 6.610112730413675308e-03 3.311221674084663391e-02 7.240948267281055450e-03 5.962210521101951599e-02 2.999431686475872993e-03 5.571067705750465393e-02 6.492824759334325790e-03 1.181399635970592499e-02 1.398491393774747849e-02 9.409232065081596375e-03 1.692350581288337708e-02 2.076126821339130402e-02 2.260037139058113098e-02 2.758818154688924551e-04 1.774297282099723816e-02 2.305387891829013824e-02 9.898155927658081055e-03 1.587644801475107670e-03 8.086205460131168365e-03 1.522553898394107819e-02 3.057802654802799225e-02 1.358268409967422485e-02 1.338177081197500229e-02 9.721461683511734009e-03 9.289155714213848114e-03 1.690472476184368134e-02 1.851731166243553162e-02 1.358047127723693848e-02 2.718778140842914581e-02 1.426753774285316467e-02 3.311865497380495071e-03 7.768617477267980576e-03 3.221030533313751221e-02 2.981355227530002594e-02 2.267288789153099060e-02 2.057379670441150665e-02 6.198610644787549973e-03 7.285966537892818451e-03 2.297277003526687622e-02 3.745440021157264709e-02 1.151838619261980057e-02 3.409195691347122192e-03 3.110841149464249611e-03 7.006762549281120300e-03 3.024359233677387238e-02 1.983898319303989410e-02 3.417559713125228882e-02 1.903590559959411621e-02 3.861702233552932739e-02 2.590894140303134918e-02 3.855121880769729614e-02 2.182655967772006989e-02 2.187463454902172089e-02 3.111086785793304443e-02 2.048328146338462830e-02 8.743972517549991608e-03 2.097816020250320435e-02 1.318202354013919830e-02 1.544723194092512131e-02 7.829178124666213989e-03 3.054345725104212761e-04 4.228248726576566696e-03 2.398506924510002136e-02 1.116284262388944626e-02 5.147086828947067261e-02 4.858681187033653259e-02 4.855000879615545273e-03 1.026251353323459625e-02 5.411864840425550938e-04 1.637747325003147125e-02 1.905212923884391785e-02 1.229191757738590240e-02 9.210099466145038605e-03 1.684115268290042877e-02 1.041414774954319000e-02 7.758226245641708374e-03 7.329989690333604813e-03 1.446275319904088974e-02 7.097544614225625992e-03 1.367037999443709850e-03 6.317559164017438889e-03 7.016672752797603607e-03 1.083801686763763428e-02 1.571595668792724609e-02 2.115438692271709442e-02 6.384823471307754517e-03 1.769229583442211151e-02 9.290265850722789764e-03 8.395950309932231903e-03 1.259531080722808838e-02 4.931732080876827240e-03 6.063647102564573288e-03
5.866736546158790588e-02 6.120719015598297119e-02 4.865949973464012146e-03 1.007260754704475403e-03 3.799181664362549782e-03 5.328179895877838135e-02 6.002830713987350464e-02 2.288905158638954163e-02 1.239757239818572998e-02 7.652919739484786987e-03 6.332971155643463135e-02 2.510179206728935242e-02 8.364404439926147461e-01 3.125790134072303772e-02 3.230066597461700439e-02 2.006870880722999573e-02 1.725389063358306885e-02 2.181461779400706291e-03 1.157384831458330154e-02 2.767556905746459961e-02 2.356950938701629639e-02 3.628797456622123718e-02 2.493228390812873840e-02 2.377356030046939850e-02 3.072539344429969788e-02 3.259316831827163696e-02 2.134056948125362396e-02 1.648463681340217590e-02 1.725302264094352722e-02 2.228320948779582977e-02 1.718744821846485138e-02 1.332335360348224640e-02 1.903545111417770386e-02 1.578255370259284973e-02 2.227075397968292236e-02 1.413107290863990784e-02 2.504635788500308990e-02 1.189276389777660370e-02 6.868935190141201019e-03 1.256176643073558807e-02 9.917479939758777618e-03 1.018123980611562729e-02 1.247957441955804825e-02 1.827345578931272030e-03 1.261426805285736918e-04 4.477493930608034134e-03 5.048505961894989014e-02 3.278904780745506287e-02 5.830056034028530121e-03 1.019811071455478668e-02 1.380962226539850235e-02 1.966753229498863220e-02 2.105120755732059479e-02 1.958287693560123444e-02 7.615048089064657688e-04 6.460164673626422882e-03 1.727260649204254150e-02 2.314512431621551514e-02 2.742592245340347290e-02 2.891847491264343262e-02 7.681188173592090607e-03 1.129687950015068054e-02 7.888433523476123810e-03 7.474077399820089340e-03 4.514949768781661987e-02 4.041878134012222290e-02 1.488056965172290802e-02 2.515419758856296539e-02 1.403286959975957870e-02 1.722553372383117676e-02 1.579195074737071991e-02 1.003221701830625534e-02 1.714320480823516846e-02 6.308246403932571411e-03 2.312062121927738190e-02 1.845391816459596157e-04 1.470445003360509872e-02 2.332543395459651947e-02 2.008927753195166588e-03 1.374964043498039246e-02 7.022065110504627228e-03 1.495333109050989151e-02 3.328528022393584251e-03 5.488078575581312180e-03 1.411696802824735641e-02 1.333159301429986954e-02 2.969991788268089294e-02 3.450543805956840515e-02 1.060934551060199738e-02 1.664385385811328888e-02 2.917663007974624634e-02 3.240992128849029541e-02 1.924222707748413086e-02 3.121342696249485016e-02 7.725615054368972778e-03 1.280582696199417114e-02 9.568763896822929382e-03 7.914401590824127197e-03 1.259916927665472031e-02 1.923058927059173584e-02 7.237174082547426224e-03 1.094324607402086258e-02 7.046134211122989655e-03 1.378312520682811737e-02 2.180748124374076724e-04 3.488812129944562912e-03 3.209375427104532719e-05 7.970918901264667511e-03 4.246165510267019272e-03 7.039508782327175140e-03 1.098211761564016342e-02 1.946942647919058800e-03 1.160424202680587769e-02 8.481279015541076660e-03 5.454918835312128067e-03 8.907805196940898895e-03
