8.375254273414611816e-01 6.254799664020538330e-02 6.128798704594373703e-03 1.292042667046189308e-03 1.027252618223428726e-02 5.052304267883300781e-02 3.253012895584106445e-02 1.632322929799556732e-02 7.695230655372142792e-03 1.403086073696613312e-02 4.876505956053733826e-02 2.152316970750689507e-03 1.410868670791387558e-02 6.071720737963914871e-03 9.783941321074962616e-03 1.340721617452800274e-03 7.050001062452793121e-03 1.188061200082302094e-02 3.738716710358858109e-03 3.115269728004932404e-02 4.042635858058929443e-02 5.918055307120084763e-03 6.141010671854019165e-03 7.253809832036495209e-03 2.237399294972419739e-02 1.139161759056150913e-03 1.698693633079528809e-02 3.511396003887057304e-03 2.089564688503742218e-02 6.581118330359458923e-03 3.618608415126800537e-02 3.731250297278165817e-03 1.530374586582183838e-02 1.787842018529772758e-03 2.543266303837299347e-02 8.316814783029258251e-04 8.853655890561640263e-04 2.570208744145929813e-04 1.168897096067667007e-02 1.986680086702108383e-03 1.082972530275583267e-02 2.082537487149238586e-02 5.342021468095481396e-04 2.110528014600276947e-02 2.141578355804085732e-03 1.899959705770015717e-02 3.661025688052177429e-02 1.053938921540975571e-02 3.481489606201648712e-03 2.512590028345584869e-03 1.679407805204391479e-02 1.476688031107187271e-02 1.030291197821497917e-03 1.127724442631006241e-02 5.699387285858392715e-03 3.558573080226778984e-03 1.153100188821554184e-02 2.958096563816070557e-02 6.775319576263427734e-03 2.708057640120387077e-03 1.560910837724804878e-03 1.223624870181083679e-02 1.536905765533447266e-02 1.110511552542448044e-02 1.006538420915603638e-02 2.152078226208686829e-02 2.750543877482414246e-02 1.918304339051246643e-02 8.826595731079578400e-03 2.457595616579055786e-02 1.055887807160615921e-02 2.712605334818363190e-02 1.018453110009431839e-02 2.320533990859985352e-02 3.358125220984220505e-03 1.260702498257160187e-02 9.317121468484401703e-03 1.521677989512681961e-02 2.058797888457775116e-02 2.032138220965862274e-02 2.085258811712265015e-02 3.985837101936340332e-03 7.343855686485767365e-04 1.844447478652000427e-02 1.821994967758655548e-02 2.402639389038085938e-02 1.393191050738096237e-02 2.288326853886246681e-03 6.412229966372251511e-03 7.376311812549829483e-03 1.627293974161148071e-02 2.311280928552150726e-02 3.322368115186691284e-02 2.335769683122634888e-02 1.226505637168884277e-02 5.384099204093217850e-03 2.719520404934883118e-02 1.169818639755249023e-02 5.756242666393518448e-03 5.996752995997667313e-03 2.850013785064220428e-03 6.226959638297557831e-03 3.474179655313491821e-02 2.227461338043212891e-02 3.463314846158027649e-03 4.484262783080339432e-03 2.171823754906654358e-03 3.445602580904960632e-02 1.184455119073390961e-03 4.163347557187080383e-02 2.500339038670063019e-02 7.074550259858369827e-03 2.156780846416950226e-02 1.526085659861564636e-02 1.584287616424262524e-03 4.571822937577962875e-03
6.254799664020538330e-02 8.375254273414611816e-01 1.370793767273426056e-02 1.085868291556835175e-02 2.343728579580783844e-02 2.774874866008758545e-02 4.226755350828170776e-02 1.413147058337926865e-02 9.373255074024200439e-03 5.720186745747923851e-04 5.315092951059341431e-02 1.219741441309452057e-02 6.298255920410156250e-02 6.785041652619838715e-03 9.273503907024860382e-03 1.476509775966405869e-02 1.802191510796546936e-02 1.731218025088310242e-02 5.776534089818596840e-04 1.675066724419593811e-02 1.131334155797958374e-02 1.427657064050436020e-02 1.834535226225852966e-02 6.592517253011465073e-03 9.699140675365924835e-03 2.420490141957998276e-03 6.550294347107410431e-03 2.915337122976779938e-02 5.968901794403791428e-03 2.120672725141048431e-02 1.734640821814537048e-02 1.090466789901256561e-02 2.269622310996055603e-02 7.869606837630271912e-03 2.134376019239425659e-02 8.922739885747432709e-03 1.738925836980342865e-02 2.046239934861660004e-02 3.027273342013359070e-02 1.692248880863189697e-02 2.787166275084018707e-02 1.523744035512208939e-02 1.656310074031352997e-02 1.325188204646110535e-02 3.185958834365010262e-03 1.129190716892480850e-02 2.294507995247840881e-02 1.020479202270507812e-02 3.249454079195857048e-03 2.336036232009064406e-05 1.965795829892158508e-02 1.396924443542957306e-02 2.146046236157417297e-02 2.820278331637382507e-02 3.560185898095369339e-03 4.083423875272274017e-03 1.372282422380521894e-04 9.326544590294361115e-03 2.085511200129985809e-02 2.167295478284358978e-02 5.035480950027704239e-03 2.489154972136020660e-02 7.052817847579717636e-03 2.054352080449461937e-03 9.246236644685268402e-03 7.893036119639873505e-03 1.456792093813419342e-02 9.625867940485477448e-03 1.956723257899284363e-02 5.351755302399396896e-03 2.057829312980175018e-02 3.404898336157202721e-03 1.285165268927812576e-02 1.322462875396013260e-02 1.591231301426887512e-02 9.842168539762496948e-03 1.303882338106632233e-03 5.681204609572887421e-03 2.212538383901119232e-03 1.309918239712715149e-02 1.779424026608467102e-02 1.126673538237810135e-02 6.330076605081558228e-03 1.188848726451396942e-02 2.448435174301266670e-03 1.193820126354694366e-02 1.331584993749856949e-02 2.637999830767512321e-03 2.011124510318040848e-03 1.289313938468694687e-02 1.226995699107646942e-02 8.922626264393329620e-03 2.840002439916133881e-02 1.364471507258713245e-03 1.386794727295637131e-02 1.720604114234447479e-02 1.805235072970390320e-02 5.349865648895502090e-03 1.379958167672157288e-02 1.367232576012611389e-02 1.042151171714067459e-02 1.744711957871913910e-02 2.424158714711666107e-02 1.328870281577110291e-02 2.753884345293045044e-02 1.125918515026569366e-02 3.864068305119872093e-03 1.560707762837409973e-02 9.699380956590175629e-03 2.165658213198184967e-02 2.786918543279170990e-02 1.108601223677396774e-02 1.174972765147686005e-02 1.494465861469507217e-02 1.828724145889282227e-02 9.624402038753032684e-03
6.128798704594373703e-03 1.370793767273426056e-02 8.375254273414611816e-01 2.178090251982212067e-02 1.098074857145547867e-02 6.782351061701774597e-03 2.338413381949067116e-03 4.053702950477600098e-02 1.101582404226064682e-02 3.530671587213873863e-03 3.927251789718866348e-03 4.325797781348228455e-03 6.231246981769800186e-03 2.044363413006067276e-03 7.839194498956203461e-03 1.289027743041515350e-02 2.070919983088970184e-02 1.274950150400400162e-02 1.728208619169890881e-03 2.705903910100460052e-02 2.062747068703174591e-02 1.553932204842567444e-02 1.047170814126729965e-02 1.561432238668203354e-02 8.102721534669399261e-03 1.413845270872116089e-02 1.242591906338930130e-02 4.067966714501380920e-03 3.484869142994284630e-03 3.580566495656967163e-03 2.693760674446821213e-03 2.242397330701351166e-02 2.823148155584931374e-03 2.333838865160942078e-02 1.213183347135782242e-02 2.343976497650146484e-02 2.223813347518444061e-02 3.297741338610649109e-02 1.490891911089420319e-02 1.614317111670970917e-02 1.377297844737768173e-02 4.015706013888120651e-03 1.544460654258728027e-02 3.727114573121070862e-02 2.290227822959423065e-02 1.944513060152530670e-02 2.348681725561618805e-02 1.803570240736007690e-02 4.004598595201969147e-03 1.287646591663360596e-02 8.175381459295749664e-03 9.371475316584110260e-03 7.618324831128120422e-03 1.041314192116260529e-02 2.344546467065811157e-02 2.505057782400399446e-04 2.584587782621383667e-03 8.396650082431733608e-04 2.331137470901012421e-02 1.753814332187175751e-02 2.465715631842613220e-02 5.832850467413663864e-03 3.682660404592752457e-03 6.140035111457109451e-03 1.854237541556358337e-02 1.713803224265575409e-02 2.531054802238941193e-02 3.108520805835723877e-02 5.846207961440086365e-03 1.823310181498527527e-02 2.351073082536458969e-03 1.226702239364385605e-02 1.505261100828647614e-02 7.792396936565637589e-03 2.835583640262484550e-03 1.047149673104286194e-02 1.747689582407474518e-02 9.380700998008251190e-03 3.639631904661655426e-03 7.414641324430704117e-03 3.975641727447509766e-02 1.827264577150344849e-02 7.199249230325222015e-03 9.119753725826740265e-03 5.620390176773071289e-03 1.963365823030471802e-02 1.725416071712970734e-02 2.022404596209526062e-02 1.544908341020345688e-02 1.344799529761075974e-02 1.118915248662233353e-02 2.106914110481739044e-02 1.757927052676677704e-02 1.830635964870452881e-02 2.092642709612846375e-02 2.170815877616405487e-02 1.647314243018627167e-02 1.171857956796884537e-02 1.509216986596584320e-02 1.860129088163375854e-02 2.712977677583694458e-02 2.365977689623832703e-02 2.126857638359069824e-02 2.295656315982341766e-02 6.742446217685937881e-03 1.976546831429004669e-02 3.824369236826896667e-02 1.007110532373189926e-02 2.835056930780410767e-02 7.525464519858360291e-03 2.279724925756454468e-02 2.563182264566421509e-02 8.086700923740863800e-03 1.548566762357950211e-02 1.605093479156494141e-02 1.026422018185257912e-03
1.292042667046189308e-03 1.085868291556835175e-02 2.178090251982212067e-02 8.375254273414611816e-01 9.799191728234291077e-03 3.132086945697665215e-03 3.706294298171997070e-02 9.448179975152015686e-03 2.157828304916620255e-03 3.542914986610412598e-02 1.787657104432582855e-02 2.062747068703174591e-02 2.708856016397476196e-02 1.133590098470449448e-02 1.891125738620758057e-02 2.061294391751289368e-03 6.190964486449956894e-03 3.118849173188209534e-02 4.900428466498851776e-03 1.843052357435226440e-02 1.927947625517845154e-02 4.557514563202857971e-03 1.383107155561447144e-02 3.300138935446739197e-02 2.219767682254314423e-02 3.176163183525204659e-03 1.147225499153137207e-03 1.630133390426635742e-02 1.879172027111053467e-02 7.014321163296699524e-03 7.155825383961200714e-03 3.951547294855117798e-02 1.439278200268745422e-02 3.822536394000053406e-02 1.503745187073945999e-02 1.332255452871322632e-02 1.371691934764385223e-03 2.307846909388899803e-03 1.793043129146099091e-02 1.273069879971444607e-03 1.377248205244541168e-03 6.643069908022880554e-03 1.300175022333860397e-02 1.323031447827816010e-02 8.225990459322929382e-03 8.686794899404048920e-03 2.683465927839279175e-02 2.307767979800701141e-02 2.701737545430660248e-02 4.448544979095458984e-02 1.729416660964488983e-02 1.253123581409454346e-02 5.091020371764898300e-03 6.544519215822219849e-03 7.415201980620622635e-04 3.875785693526268005e-02 2.183163352310657501e-02 1.539697684347629547e-02 1.240776106715202332e-02 1.813654787838459015e-03 3.648703172802925110e-02 9.700750932097434998e-03 2.541028335690498352e-02 3.695956990122795105e-02 2.387129887938499451e-02 2.332549355924129486e-02 2.564144879579544067e-02 2.589971385896205902e-02 4.457032680511474609e-02 8.811395615339279175e-03 3.433238714933395386e-02 1.070589479058980942e-02 5.727574229240417480e-02 5.094174295663833618e-03 3.973873704671859741e-02 2.262714877724647522e-02 3.017579950392246246e-02 3.083705529570579529e-02 7.977363653481006622e-03 2.493440732359886169e-02 1.372508052736520767e-02 5.206507630646228790e-03 3.877067193388938904e-02 2.580834180116653442e-02 2.357591688632965088e-02 3.053166903555393219e-02 1.754003018140792847e-02 1.395957078784704208e-02 4.294813796877861023e-02 3.138916194438934326e-02 4.251716658473014832e-03 1.834139227867126465e-02 1.308863703161478043e-02 9.820978157222270966e-03 2.042167261242866516e-02 1.140767987817525864e-02 2.237699553370475769e-02 1.362917665392160416e-02 2.317906729876995087e-02 2.750035002827644348e-02 3.812691895291209221e-03 1.936749555170536041e-03 6.263490766286849976e-03 1.046741940081119537e-02 6.502950564026832581e-03 5.674674175679683685e-03 3.931896295398473740e-03 4.748914798256009817e-04 2.335605211555957794e-03 9.563362982589751482e-05 1.155297155492007732e-03 1.436669193208217621e-02 7.913020439445972443e-03 3.350901184603571892e-03 3.531095804646611214e-03 5.647465586662292480e-03
1.027252618223428726e-02 2.343728579580783844e-02 1.098074857145547867e-02 9.799191728234291077e-03 8.375254273414611816e-01 1.350556500256061554e-02 8.653818629682064056e-03 1.971092633903026581e-02 1.599367707967758179e-02 2.035020478069782257e-02 2.935828641057014465e-02 1.781919784843921661e-02 2.170737273991107941e-02 7.760231848806142807e-03 2.366318553686141968e-02 2.854258380830287933e-02 3.548880666494369507e-02 2.371031092479825020e-03 3.483220562338829041e-02 7.493020035326480865e-03 3.245126281399279833e-04 2.388579584658145905e-02 2.793578803539276123e-02 2.084410749375820160e-02 6.807158235460519791e-03 2.248881151899695396e-03 2.429827675223350525e-02 2.768068760633468628e-02 1.534568984061479568e-02 2.554790861904621124e-02 1.190232485532760620e-02 8.097819983959197998e-03 1.158766634762287140e-02 1.337570976465940475e-02 7.622457633260637522e-05 2.495018765330314636e-02 2.842291817069053650e-02 1.460674125701189041e-02 2.206622436642646790e-02 3.633918985724449158e-02 1.139065902680158615e-02 1.647879369556903839e-02 5.644191405735909939e-04 1.355634350329637527e-02 2.465170621871948242e-02 1.308010891079902649e-02 4.506339784711599350e-03 1.239599380642175674e-02 1.860097423195838928e-02 9.405065327882766724e-03 3.064982965588569641e-02 1.716481894254684448e-02 3.356386732775717974e-04 1.406656578183174133e-02 1.171069685369729996e-02 1.648044772446155548e-02 2.143399976193904877e-02 3.575802780687808990e-03 2.067427895963191986e-02 9.708563797175884247e-03 7.209078175947070122e-04 2.983086369931697845e-02 1.047692447900772095e-02 1.089195720851421356e-02 9.016946889460086823e-03 1.283234171569347382e-02 6.210610270500183105e-03 2.640055026859045029e-03 2.580304816365242004e-02 1.895607635378837585e-02 4.060392081737518311e-02 9.004863910377025604e-03 2.956063114106655121e-02 2.783112600445747375e-02 4.719933122396469116e-02 1.094557438045740128e-02 5.283133126795291901e-03 1.297903712838888168e-02 1.647185906767845154e-02 3.470689058303833008e-03 1.073424611240625381e-02 7.667577359825372696e-03 2.911200281232595444e-03 2.780389413237571716e-02 1.806035637855529785e-02 5.190835334360599518e-03 1.450888812541961670e-02 1.145842391997575760e-02 3.358356188982725143e-03 1.749588362872600555e-02 1.008721720427274704e-02 2.132710069417953491e-03 6.221640389412641525e-03 4.497296176850795746e-03 3.324258700013160706e-02 4.590221494436264038e-02 6.423184648156166077e-03 3.117561805993318558e-03 2.682214789092540741e-02 1.564758457243442535e-02 3.432469442486763000e-02 3.006549924612045288e-02 1.055512949824333191e-02 7.075303699821233749e-03 3.620166331529617310e-03 1.377164013683795929e-02 3.738726675510406494e-02 9.658798575401306152e-03 1.242388319224119186e-02 3.993745893239974976e-03 1.322588976472616196e-02 6.152920424938201904e-03 2.062700130045413971e-02 2.278624102473258972e-02 2.126249298453330994e-02 8.442654274404048920e-03
5.052304267883300781e-02 2.774874866008758545e-02 6.782351061701774597e-03 3.132086945697665215e-03 1.350556500256061554e-02 8.375254273414611816e-01 6.635802984237670898e-02 1.251353230327367783e-02 6.083995685912668705e-04 2.310111932456493378e-02 2.989728935062885284e-02 2.943160384893417358e-02 2.596721798181533813e-02 3.248402476310729980e-02 2.524998039007186890e-02 1.080610416829586029e-02 1.069779694080352783e-02 1.214824849739670753e-03 3.087769076228141785e-02 2.286742255091667175e-02 4.407310113310813904e-02 2.454879693686962128e-02 1.754010282456874847e-02 1.572887226939201355e-02 3.257644921541213989e-02 3.846635296940803528e-02 1.482802908867597580e-02 2.710088714957237244e-02 3.384099528193473816e-02 2.454669401049613953e-02 1.381431240588426590e-02 1.012386381626129150e-02 1.754052005708217621e-02 4.094888456165790558e-03 1.017303112894296646e-02 4.584854934364557266e-03 1.445339620113372803e-02 1.638533733785152435e-02 7.440433837473392487e-03 1.296214107424020767e-02 1.433060783892869949e-02 4.102856852114200592e-03 1.351331709884107113e-03 3.140093758702278137e-02 1.200880203396081924e-02 3.986345604062080383e-03 5.323453247547149658e-02 1.448255870491266251e-02 1.545158959925174713e-02 2.129564061760902405e-03 2.448657341301441193e-02 3.036218509078025818e-02 2.290009520947933197e-02 1.546650752425193787e-02 1.093115191906690598e-02 1.684828428551554680e-03 3.454224904999136925e-03 1.384023926220834255e-04 1.032982394099235535e-02 2.280006557703018188e-02 1.573918573558330536e-02 1.161535922437906265e-02 1.183785498142242432e-02 1.780846528708934784e-02 1.656686887145042419e-02 1.217924896627664566e-02 5.489476025104522705e-03 1.593955676071345806e-05 1.297452487051486969e-02 6.760226096957921982e-03 4.159064497798681259e-03 7.393226958811283112e-03 1.010677684098482132e-02 1.264163758605718613e-02 6.620668806135654449e-03 2.456100191920995712e-04 9.240370243787765503e-03 1.055387035012245178e-02 1.157753635197877884e-02 1.920397020876407623e-02 1.292179222218692303e-03 1.915965415537357330e-02 3.603961318731307983e-03 1.515322644263505936e-02 1.809972897171974182e-02 1.766114123165607452e-02 1.839253678917884827e-02 3.216492012143135071e-02 9.088574908673763275e-03 1.195887196809053421e-02 6.326227914541959763e-03 7.121579255908727646e-03 3.564909799024462700e-03 6.820758804678916931e-03 3.359497757628560066e-03 1.429446507245302200e-02 6.774128996767103672e-04 4.005899187177419662e-03 3.337749978527426720e-03 5.192555952817201614e-03 1.723488233983516693e-02 1.483822241425514221e-02 3.857263829559087753e-03 6.282145623117685318e-03 2.441051602363586426e-02 2.559236623346805573e-02 1.796985976397991180e-02 9.175026789307594299e-03 4.876658786088228226e-03 1.092161890119314194e-02 8.485012687742710114e-03 5.682614166289567947e-03 7.216791156679391861e-03 1.380826625972986221e-02 1.637693680822849274e-02 3.486881731078028679e-03
3.253012895584106445e-02 4.226755350828170776e-02 2.338413381949067116e-03 3.706294298171997070e-02 8.653818629682064056e-03 6.635802984237670898e-02 8.375254273414611816e-01 3.724138019606471062e-03 1.057097036391496658e-02 2.116418629884719849e-02 4.528580978512763977e-02 3.632187144830822945e-03 3.484032303094863892e-02 2.605150453746318817e-02 9.310221299529075623e-03 8.477864786982536316e-03 7.021657656878232956e-03 2.336112223565578461e-02 7.221210282295942307e-03 3.285375237464904785e-02 3.494187816977500916e-02 1.409731898456811905e-02 1.222259644418954849e-02 2.396876178681850433e-02 3.723766654729843140e-02 1.282862387597560883e-02 7.559677120298147202e-03 1.938734319992363453e-03 1.797879673540592194e-02 9.094828739762306213e-03 1.568557135760784149e-02 9.187671355903148651e-03 1.521056238561868668e-02 2.002912759780883789e-02 8.077758364379405975e-03 1.240692473948001862e-02 4.974564071744680405e-03 4.254042636603116989e-03 6.941561587154865265e-03 1.086810510605573654e-02 1.072458457201719284e-02 7.444157730787992477e-03 1.860804297029972076e-02 5.386811215430498123e-03 3.145569469779729843e-03 1.089122798293828964e-02 5.643362551927566528e-02 5.225320532917976379e-02 5.703544011339545250e-04 1.631502807140350342e-02 8.853467181324958801e-03 2.043362148106098175e-02 8.209596388041973114e-03 1.726874732412397861e-03 1.670577935874462128e-02 1.547837257385253906e-02 8.304120041429996490e-03 9.542091749608516693e-03 1.513240858912467957e-03 8.455181494355201721e-03 2.794496715068817139e-02 1.404727157205343246e-02 6.166058126837015152e-03 1.807834394276142120e-02 3.461617231369018555e-02 2.838959358632564545e-02 2.253387495875358582e-02 1.752253249287605286e-02 2.969433926045894623e-02 1.803547516465187073e-02 1.830535382032394409e-02 1.870657131075859070e-02 2.287636138498783112e-02 5.091800820082426071e-03 1.520598027855157852e-02 1.441471092402935028e-02 1.892915740609169006e-02 1.267133560031652451e-02 2.158094756305217743e-02 1.256165467202663422e-02 1.583761163055896759e-02 7.303458638489246368e-03 2.340352535247802734e-02 1.075845211744308472e-02 1.398344803601503372e-02 1.085874903947114944e-02 3.447715716902166605e-04 3.320227144286036491e-03 3.361116349697113037e-02 1.687390543520450592e-02 2.037947252392768860e-02 2.540898695588111877e-02 2.465039491653442383e-02 2.239459194242954254e-03 2.008432149887084961e-02 3.123908390989527106e-05 1.381667447276413441e-03 6.309810560196638107e-03 8.534952066838741302e-03 1.895103789865970612e-02 7.205632864497601986e-04 2.551668323576450348e-03 2.655135001987218857e-03 1.166828349232673645e-02 1.342768198810517788e-03 7.656503934413194656e-03 2.253751736134290695e-03 1.249606069177389145e-02 4.069818183779716492e-03 1.369563862681388855e-02 2.553600119426846504e-03 3.436269704252481461e-03 1.481873821467161179e-02 5.319733172655105591e-03 1.458602864295244217e-02 5.952107254415750504e-03
1.632322929799556732e-02 1.413147058337926865e-02 4.053702950477600098e-02 9.448179975152015686e-03 1.971092633903026581e-02 1.251353230327367783e-02 3.724138019606471062e-03 8.375254273414611816e-01 2.103288285434246063e-02 6.157119758427143097e-03 1.192949432879686356e-02 1.772230491042137146e-02 1.328954100608825684e-02 1.139778178185224533e-02 5.008196830749511719e-02 8.203915203921496868e-04 5.773094948381185532e-03 4.942550789564847946e-03 2.214241027832031250e-02 1.324132550507783890e-02 1.144516840577125549e-02 3.281700238585472107e-02 5.534204654395580292e-03 1.092540379613637924e-02 2.055737935006618500e-02 1.336552947759628296e-02 1.993836276233196259e-02 1.509935874491930008e-02 4.426464904099702835e-03 1.211513765156269073e-02 2.327632158994674683e-02 1.183172222226858139e-02 3.351748222485184669e-03 1.004200614988803864e-02 8.570555364713072777e-04 2.409271709620952606e-02 2.913605421781539917e-02 4.115292057394981384e-02 1.598889939486980438e-02 1.292630378156900406e-02 2.774793840944766998e-02 4.247632343322038651e-03 7.039565127342939377e-03 7.303326390683650970e-03 2.174442820250988007e-02 2.064576186239719391e-02 1.465395744889974594e-02 1.892682164907455444e-02 2.347876504063606262e-02 5.202261265367269516e-03 2.401744760572910309e-02 2.531370148062705994e-02 9.695624932646751404e-03 1.601031050086021423e-02 1.649331673979759216e-02 2.585000358521938324e-03 3.886448219418525696e-03 1.666317321360111237e-02 1.477927900850772858e-02 2.224136702716350555e-02 1.405072957277297974e-02 1.510916091501712799e-02 1.838658587075769901e-03 6.962073035538196564e-03 1.007292047142982483e-02 1.341554336249828339e-02 1.415574736893177032e-02 4.434185102581977844e-03 9.351058863103389740e-03 2.172802761197090149e-02 1.327575743198394775e-02 2.882843092083930969e-02 1.987858116626739502e-02 2.747713401913642883e-02 2.299512550234794617e-02 1.994656771421432495e-02 8.985911495983600616e-03 8.344540838152170181e-04 8.746373932808637619e-04 4.498495720326900482e-03 4.789068549871444702e-02 3.480605036020278931e-02 1.028259098529815674e-02 1.109842490404844284e-02 9.542278014123439789e-03 8.278208784759044647e-03 4.758746176958084106e-02 4.345348477363586426e-02 2.118491102010011673e-03 1.422832626849412918e-02 1.960785873234272003e-02 2.045176178216934204e-02 2.318128570914268494e-02 3.931849077343940735e-02 2.800324000418186188e-02 3.382059931755065918e-02 1.520853769034147263e-02 2.554497309029102325e-02 4.327026195824146271e-03 2.569938777014613152e-03 2.913696318864822388e-02 2.721215412020683289e-02 2.913389354944229126e-02 3.832428529858589172e-02 4.033935547340661287e-04 1.279992982745170593e-02 1.559045445173978806e-02 1.157910004258155823e-02 3.358267992734909058e-02 1.821170002222061157e-02 3.573762997984886169e-02 2.833653800189495087e-02 7.381155592156574130e-05 3.350711893290281296e-03 3.466393053531646729e-02 2.761550247669219971e-02
7.695230655372142792e-03 9.373255074024200439e-03 1.101582404226064682e-02 2.157828304916620255e-03 1.599367707967758179e-02 6.083995685912668705e-04 1.057097036391496658e-02 2.103288285434246063e-02 8.375254273414611816e-01 2.364135347306728363e-02 1.905941637232899666e-03 1.884546800283715129e-04 1.838117651641368866e-02 3.055754816159605980e-03 6.663042586296796799e-03 9.597662836313247681e-03 1.765132509171962738e-02 3.549518808722496033e-02 1.494428701698780060e-02 7.944090291857719421e-03 1.606310717761516571e-02 3.222234547138214111e-03 2.535451203584671021e-03 4.415924195200204849e-03 1.232233084738254547e-02 2.721992135047912598e-02 9.276695549488067627e-03 1.200415473431348801e-02 9.407752193510532379e-03 1.092376559972763062e-02 7.493002340197563171e-03 8.549912832677364349e-03 7.585131097584962845e-03 8.890743367373943329e-03 1.769855618476867676e-02 1.637603854760527611e-03 1.848789304494857788e-02 1.862504053860902786e-03 2.763182623311877251e-03 6.683009676635265350e-03 2.414606977254152298e-03 4.404012486338615417e-02 8.216705173254013062e-03 1.673952490091323853e-02 1.425696350634098053e-02 2.578234998509287834e-03 2.446494251489639282e-02 1.725200004875659943e-02 4.219646379351615906e-02 1.260677073150873184e-02 3.220353275537490845e-02 1.970037072896957397e-02 3.715149126946926117e-03 7.832581759430468082e-04 5.666067078709602356e-02 7.293086033314466476e-03 4.055027663707733154e-02 2.210557460784912109e-02 6.221373565495014191e-03 1.203154330141842365e-03 3.028048947453498840e-02 1.366038923151791096e-03 1.455551013350486755e-03 6.946503184735774994e-03 1.473486050963401794e-02 1.221965346485376358e-02 5.701075773686170578e-03 8.879855158738791943e-04 3.294291673228144646e-03 2.369554899632930756e-02 1.471645571291446686e-02 2.763991057872772217e-02 1.605612412095069885e-02 8.368718437850475311e-03 2.801421657204627991e-02 2.284837141633033752e-02 7.651723921298980713e-02 3.261181712150573730e-02 5.709515139460563660e-02 3.128702193498611450e-02 7.909499108791351318e-03 4.213382024317979813e-03 4.071785137057304382e-02 6.643504835665225983e-03 3.816374018788337708e-02 1.233875565230846405e-02 1.221801061183214188e-02 5.047541111707687378e-03 3.592815995216369629e-02 1.812525279819965363e-02 9.980811737477779388e-03 9.154801256954669952e-03 1.783394254744052887e-02 5.323773715645074844e-03 1.553288660943508148e-03 8.152885362505912781e-03 1.319350302219390869e-02 2.632732503116130829e-02 1.839942671358585358e-02 1.292753499001264572e-02 1.361774280667304993e-02 2.521853148937225342e-02 1.065956428647041321e-02 6.419140845537185669e-03 6.915504491189494729e-05 4.936772165820002556e-04 2.458384493365883827e-03 6.851578596979379654e-03 2.486187778413295746e-02 2.786486875265836716e-03 6.369847804307937622e-03 7.770002353936433792e-03 1.426091790199279785e-02 1.282066944986581802e-02 1.076702959835529327e-02 4.124537110328674316e-03
1.403086073696613312e-02 5.720186745747923851e-04 3.530671587213873863e-03 3.542914986610412598e-02 2.035020478069782257e-02 2.310111932456493378e-02 2.116418629884719849e-02 6.157119758427143097e-03 2.364135347306728363e-02 8.375254273414611816e-01 1.028934214264154434e-02 2.596650458872318268e-02 1.452294457703828812e-02 4.343427345156669617e-02 4.487836733460426331e-03 3.094719955697655678e-03 1.811413839459419250e-02 2.387448027729988098e-02 3.425997868180274963e-02 1.040321029722690582e-02 1.618970185518264771e-02 1.511949300765991211e-02 2.524639293551445007e-02 3.428277373313903809e-02 1.850829832255840302e-02 1.531451009213924408e-02 2.300307899713516235e-02 1.935509406030178070e-02 2.892439719289541245e-03 2.785180695354938507e-02 1.265006512403488159e-02 2.021347545087337494e-02 5.439980886876583099e-03 2.231757342815399170e-02 1.480124425143003464e-02 3.863795893266797066e-03 2.059094840660691261e-03 6.183555349707603455e-03 6.126951775513589382e-04 1.004579570144414902e-02 1.002352684736251831e-03 6.155435461550951004e-03 1.560293324291706085e-02 1.373813138343393803e-03 1.847803778946399689e-02 3.661310672760009766e-02 1.886522769927978516e-02 1.402445975691080093e-02 2.563382312655448914e-02 5.152148008346557617e-02 8.899951353669166565e-04 1.003448199480772018e-02 2.746767597272992134e-03 3.571232082322239876e-03 3.574606962502002716e-03 4.666849225759506226e-02 3.254303010180592537e-03 2.187329716980457306e-02 8.875022642314434052e-03 7.072479464113712311e-03 3.488412126898765564e-02 1.850832812488079071e-02 7.675915490835905075e-03 1.336022745817899704e-02 2.218205295503139496e-02 2.045758441090583801e-02 1.265391241759061813e-02 1.025668997317552567e-02 2.021530084311962128e-02 2.371849119663238525e-02 5.254962015897035599e-03 4.410929977893829346e-03 2.709390595555305481e-02 2.379763685166835785e-02 1.765230298042297363e-02 9.592765010893344879e-03 4.903091117739677429e-03 6.827835738658905029e-02 2.379782125353813171e-02 5.741208419203758240e-02 1.056215725839138031e-03 1.692292466759681702e-02 1.582404226064682007e-02 5.300989747047424316e-02 2.307760156691074371e-02 4.367285966873168945e-02 1.822572899982333183e-03 8.897394873201847076e-03 1.631061173975467682e-02 1.633205078542232513e-02 1.642482914030551910e-02 1.921176724135875702e-02 1.667900569736957550e-02 6.960317026823759079e-03 7.094087195582687855e-04 1.379809342324733734e-02 3.301398828625679016e-02 5.337143782526254654e-03 2.719640918076038361e-02 2.807172574102878571e-02 1.822289824485778809e-02 1.633126102387905121e-02 1.222488097846508026e-02 1.491679693572223186e-03 6.277178763411939144e-04 3.653443418443202972e-03 1.734451390802860260e-02 1.526953466236591339e-02 1.561884768307209015e-02 2.118396945297718048e-02 1.470867823809385300e-02 2.022875705733895302e-03 7.030545966699719429e-04 1.499259192496538162e-02 2.530448371544480324e-03 6.555665459018200636e-05
4.876505956053733826e-02 5.315092951059341431e-02 3.927251789718866348e-03 1.787657104432582855e-02 2.935828641057014465e-02 2.989728935062885284e-02 4.528580978512763977e-02 1.192949432879686356e-02 1.905941637232899666e-03 1.028934214264154434e-02 8.375254273414611816e-01 1.588710397481918335e-02 5.396711081266403198e-02 8.957327343523502350e-03 6.499965209513902664e-03 3.572010248899459839e-02 3.420748189091682434e-02 1.752646639943122864e-03 8.967137895524501801e-03 3.773800272028893232e-04 1.180132757872343063e-02 1.112287957221269608e-02 2.204368822276592255e-02 1.345616579055786133e-02 6.977556273341178894e-03 4.251216072589159012e-03 1.915962435305118561e-02 2.942102961242198944e-02 8.483720012009143829e-03 2.081555873155593872e-02 2.490609511733055115e-02 1.472580991685390472e-02 1.350991334766149521e-02 1.289038732647895813e-02 1.401509810239076614e-02 3.034090995788574219e-02 2.823014371097087860e-02 1.391090638935565948e-02 3.073173761367797852e-02 2.785306610167026520e-02 1.626148633658885956e-02 3.681100532412528992e-02 1.091852597892284393e-02 1.375050563365221024e-02 1.283495966345071793e-02 1.707211369648575783e-03 4.081658273935317993e-02 1.934408582746982574e-02 1.232521142810583115e-02 8.479425450786948204e-04 9.655479341745376587e-03 9.152022190392017365e-03 3.061537863686680794e-03 1.190801803022623062e-02 2.651435090228915215e-03 5.898592062294483185e-03 4.271853249520063400e-03 1.215317100286483765e-02 1.293767616152763367e-02 1.216251868754625320e-02 1.270650420337915421e-02 2.956833876669406891e-02 8.628051728010177612e-03 6.853559985756874084e-03 2.342794090509414673e-02 2.699688263237476349e-02 1.291964668780565262e-02 8.934725075960159302e-03 3.590991720557212830e-02 2.299952507019042969e-02 2.982746250927448273e-02 1.895071566104888916e-02 2.067863009870052338e-02 1.618498750030994415e-02 1.585782133042812347e-02 4.791882354766130447e-03 3.225931664928793907e-03 1.406833808869123459e-02 6.904853973537683487e-03 1.492101792246103287e-02 1.522837113589048386e-02 6.779630202800035477e-04 6.838328670710325241e-03 2.477406151592731476e-02 8.047136478126049042e-03 1.137745566666126251e-02 3.333038650453090668e-03 1.214707922190427780e-02 6.501107010990381241e-03 1.750836148858070374e-02 1.226928737014532089e-02 1.042951270937919617e-02 4.278986714780330658e-03 1.159730600193142891e-03 3.573051095008850098e-02 3.208027780055999756e-02 1.939245685935020447e-02 4.889339208602905273e-03 1.042278017848730087e-02 1.278318278491497040e-02 2.154815569519996643e-02 1.756900735199451447e-02 2.038530074059963226e-02 1.385369990020990372e-02 1.302029192447662354e-02 8.433249779045581818e-03 3.011352568864822388e-02 1.186267752200365067e-02 1.192375831305980682e-02 9.031518711708486080e-04 2.779367007315158844e-02 1.788002252578735352e-02 2.422642149031162262e-02 7.685454329475760460e-04 1.365500222891569138e-02 5.000971257686614990e-03
2.152316970750689507e-03 1.219741441309452057e-02 4.325797781348228455e-03 2.062747068703174591e-02 1.781919784843921661e-02 2.943160384893417358e-02 3.632187144830822945e-03 1.772230491042137146e-02 1.884546800283715129e-04 2.596650458872318268e-02 1.588710397481918335e-02 8.375254273414611816e-01 1.915767975151538849e-02 6.536144018173217773e-02 1.698915101587772369e-02 2.390833199024200439e-02 2.452901937067508698e-02 1.966615207493305206e-02 2.669874345883727074e-03 6.185011472553014755e-03 7.005172315984964371e-03 1.168113667517900467e-02 2.283592149615287781e-02 1.191588491201400757e-02 6.273134611546993256e-03 2.192589454352855682e-02 9.618523530662059784e-03 5.605145543813705444e-02 2.746991999447345734e-02 5.730905756354331970e-02 1.431415043771266937e-02 1.145496033132076263e-02 1.237060315907001495e-02 4.195876885205507278e-03 5.144702736288309097e-03 1.756836846470832825e-02 1.368237752467393875e-02 4.348786547780036926e-03 2.092786319553852081e-02 1.519970223307609558e-02 1.353816781193017960e-02 1.103246025741100311e-02 7.726648473180830479e-04 6.404489744454622269e-03 4.153510555624961853e-02 4.147954657673835754e-02 1.232371106743812561e-02 4.416674375534057617e-03 2.079811133444309235e-02 5.631878506392240524e-03 1.869473606348037720e-02 2.247331291437149048e-02 9.623897261917591095e-03 2.664904855191707611e-02 1.789066195487976074e-02 5.917205940932035446e-03 1.345261745154857635e-02 3.926650434732437134e-02 1.785291917622089386e-02 2.574008330702781677e-02 9.383586235344409943e-03 1.217906642705202103e-02 2.361705526709556580e-02 3.065857104957103729e-02 1.181149948388338089e-02 3.771634772419929504e-03 1.460117474198341370e-02 1.346564851701259613e-02 2.205344289541244507e-02 1.321129221469163895e-02 4.223774001002311707e-02 4.918452352285385132e-03 3.109300881624221802e-02 1.356583274900913239e-02 3.065431863069534302e-02 9.171546436846256256e-03 2.884622663259506226e-02 2.843593060970306396e-02 8.547615259885787964e-03 1.470779534429311752e-02 2.000306919217109680e-02 1.903601549565792084e-02 8.035619743168354034e-03 1.367427594959735870e-02 1.357528101652860641e-02 8.864516275934875011e-04 2.802344411611557007e-02 2.301050536334514618e-02 1.170422602444887161e-02 5.140054598450660706e-02 1.984121464192867279e-02 1.352336723357439041e-02 2.493652328848838806e-02 3.182530927006155252e-04 1.551654562354087830e-02 1.585227251052856445e-02 5.066872108727693558e-03 1.479794736951589584e-02 2.664996543899178505e-03 3.464005421847105026e-03 1.242962013930082321e-02 1.321091130375862122e-02 1.158173661679029465e-02 1.694442331790924072e-02 6.998477503657341003e-03 1.497235242277383804e-02 6.118395831435918808e-03 1.404264383018016815e-02 2.156809344887733459e-02 1.848798431456089020e-02 2.795489132404327393e-02 3.119103424251079559e-02 7.488039322197437286e-03 6.550880614668130875e-03 1.548925414681434631e-02 2.552070189267396927e-03
1.410868670791387558e-02 6.298255920410156250e-02 6.231246981769800186e-03 2.708856016397476196e-02 2.170737273991107941e-02 2.596721798181533813e-02 3.484032303094863892e-02 1.328954100608825684e-02 1.838117651641368866e-02 1.452294457703828812e-02 5.396711081266403198e-02 1.915767975151538849e-02 8.375254273414611816e-01 6.978271063417196274e-03 4.795955028384923935e-03 3.585782274603843689e-02 2.804459817707538605e-02 7.999450899660587311e-03 8.281321264803409576e-03 4.354579432401806116e-04 7.303041871637105942e-03 1.685303635895252228e-02 2.189841680228710175e-02 9.723169729113578796e-03 1.034570485353469849e-02 6.129390094429254532e-03 4.220385570079088211e-03 3.475923463702201843e-02 6.944044027477502823e-03 2.005205117166042328e-02 1.391987549141049385e-03 7.271339651197195053e-03 2.082970365881919861e-02 1.103254873305559158e-02 1.505627948790788651e-02 2.771080471575260162e-02 2.884246036410331726e-02 1.966098695993423462e-02 3.736721351742744446e-02 3.031188249588012695e-02 2.195588499307632446e-02 1.694633439183235168e-02 7.399361580610275269e-03 3.218981437385082245e-03 6.462130229920148849e-03 2.156970323994755745e-03 2.632821723818778992e-02 9.305830462835729122e-04 1.565146818757057190e-02 5.891277454793453217e-03 2.350901626050472260e-02 1.483087148517370224e-02 9.730205871164798737e-03 1.929936185479164124e-02 6.410329602658748627e-03 2.194491971749812365e-04 4.552182741463184357e-03 1.092455117031931877e-03 1.648309640586376190e-02 1.793459616601467133e-02 1.770722866058349609e-02 3.030256927013397217e-02 1.023222599178552628e-02 1.572061330080032349e-02 2.391803637146949768e-02 4.632836952805519104e-02 9.900203905999660492e-03 6.570757832378149033e-03 3.637708723545074463e-02 3.473230637609958649e-03 3.016043826937675476e-02 3.426225157454609871e-03 2.792021259665489197e-02 6.448042578995227814e-03 2.629167772829532623e-02 3.057740861549973488e-03 2.073967363685369492e-03 4.023871850222349167e-03 1.602654531598091125e-02 5.030023865401744843e-03 1.079890411347150803e-02 7.873654365539550781e-03 8.840496884658932686e-04 5.446583498269319534e-03 2.165073901414871216e-02 5.197152495384216309e-03 1.713065616786479950e-02 9.847162291407585144e-03 6.093611475080251694e-03 1.701707392930984497e-02 3.247498068958520889e-03 1.396424788981676102e-02 1.003454346209764481e-02 8.644820190966129303e-03 3.090522065758705139e-02 2.936232089996337891e-02 1.279125269502401352e-02 6.265899166464805603e-03 1.183461304754018784e-02 1.396503485739231110e-02 2.200321666896343231e-02 2.517771348357200623e-02 2.209068462252616882e-02 1.553528290241956711e-02 9.426505304872989655e-03 1.278753206133842468e-02 1.023435872048139572e-02 1.028369180858135223e-02 2.538578957319259644e-02 1.278359442949295044e-02 3.124240972101688385e-02 2.420243434607982635e-02 1.330495160073041916e-02 1.123864320106804371e-03 2.742472849786281586e-02 6.496863905340433121e-03
