8.210765719413757324e-01 7.190205901861190796e-02 9.733360260725021362e-03 3.346052020788192749e-02 1.194012537598609924e-02 2.081905305385589600e-02 3.816187381744384766e-02 1.875127665698528290e-03 2.872156910598278046e-02 2.992233075201511383e-02 5.300036072731018066e-02 6.341275293380022049e-03 4.905058816075325012e-02 6.279083434492349625e-03 1.155713666230440140e-02 8.901496417820453644e-03 1.834174431860446930e-02 1.656321249902248383e-02 1.415362022817134857e-02 8.766281418502330780e-03 2.506441809237003326e-02 1.340484246611595154e-02 1.292426045984029770e-02 1.684386096894741058e-02 1.153934840112924576e-02 4.562253132462501526e-03 1.619334518909454346e-02 4.256985615938901901e-03 2.192886359989643097e-02 1.196633651852607727e-02 3.521741554141044617e-02 4.816479049623012543e-03 7.119104266166687012e-03 1.580950245261192322e-02 2.751061925664544106e-03 3.117274120450019836e-02 2.404737472534179688e-02 6.264887750148773193e-03 2.216848544776439667e-02 1.669803075492382050e-02 2.421841211616992950e-02 1.847353018820285797e-02 3.707835450768470764e-03 2.034461870789527893e-02 5.313123110681772232e-03 1.919178105890750885e-02 3.058708086609840393e-02 2.690992876887321472e-02 1.733708754181861877e-02 3.266679495573043823e-02 8.424084517173469067e-04 1.549671962857246399e-02 2.957130782306194305e-02 2.193202264606952667e-02 9.534419514238834381e-03 2.261030953377485275e-03 1.906766556203365326e-02 3.813621820881962776e-03 2.495714649558067322e-02 1.079796999692916870e-02 1.250426471233367920e-02 1.006410457193851471e-02 6.595541257411241531e-03 3.004317637532949448e-03 2.226852625608444214e-02 2.099126204848289490e-02 1.179284695535898209e-02 8.068258874118328094e-03 2.378379739820957184e-02 4.805477336049079895e-03 1.401693373918533325e-02 7.474674494005739689e-04 2.491185441613197327e-02 5.584564991295337677e-03 1.897820271551609039e-02 9.852165356278419495e-03 1.994912885129451752e-02 9.320074692368507385e-03 1.283779391087591648e-03 3.229826316237449646e-02 3.638739930465817451e-03 2.300359494984149933e-02 8.748144609853625298e-04 2.386085130274295807e-02 1.273879315704107285e-03 1.090849936008453369e-02 1.127622835338115692e-02 1.957830600440502167e-02 9.217111393809318542e-03 1.568310079164803028e-03 2.309429645538330078e-02 2.302385121583938599e-02 2.176067233085632324e-02 2.403750643134117126e-02 2.135675400495529175e-02 2.233906276524066925e-02 4.517911002039909363e-03 6.843725219368934631e-03 1.028966158628463745e-02 2.144997194409370422e-02 1.670129038393497467e-02 1.170894037932157516e-02 1.484080450609326363e-03 9.508004412055015564e-03 1.641822420060634613e-02 1.196127105504274368e-02 2.640946581959724426e-02 1.399330329149961472e-02 1.811621151864528656e-02 8.399059064686298370e-03 1.199696026742458344e-02 8.041135035455226898e-03 2.114577405154705048e-02 5.088685546070337296e-03 4.788150545209646225e-03 9.917015209794044495e-03
7.190205901861190796e-02 8.210765719413757324e-01 1.356553402729332447e-03 2.416511438786983490e-02 8.033628691919147968e-04 2.006960101425647736e-02 5.104761570692062378e-02 6.641528103500604630e-03 2.145181223750114441e-02 2.138170972466468811e-02 4.053273424506187439e-02 5.752836819738149643e-03 4.954628273844718933e-02 3.883361583575606346e-03 1.373253297060728073e-02 1.452234108000993729e-02 7.610203698277473450e-03 4.772993270307779312e-03 1.549113541841506958e-02 4.096936900168657303e-03 1.806081272661685944e-02 1.523083262145519257e-02 2.902784617617726326e-03 1.138208806514739990e-02 1.374298706650733948e-02 1.021589618176221848e-02 8.488251827657222748e-03 9.034973569214344025e-03 2.046153694391250610e-02 1.021454390138387680e-02 3.421256691217422485e-02 1.735186786390841007e-03 6.821583490818738937e-03 1.611281745135784149e-02 6.287876516580581665e-03 3.246822208166122437e-02 1.426238007843494415e-02 5.968055222183465958e-03 1.567564532160758972e-02 3.233791328966617584e-03 1.906244270503520966e-02 1.172149181365966797e-02 7.341335061937570572e-03 3.297669440507888794e-02 1.568913459777832031e-02 2.718024887144565582e-02 1.571465097367763519e-02 3.009898401796817780e-02 1.004937291145324707e-02 2.761963382363319397e-02 1.408556103706359863e-02 2.361839450895786285e-02 3.105308488011360168e-02 2.043724991381168365e-02 1.740694046020507812e-02 8.624562993645668030e-03 1.614318229258060455e-02 4.930404946208000183e-03 3.086644969880580902e-02 1.950990408658981323e-02 1.943180523812770844e-02 3.266047919169068336e-03 2.781262854114174843e-03 4.903739783912897110e-03 2.256564050912857056e-02 2.147939801216125488e-02 1.019352115690708160e-02 3.161917673423886299e-03 2.350667491555213928e-02 9.788038209080696106e-03 9.782267734408378601e-03 8.498071692883968353e-03 1.643679849803447723e-02 5.921453237533569336e-03 9.369195438921451569e-03 1.947543770074844360e-02 1.793979480862617493e-02 1.261508092284202576e-02 1.149548869580030441e-02 3.638420253992080688e-02 8.254460990428924561e-03 1.269177254289388657e-02 5.357347894459962845e-03 1.414015609771013260e-02 9.181155473925173283e-05 2.241565473377704620e-02 1.073691155761480331e-02 2.400635927915573120e-02 6.107054185122251511e-03 4.124566912651062012e-03 1.962665654718875885e-02 1.413823943585157394e-02 2.792858146131038666e-02 1.315456256270408630e-02 2.272210083901882172e-02 1.487741898745298386e-02 1.576495543122291565e-02 1.018903683871030807e-02 1.598049700260162354e-02 2.107823826372623444e-02 2.906576171517372131e-02 1.677388697862625122e-02 1.146746706217527390e-02 4.401894286274909973e-03 1.599670387804508209e-02 1.793374679982662201e-02 4.266769811511039734e-02 8.729229681193828583e-03 2.736339531838893890e-02 7.413276471197605133e-03 1.205126103013753891e-02 6.499616429209709167e-03 8.131452836096286774e-03 1.761320047080516815e-02 1.930610835552215576e-02 1.734610646963119507e-02
9.733360260725021362e-03 1.356553402729332447e-03 8.210765719413757324e-01 1.840468682348728180e-02 1.124217920005321503e-02 1.540557015687227249e-03 3.127899253740906715e-03 3.965531662106513977e-02 2.512546814978122711e-02 1.711476966738700867e-02 4.424841143190860748e-03 1.139380619861185551e-03 7.681476883590221405e-03 3.002665471285581589e-03 1.326239388436079025e-02 2.521641552448272705e-03 3.065973334014415741e-02 2.774559706449508667e-02 1.455735415220260620e-03 1.797284185886383057e-02 2.545404434204101562e-02 1.749478653073310852e-02 6.436997093260288239e-03 2.068708650767803192e-02 7.990457117557525635e-03 1.009439211338758469e-02 2.061864174902439117e-02 3.105528652667999268e-03 2.175612375140190125e-03 9.403739124536514282e-03 1.760743185877799988e-02 7.527150213718414307e-03 3.772481111809611320e-03 1.884194090962409973e-02 1.403319835662841797e-02 5.456714890897274017e-03 1.626853644847869873e-02 1.577202789485454559e-02 1.647013355977833271e-03 1.499170623719692230e-02 1.238550175912678242e-03 3.483608830720186234e-03 1.036442909389734268e-02 3.981357812881469727e-02 2.834645472466945648e-02 1.419800892472267151e-02 1.732616126537322998e-02 5.860395613126456738e-04 1.829622872173786163e-02 2.119150944054126740e-02 1.727019436657428741e-02 1.390700787305831909e-02 1.813004538416862488e-02 2.243749052286148071e-02 2.266573347151279449e-02 1.055928133428096771e-02 1.659210392972454429e-04 1.430487446486949921e-02 1.226399093866348267e-02 1.356341876089572906e-02 1.232369616627693176e-02 3.508192487061023712e-03 1.155866030603647232e-02 1.038975454866886139e-02 3.274385526310652494e-04 1.481204293668270111e-03 2.832851372659206390e-02 2.841402776539325714e-02 3.615546273067593575e-03 1.971895992755889893e-02 7.239175494760274887e-03 3.080572746694087982e-02 1.951517909765243530e-02 2.280121855437755585e-02 2.475504204630851746e-02 1.315786596387624741e-02 2.812041528522968292e-02 1.943136751651763916e-02 3.958143352065235376e-04 1.434767525643110275e-02 5.138393491506576538e-02 4.301186650991439819e-02 8.658957667648792267e-03 2.538577094674110413e-02 2.922991663217544556e-02 1.172440499067306519e-02 2.184106409549713135e-02 1.671290770173072815e-02 1.918661035597324371e-02 3.796602832153439522e-04 1.290542772039771080e-03 1.257652137428522110e-02 1.669717137701809406e-03 1.224714983254671097e-02 2.323586493730545044e-02 9.272764436900615692e-03 4.822470247745513916e-03 2.843396924436092377e-02 1.419134251773357391e-02 2.186263911426067352e-03 1.259522605687379837e-02 5.868759471923112869e-03 1.587246917188167572e-02 3.036687523126602173e-02 2.704542502760887146e-02 1.722881756722927094e-02 2.429974824190139771e-02 1.707396702840924263e-03 3.980637062340974808e-03 2.418849617242813110e-03 2.797656226903200150e-03 6.862226407974958420e-03 2.132373489439487457e-02 2.021392993628978729e-02 3.476182371377944946e-02 1.688797601673286408e-05
3.346052020788192749e-02 2.416511438786983490e-02 1.840468682348728180e-02 8.210765719413757324e-01 6.051912158727645874e-02 4.443515092134475708e-03 1.452167890965938568e-02 1.055396907031536102e-02 2.699651755392551422e-02 2.090181037783622742e-02 2.382760681211948395e-02 7.986950688064098358e-03 1.885981485247612000e-02 1.572375418618321419e-03 9.959024377167224884e-03 1.729496382176876068e-02 3.417692705988883972e-02 8.700793609023094177e-03 2.125767990946769714e-03 2.845560433343052864e-03 2.022381685674190521e-02 3.191188210621476173e-03 9.468484669923782349e-03 9.702977724373340607e-03 2.001242153346538544e-02 1.825639978051185608e-02 1.293410453945398331e-02 1.253710407763719559e-02 2.164235152304172516e-02 1.432699896395206451e-02 1.666469126939773560e-02 1.667872257530689240e-02 3.011411614716053009e-02 9.124736301600933075e-03 2.066376432776451111e-02 1.026458106935024261e-02 8.611849509179592133e-03 7.607406005263328552e-04 3.664271533489227295e-02 3.865860030055046082e-02 1.523460727185010910e-03 1.171648222953081131e-02 1.241360325366258621e-03 7.773967459797859192e-03 1.550153736025094986e-02 2.033785218372941017e-03 2.496193535625934601e-02 8.130491711199283600e-03 8.380685932934284210e-03 2.820295654237270355e-02 2.303123101592063904e-02 1.075032632797956467e-02 1.903486065566539764e-02 1.929312944412231445e-02 2.497559972107410431e-02 1.310942787677049637e-02 4.392191767692565918e-02 2.000464126467704773e-02 3.022994287312030792e-02 1.777868159115314484e-02 2.103730291128158569e-02 2.766240760684013367e-02 3.624167665839195251e-02 2.620261162519454956e-02 3.758724033832550049e-02 2.741308510303497314e-02 1.238896138966083527e-02 1.089965272694826126e-02 2.856901101768016815e-02 1.392035000026226044e-02 3.889715671539306641e-02 5.967153236269950867e-03 5.748999863862991333e-02 4.460630938410758972e-03 5.207199230790138245e-02 6.964539177715778351e-03 8.052304387092590332e-03 2.503897994756698608e-03 1.320395851507782936e-03 2.599667944014072418e-02 4.612019751220941544e-03 1.780852116644382477e-02 3.718675673007965088e-02 2.819254063069820404e-03 9.794333018362522125e-03 2.427000552415847778e-03 4.446257837116718292e-03 7.005160441622138023e-04 6.722749210894107819e-03 1.917442493140697479e-02 1.765703968703746796e-02 3.182850312441587448e-03 1.730533502995967865e-02 8.711568079888820648e-04 1.547119673341512680e-02 1.311777625232934952e-02 1.055562519468367100e-03 2.242732234299182892e-02 1.170853059738874435e-02 1.760539249517023563e-03 2.357786754146218300e-03 1.262464560568332672e-02 1.222420763224363327e-02 1.295868400484323502e-02 3.718701377511024475e-02 1.929845847189426422e-02 7.137454114854335785e-03 4.528552293777465820e-02 3.483745735138654709e-03 1.795826852321624756e-02 1.904720091260969639e-03 4.669099114835262299e-03 1.069948729127645493e-02 1.099195913411676884e-03 8.963662199676036835e-03 1.167853176593780518e-02
1.194012537598609924e-02 8.033628691919147968e-04 1.124217920005321503e-02 6.051912158727645874e-02 8.210765719413757324e-01 8.340146392583847046e-03 1.147513743489980698e-02 1.386695355176925659e-02 2.810066565871238708e-02 1.473442744463682175e-02 1.649706624448299408e-02 1.753182895481586456e-02 4.692468326538801193e-03 6.521303206682205200e-03 1.977656269446015358e-03 2.694627828896045685e-02 3.664604201912879944e-02 1.009727828204631805e-02 1.784945052349939942e-04 4.642331507056951523e-03 1.342647708952426910e-02 8.019269444048404694e-03 4.949508234858512878e-03 6.216655310709029436e-05 2.286880649626255035e-02 3.388797491788864136e-02 4.763273056596517563e-03 2.149261906743049622e-02 7.494507823139429092e-03 1.752359606325626373e-02 7.071487605571746826e-03 2.092119678854942322e-02 3.103566169738769531e-02 1.402993220835924149e-03 3.045632317662239075e-02 5.293019115924835205e-03 1.816594414412975311e-02 6.600808817893266678e-03 4.338600859045982361e-02 5.046088621020317078e-02 1.715716673061251640e-03 1.022332464344799519e-03 1.548305898904800415e-02 1.870842650532722473e-02 1.450162567198276520e-02 1.402288209646940231e-02 1.618114672601222992e-02 1.863308250904083252e-03 5.358677357435226440e-03 1.659874804317951202e-02 3.404008597135543823e-02 2.263832278549671173e-02 1.238227542489767075e-02 1.688428595662117004e-02 1.005642674863338470e-02 1.763751730322837830e-02 3.965367004275321960e-02 2.246319316327571869e-02 1.816728152334690094e-02 1.840972900390625000e-02 1.103417202830314636e-02 2.657818421721458435e-02 4.304944351315498352e-02 3.598334640264511108e-02 2.557291276752948761e-02 1.595394127070903778e-02 2.176804409828037024e-04 8.971618488430976868e-03 2.079671807587146759e-02 2.241995744407176971e-02 3.763102740049362183e-02 1.634589629247784615e-03 5.943225324153900146e-02 1.067028846591711044e-03 6.817044317722320557e-02 3.480422310531139374e-03 6.203422788530588150e-03 1.133560575544834137e-02 1.301492913626134396e-03 1.377493981271982193e-02 1.587932696565985680e-03 1.821743935579434037e-04 2.515994571149349213e-02 1.124690845608711243e-02 2.024387009441852570e-03 7.149913348257541656e-03 6.567574571818113327e-03 1.150399912148714066e-02 1.294580986723303795e-03 1.799288205802440643e-02 1.820909790694713593e-02 3.582087345421314240e-03 7.529832888394594193e-03 6.515099667012691498e-03 2.516843378543853760e-02 1.538792066276073456e-02 6.386789958924055099e-03 1.907348446547985077e-02 9.261498227715492249e-03 5.886941216886043549e-03 5.313683301210403442e-03 5.101347342133522034e-03 2.159213647246360779e-02 1.258975733071565628e-02 3.050868585705757141e-02 1.319306064397096634e-02 1.703893940430134535e-05 4.720256105065345764e-02 1.381553895771503448e-02 1.887173578143119812e-02 2.788597950711846352e-03 4.501847550272941589e-03 6.993360584601759911e-04 1.759669929742813110e-02 1.754227466881275177e-02 2.518294937908649445e-02
2.081905305385589600e-02 2.006960101425647736e-02 1.540557015687227249e-03 4.443515092134475708e-03 8.340146392583847046e-03 8.210765719413757324e-01 4.635184258222579956e-02 4.249195102602243423e-03 1.500959321856498718e-02 8.803308010101318359e-03 1.775137335062026978e-02 5.756296962499618530e-02 1.713242940604686737e-02 4.484887421131134033e-02 4.830218385905027390e-03 2.085247822105884552e-02 3.614681214094161987e-02 7.420345675200223923e-03 3.384205326437950134e-02 2.817424759268760681e-02 2.881683968007564545e-02 1.561746001243591309e-02 4.490024223923683167e-02 2.740831486880779266e-02 2.032863162457942963e-02 1.166611257940530777e-02 2.832353347912430763e-03 4.833973571658134460e-02 2.572995051741600037e-02 3.561685234308242798e-02 2.054414525628089905e-02 3.024603426456451416e-02 5.623888690024614334e-03 1.120108179748058319e-02 6.226831581443548203e-03 1.664340123534202576e-02 8.309231139719486237e-03 1.329444721341133118e-02 1.585728605277836323e-03 2.534120157361030579e-02 3.428775118663907051e-03 1.698729209601879120e-02 2.113096229732036591e-02 8.036042563617229462e-03 1.483953383285552263e-04 1.141269784420728683e-02 3.335974365472793579e-02 4.106016457080841064e-02 1.914171298267319798e-04 2.007329650223255157e-02 1.026675221510231495e-03 8.977048099040985107e-03 1.419556699693202972e-02 1.715284958481788635e-02 5.182662978768348694e-03 3.757314383983612061e-02 3.645708784461021423e-03 1.155105978250503540e-02 1.262624561786651611e-02 6.513725500553846359e-03 2.264311350882053375e-02 4.599432274699211121e-02 4.900712054222822189e-03 6.813304964452981949e-03 5.058572161942720413e-03 1.079462817870080471e-03 1.750798337161540985e-02 1.520703453570604324e-02 2.597204037010669708e-02 5.507816676981747150e-04 5.004971101880073547e-02 2.387243323028087616e-03 9.340760298073291779e-03 1.078208815306425095e-02 2.006698586046695709e-02 7.952188141644001007e-03 1.933021843433380127e-02 5.936095025390386581e-03 2.861719345673918724e-03 3.853651229292154312e-03 9.244891814887523651e-03 9.997286833822727203e-03 1.560423336923122406e-02 3.707378346007317305e-04 1.837422326207160950e-02 1.230932399630546570e-02 1.155619788914918900e-02 4.188262391835451126e-03 1.310992520302534103e-02 7.078885100781917572e-03 3.068668767809867859e-02 1.242224313318729401e-02 3.335608169436454773e-02 1.061717513948678970e-03 2.885817084461450577e-03 3.965742420405149460e-03 9.102247655391693115e-03 6.922025699168443680e-03 7.564237806946039200e-03 5.839855410158634186e-03 3.226253669708967209e-03 1.845298148691654205e-02 1.801977120339870453e-02 2.370502799749374390e-02 7.225854787975549698e-03 3.850286593660712242e-03 1.458593364804983139e-02 4.467542748898267746e-03 1.320181135088205338e-02 2.151862252503633499e-03 1.681731082499027252e-02 4.373005591332912445e-03 1.356645114719867706e-02 8.138433098793029785e-03 3.421292174607515335e-03 2.383247483521699905e-03
3.816187381744384766e-02 5.104761570692062378e-02 3.127899253740906715e-03 1.452167890965938568e-02 1.147513743489980698e-02 4.635184258222579956e-02 8.210765719413757324e-01 1.814591139554977417e-02 3.242253558710217476e-03 1.842493889853358269e-03 3.454127907752990723e-02 2.733630314469337463e-02 3.885972127318382263e-02 2.567092515528202057e-02 2.788759581744670868e-02 5.392826162278652191e-03 3.884778125211596489e-03 1.363557484000921249e-02 2.284344471991062164e-02 1.929063163697719574e-02 2.672080136835575104e-02 3.062143363058567047e-02 1.820955798029899597e-02 1.981558743864297867e-03 1.231077592819929123e-02 4.371231887489557266e-03 9.301920421421527863e-03 1.763927377760410309e-02 2.672591060400009155e-02 1.836616359651088715e-02 3.197228163480758667e-02 9.357209317386150360e-03 1.465297676622867584e-02 5.078661721199750900e-03 8.820499293506145477e-03 2.459348738193511963e-02 6.072040647268295288e-03 2.665693499147891998e-02 1.108984649181365967e-02 5.911045707762241364e-03 1.680204831063747406e-02 3.091231221333146095e-03 8.490794571116566658e-04 1.962511055171489716e-02 1.022441312670707703e-02 5.402149632573127747e-03 2.706084586679935455e-02 4.593382775783538818e-02 1.752543821930885315e-02 2.945034019649028778e-02 1.095311599783599377e-03 1.305087353102862835e-03 3.126183524727821350e-02 3.044889867305755615e-02 1.029759296216070652e-03 5.235454998910427094e-03 1.070528570562601089e-02 1.509374473243951797e-02 2.467496506869792938e-02 2.016166970133781433e-02 2.125608501955866814e-03 1.353635918349027634e-02 6.010581739246845245e-03 1.237736735492944717e-02 2.211029827594757080e-02 2.597292140126228333e-02 1.060375850647687912e-02 9.431136772036552429e-03 3.067312762141227722e-03 1.483514718711376190e-02 4.378259473014622927e-04 3.671579994261264801e-03 6.770364940166473389e-03 5.522012710571289062e-03 3.096872707828879356e-03 7.173385005444288254e-03 1.201453153043985367e-02 1.093271374702453613e-02 6.315006408840417862e-03 7.369210012257099152e-03 2.430927380919456482e-02 1.515514595666900277e-04 1.694152597337961197e-04 4.453900735825300217e-03 1.380324014462530613e-03 3.085446311160922050e-03 1.888736709952354431e-02 3.640869259834289551e-02 2.236225642263889313e-02 2.308932319283485413e-02 3.169236332178115845e-02 2.807114087045192719e-02 3.659198060631752014e-02 1.762727834284305573e-02 1.187795586884021759e-02 6.122007500380277634e-03 5.300109740346670151e-03 3.562927944585680962e-03 7.002463098615407944e-03 1.218701899051666260e-02 1.092184148728847504e-02 1.013993006199598312e-02 1.007821690291166306e-02 8.770428597927093506e-03 2.541518025100231171e-02 2.404668740928173065e-02 1.422082073986530304e-02 1.253027748316526413e-02 1.663862727582454681e-02 1.485409680753946304e-02 2.988648787140846252e-02 1.147435512393712997e-02 7.736916188150644302e-03 4.206181038171052933e-03 7.559016346931457520e-03 8.515975787304341793e-05
1.875127665698528290e-03 6.641528103500604630e-03 3.965531662106513977e-02 1.055396907031536102e-02 1.386695355176925659e-02 4.249195102602243423e-03 1.814591139554977417e-02 8.210765719413757324e-01 9.011352434754371643e-03 2.361076511442661285e-02 2.354313060641288757e-02 1.836235634982585907e-02 2.194672077894210815e-02 2.060350216925144196e-02 5.215499177575111389e-02 7.083779666572809219e-03 2.263347851112484932e-03 1.379134040325880051e-02 1.216520555317401886e-02 8.445081301033496857e-03 9.555562282912433147e-04 3.168360516428947449e-02 1.399634312838315964e-02 1.235517580062150955e-02 1.615066826343536377e-02 2.042075246572494507e-02 1.754752174019813538e-02 1.143218297511339188e-02 1.605848781764507294e-02 1.278772018849849701e-02 1.043464615941047668e-02 2.347546163946390152e-03 3.317038342356681824e-02 7.278364617377519608e-03 2.176392823457717896e-02 1.716897636651992798e-02 1.617467962205410004e-02 1.919812895357608795e-02 1.721748337149620056e-02 5.502453073859214783e-03 3.692688653245568275e-03 1.913435291498899460e-03 8.783377707004547119e-03 1.410236116498708725e-02 1.091306097805500031e-02 8.995403535664081573e-03 8.539105765521526337e-03 8.712853305041790009e-03 5.046272184699773788e-03 3.613534849137067795e-03 2.471260726451873779e-02 3.053459338843822479e-02 2.347624488174915314e-02 1.703809760510921478e-02 1.064093667082488537e-03 1.613028347492218018e-02 3.335111215710639954e-02 1.939044706523418427e-02 1.056511700153350830e-02 3.421070426702499390e-02 2.530812285840511322e-03 1.177927386015653610e-02 1.552272029221057892e-02 2.318492904305458069e-02 2.209176123142242432e-02 3.006903454661369324e-02 8.687486872076988220e-03 6.061531137675046921e-03 8.792217820882797241e-03 2.846500836312770844e-02 2.095765061676502228e-02 2.456570602953433990e-02 1.057971082627773285e-02 1.170127559453248978e-02 7.008446380496025085e-03 1.049855072051286697e-02 2.169388346374034882e-02 3.101479448378086090e-02 5.749984644353389740e-03 1.732634380459785461e-02 4.886779189109802246e-02 5.566293001174926758e-02 1.128299534320831299e-02 4.496542736887931824e-03 1.717184484004974365e-02 7.839662954211235046e-03 4.573789983987808228e-02 4.429800435900688171e-02 3.412859141826629639e-02 2.266149222850799561e-02 1.689639315009117126e-02 3.096122667193412781e-02 2.538940496742725372e-02 2.284688688814640045e-02 2.528522349894046783e-02 9.955488145351409912e-03 1.326086837798357010e-02 2.456544898450374603e-03 2.794041531160473824e-03 1.291496492922306061e-02 1.547115109860897064e-02 4.849897697567939758e-03 9.640139527618885040e-03 7.530814502388238907e-03 1.405342761427164078e-02 2.755752950906753540e-02 3.052452020347118378e-02 1.675826869904994965e-02 9.091477259062230587e-04 1.461656391620635986e-02 8.275646716356277466e-03 4.582508117891848087e-04 9.330083616077899933e-03 2.469113329425454140e-03 2.636351808905601501e-02 5.110139958560466766e-03
2.872156910598278046e-02 2.145181223750114441e-02 2.512546814978122711e-02 2.699651755392551422e-02 2.810066565871238708e-02 1.500959321856498718e-02 3.242253558710217476e-03 9.011352434754371643e-03 8.210765719413757324e-01 4.176081344485282898e-02 2.083374001085758209e-02 2.242150530219078064e-02 1.982725597918033600e-02 2.050063386559486389e-02 1.101256348192691803e-03 7.227880414575338364e-03 2.106585912406444550e-02 5.037512630224227905e-02 2.989342901855707169e-03 2.757004695013165474e-03 1.094855275005102158e-02 6.489653605967760086e-03 3.065832518041133881e-02 1.359851472079753876e-02 7.490226067602634430e-03 7.219662802526727319e-05 1.802984625101089478e-02 1.125536300241947174e-02 1.272341515868902206e-02 1.084181852638721466e-02 1.008379925042390823e-02 4.055277258157730103e-02 3.307353937998414040e-03 2.535305172204971313e-02 2.188229933381080627e-03 1.394683774560689926e-02 2.234502322971820831e-02 8.416199125349521637e-03 1.381186116486787796e-02 2.491186559200286865e-02 2.477814070880413055e-02 3.564820857718586922e-03 5.495404358953237534e-03 3.324279095977544785e-03 8.711460977792739868e-03 5.321576260030269623e-03 1.529916375875473022e-02 1.460689958184957504e-02 3.036876581609249115e-02 2.251642569899559021e-02 2.639812882989645004e-03 1.712664403021335602e-02 1.197992591187357903e-03 1.249998249113559723e-02 3.062371723353862762e-02 4.251895006746053696e-03 1.645182818174362183e-02 1.047951914370059967e-02 1.537693757563829422e-02 9.797155857086181641e-03 1.135084219276905060e-02 1.920501329004764557e-02 3.385405242443084717e-02 7.603723555803298950e-03 1.254045683890581131e-02 1.509778294712305069e-02 1.458834111690521240e-02 2.150187455117702484e-02 6.204329431056976318e-03 6.015016697347164154e-03 2.661632932722568512e-02 9.459455613978207111e-04 3.786472976207733154e-02 1.457489840686321259e-02 4.245829954743385315e-02 1.995310187339782715e-02 7.669626921415328979e-02 2.176400460302829742e-02 5.002463702112436295e-03 2.374316006898880005e-02 1.971806213259696960e-02 1.037783082574605942e-02 2.538449317216873169e-02 3.257977589964866638e-02 1.074621453881263733e-02 4.222393035888671875e-03 8.455571718513965607e-03 1.251840963959693909e-02 4.834669083356857300e-02 1.223724707961082458e-02 7.687913603149354458e-04 5.650884937494993210e-03 7.938168942928314209e-03 2.913802862167358398e-03 9.202565997838973999e-03 6.875834893435239792e-03 8.240035735070705414e-03 3.877547336742281914e-03 6.456177216023206711e-03 9.596214629709720612e-03 3.877556184306740761e-03 1.324097160249948502e-03 1.061686634784564376e-04 2.535254135727882385e-02 3.531918302178382874e-02 2.179981209337711334e-02 2.803439274430274963e-03 1.999068260192871094e-02 9.713227860629558563e-03 2.014651708304882050e-02 1.340444106608629227e-02 8.869098499417304993e-03 6.832536309957504272e-03 5.848402157425880432e-03 3.016025573015213013e-02 7.797552272677421570e-03
2.992233075201511383e-02 2.138170972466468811e-02 1.711476966738700867e-02 2.090181037783622742e-02 1.473442744463682175e-02 8.803308010101318359e-03 1.842493889853358269e-03 2.361076511442661285e-02 4.176081344485282898e-02 8.210765719413757324e-01 7.767584174871444702e-03 1.945719495415687561e-02 4.638205748051404953e-03 3.604877740144729614e-02 2.540975436568260193e-02 1.635316759347915649e-02 8.061129599809646606e-03 3.042052267119288445e-03 1.874765753746032715e-02 8.623083122074604034e-03 1.346814911812543869e-02 2.307806536555290222e-02 3.067080676555633545e-02 3.935326263308525085e-02 5.437315907329320908e-03 5.616869311779737473e-03 3.172214329242706299e-02 4.789937520399689674e-04 1.592474244534969330e-02 8.242733776569366455e-03 1.567509840242564678e-03 1.476255152374505997e-02 1.394222583621740341e-02 2.028613910079002380e-02 2.255130931735038757e-02 3.020127769559621811e-04 1.113876327872276306e-02 2.781981974840164185e-02 7.489929907023906708e-03 2.659080084413290024e-03 8.739661425352096558e-03 5.909899249672889709e-03 2.417127415537834167e-02 1.412815414369106293e-03 6.217115558683872223e-03 3.064703382551670074e-02 7.106830365955829620e-03 5.218339152634143829e-03 4.291299264878034592e-03 5.628300830721855164e-02 1.940642669796943665e-02 3.768595680594444275e-02 5.158169660717248917e-03 1.345883589237928391e-02 1.266452483832836151e-02 3.197978436946868896e-02 8.826022967696189880e-03 2.441760525107383728e-02 2.038433589041233063e-02 2.390636131167411804e-02 2.178580500185489655e-02 1.832050329539924860e-04 3.605818841606378555e-03 1.656980998814105988e-02 1.196955796331167221e-02 1.520377863198518753e-02 3.569141030311584473e-03 1.516424585133790970e-02 8.853368461132049561e-03 2.519429847598075867e-02 6.828705780208110809e-03 5.448294337838888168e-03 3.031645528972148895e-02 2.643544785678386688e-02 2.668296359479427338e-02 2.164265327155590057e-02 2.944072894752025604e-02 5.353321135044097900e-02 1.603101566433906555e-02 5.338367447257041931e-02 3.286267071962356567e-02 2.524696849286556244e-02 1.806253381073474884e-02 3.217922523617744446e-02 1.360708265565335751e-03 2.965516783297061920e-02 2.802603319287300110e-02 2.486380189657211304e-02 2.667056024074554443e-02 2.601870521903038025e-02 1.029071304947137833e-02 2.110213600099086761e-02 1.390304509550333023e-02 3.456789301708340645e-03 1.455338555388152599e-03 7.227818015962839127e-03 4.242277145385742188e-02 1.279990654438734055e-02 1.943880692124366760e-02 2.126037143170833588e-02 8.764801546931266785e-03 1.156987808644771576e-02 1.724125817418098450e-02 2.430681139230728149e-02 1.362708164379000664e-03 1.597952842712402344e-02 5.805650725960731506e-03 8.257687441073358059e-04 1.447044219821691513e-02 1.317843701690435410e-02 1.816009916365146637e-02 6.169419270008802414e-03 3.549809567630290985e-03 1.672410592436790466e-02 2.720649121329188347e-03 1.768693700432777405e-02
5.300036072731018066e-02 4.053273424506187439e-02 4.424841143190860748e-03 2.382760681211948395e-02 1.649706624448299408e-02 1.775137335062026978e-02 3.454127907752990723e-02 2.354313060641288757e-02 2.083374001085758209e-02 7.767584174871444702e-03 8.210765719413757324e-01 6.916930433362722397e-03 5.608595162630081177e-02 2.488771453499794006e-03 3.108632005751132965e-02 5.635265726596117020e-03 8.462420664727687836e-03 2.114306576550006866e-02 2.056660689413547516e-02 2.231227606534957886e-02 2.764354832470417023e-02 4.168298840522766113e-02 1.010099891573190689e-02 3.122251015156507492e-03 2.232328429818153381e-02 1.459402777254581451e-02 9.576599113643169403e-03 1.214630808681249619e-02 2.924264408648014069e-02 9.453319013118743896e-03 4.368728771805763245e-02 1.603476935997605324e-03 1.976611465215682983e-02 5.912454798817634583e-04 1.567647978663444519e-02 2.048441767692565918e-02 2.150085940957069397e-02 6.593303289264440536e-03 2.893889322876930237e-02 1.588092558085918427e-02 1.155179738998413086e-02 9.550211019814014435e-03 1.237288489937782288e-02 3.329309634864330292e-03 6.896024569869041443e-03 5.938377697020769119e-03 3.094309195876121521e-02 3.265836462378501892e-02 2.445482276380062103e-02 1.804829575121402740e-02 1.298210676759481430e-02 3.891179570928215981e-03 3.028518706560134888e-02 2.540310472249984741e-02 1.534399855881929398e-02 9.447147022001445293e-06 3.162656351923942566e-02 1.749407872557640076e-02 1.517404709011316299e-02 1.595288701355457306e-02 6.069121882319450378e-03 4.659230820834636688e-03 6.084669847041368484e-03 1.807912252843379974e-02 3.165868669748306274e-02 3.999232500791549683e-02 1.725545525550842285e-02 1.806140132248401642e-02 1.439763326197862625e-02 2.878241054713726044e-02 1.705039851367473602e-02 3.017666563391685486e-02 1.448023598641157150e-02 1.071928255259990692e-02 1.586926542222499847e-02 4.018711042590439320e-04 1.023177243769168854e-02 7.329510990530252457e-03 5.453316960483789444e-03 1.915670931339263916e-02 1.175481732934713364e-02 7.142124697566032410e-03 1.245361845940351486e-02 5.755364429205656052e-03 1.702888635918498039e-03 1.666943076997995377e-03 3.456331789493560791e-02 2.750052325427532196e-02 4.907788243144750595e-04 4.695378709584474564e-03 3.216895833611488342e-02 4.059946537017822266e-02 3.314891085028648376e-02 3.766676038503646851e-02 2.722893469035625458e-02 3.335613757371902466e-02 5.613315384835004807e-03 1.392692094668745995e-03 1.312865782529115677e-02 1.165919005870819092e-02 2.377265319228172302e-02 2.283253148198127747e-02 5.145854782313108444e-03 5.595137830823659897e-03 1.512324437499046326e-02 2.324482239782810211e-02 2.774356864392757416e-02 2.414225786924362183e-02 1.868458278477191925e-02 2.130987681448459625e-02 1.472765579819679260e-02 8.439972996711730957e-03 5.448369309306144714e-03 5.202330648899078369e-03 7.927901111543178558e-03 1.885541481897234917e-03
6.341275293380022049e-03 5.752836819738149643e-03 1.139380619861185551e-03 7.986950688064098358e-03 1.753182895481586456e-02 5.756296962499618530e-02 2.733630314469337463e-02 1.836235634982585907e-02 2.242150530219078064e-02 1.945719495415687561e-02 6.916930433362722397e-03 8.210765719413757324e-01 3.127661766484379768e-03 6.523942947387695312e-02 1.810054294764995575e-02 1.460846979171037674e-02 1.976853609085083008e-02 1.238431781530380249e-02 3.357949480414390564e-02 2.040875144302845001e-02 2.669612318277359009e-02 1.344988960772752762e-02 5.049900338053703308e-02 3.437561541795730591e-02 2.807326987385749817e-02 3.499501198530197144e-02 9.074090979993343353e-03 6.353600323200225830e-02 7.259497884660959244e-03 5.211748182773590088e-02 2.275845501571893692e-03 6.803060416132211685e-03 1.702041365206241608e-02 1.554881921038031578e-03 2.344918251037597656e-02 1.316164154559373856e-02 1.110775116831064224e-02 1.286321040242910385e-02 9.563717991113662720e-03 1.446861587464809418e-02 1.158693712204694748e-02 2.133083902299404144e-02 1.430604234337806702e-02 2.007374772801995277e-03 7.245699409395456314e-03 1.907834038138389587e-02 2.298838645219802856e-02 1.868940703570842743e-02 1.538012363016605377e-02 1.653766259551048279e-02 2.053125947713851929e-02 3.148286044597625732e-02 1.928194426000118256e-02 2.579450607299804688e-02 8.526108227670192719e-03 2.035761438310146332e-02 2.393021807074546814e-02 2.463780716061592102e-02 7.421607151627540588e-03 1.043012365698814392e-02 2.900841645896434784e-02 4.618337377905845642e-02 5.945955868810415268e-03 2.588647231459617615e-02 1.495675183832645416e-02 6.136725191026926041e-03 6.153178401291370392e-03 1.564877107739448547e-02 2.046623267233371735e-02 1.538376137614250183e-02 2.374064363539218903e-02 3.923954907804727554e-03 1.820715889334678650e-02 8.706405758857727051e-03 9.978808462619781494e-03 4.793295171111822128e-03 2.325716195628046989e-03 2.531132847070693970e-02 1.258111558854579926e-02 1.555297523736953735e-02 1.290071010589599609e-02 5.649422761052846909e-03 5.912614520639181137e-03 5.227313959039747715e-04 9.989785030484199524e-03 1.894374936819076538e-02 1.159216463565826416e-02 7.740638684481382370e-03 4.214707389473915100e-02 2.262721396982669830e-02 3.853968530893325806e-02 8.368514478206634521e-03 3.083008155226707458e-02 7.046455051749944687e-03 5.061678588390350342e-03 7.133369334042072296e-03 5.810079746879637241e-04 6.252561695873737335e-03 1.077223382890224457e-02 2.035268815234303474e-03 4.188033286482095718e-03 1.502981525845825672e-03 2.630520612001419067e-02 2.607416920363903046e-02 5.554534494876861572e-03 7.815867662429809570e-03 7.322492310777306557e-04 1.687178574502468109e-02 3.238593926653265953e-03 1.235249801538884640e-03 9.244620800018310547e-03 8.573602885007858276e-03 5.398132372647523880e-03 1.320483908057212830e-02 6.566059309989213943e-03 1.760097779333591461e-02
4.905058816075325012e-02 4.954628273844718933e-02 7.681476883590221405e-03 1.885981485247612000e-02 4.692468326538801193e-03 1.713242940604686737e-02 3.885972127318382263e-02 2.194672077894210815e-02 1.982725597918033600e-02 4.638205748051404953e-03 5.608595162630081177e-02 3.127661766484379768e-03 8.210765719413757324e-01 6.607409566640853882e-03 3.502723574638366699e-02 8.476376533508300781e-03 8.266605436801910400e-03 1.735716685652732849e-02 1.968986913561820984e-02 1.972238346934318542e-02 2.561950497329235077e-02 4.214417934417724609e-02 1.760237384587526321e-03 3.514230018481612206e-03 2.501291222870349884e-02 1.266982499510049820e-02 1.778845675289630890e-02 8.582603186368942261e-03 2.644602209329605103e-02 8.777783252298831940e-03 4.781083390116691589e-02 4.346156492829322815e-03 1.515678875148296356e-02 2.455712994560599327e-03 1.167859416455030441e-02 3.110863268375396729e-02 2.584275975823402405e-02 1.172532141208648682e-02 2.383946813642978668e-02 1.451110094785690308e-02 1.909947022795677185e-02 7.080916315317153931e-03 1.092202123254537582e-02 2.863592840731143951e-02 6.583247333765029907e-03 6.750545930117368698e-03 2.379831112921237946e-02 3.440653532743453979e-02 1.200505159795284271e-02 1.506177894771099091e-02 4.221254028379917145e-03 2.403337275609374046e-03 2.226499468088150024e-02 1.589342951774597168e-02 1.403892599046230316e-02 4.052271135151386261e-03 2.106511034071445465e-02 9.463389404118061066e-03 8.003594353795051575e-03 1.237829122692346573e-02 1.000169012695550919e-02 8.037909865379333496e-04 2.431441098451614380e-04 9.942661039531230927e-03 2.721745707094669342e-02 3.750173375010490417e-02 2.190589904785156250e-02 1.715746521949768066e-02 7.985690026544034481e-04 2.007115259766578674e-02 5.008230917155742645e-03 3.266560286283493042e-02 2.220084297732682899e-06 2.011287026107311249e-02 5.111302714794874191e-03 6.476157810539007187e-03 1.676960475742816925e-02 3.902528987964615226e-05 1.690507633611559868e-03 2.054752781987190247e-02 1.736472547054290771e-02 2.718951785936951637e-03 6.845948752015829086e-03 9.928604587912559509e-03 7.663251832127571106e-03 3.763113403692841530e-03 3.213637694716453552e-02 2.847454324364662170e-02 6.368366070091724396e-03 7.430654019117355347e-03 1.995709352195262909e-02 4.011633619666099548e-02 1.959697343409061432e-02 4.167070984840393066e-02 3.091800399124622345e-02 3.572183847427368164e-02 1.766198314726352692e-03 8.145227096974849701e-03 2.114273235201835632e-02 1.451915781944990158e-02 3.467267751693725586e-02 2.884208410978317261e-02 1.896799542009830475e-02 8.350137621164321899e-03 1.246774196624755859e-02 2.518424205482006073e-02 3.911289572715759277e-02 1.558172889053821564e-02 3.295810520648956299e-02 1.651091873645782471e-02 3.215292841196060181e-02 1.521704066544771194e-02 5.490615498274564743e-03 1.373899751342833042e-03 9.188126772642135620e-03 2.110897476086392999e-04
