8.316830992698669434e-01 8.220189809799194336e-02 7.796683348715305328e-03 4.717135801911354065e-03 1.090711168944835663e-02 4.755204543471336365e-02 2.922657504677772522e-02 1.413757819682359695e-02 4.093415103852748871e-03 3.032189793884754181e-02 5.395496264100074768e-02 4.259104840457439423e-03 5.454314127564430237e-02 1.341245602816343307e-03 2.843137830495834351e-02 2.175122499465942383e-02 8.160050958395004272e-03 2.281745150685310364e-02 2.582098543643951416e-02 2.827529050409793854e-02 3.661307319998741150e-02 6.448259111493825912e-03 2.079334855079650879e-02 5.534211639314889908e-03 2.933846600353717804e-02 2.957119606435298920e-02 2.504499629139900208e-03 9.182440117001533508e-03 2.494784770533442497e-03 1.397417113184928894e-02 1.245175395160913467e-02 1.142529677599668503e-02 5.102497059851884842e-03 2.286048233509063721e-02 2.169632166624069214e-02 2.925798762589693069e-03 1.776289427652955055e-03 9.728933684527873993e-03 8.491425774991512299e-03 1.183178462088108063e-02 6.606031674891710281e-03 8.211096748709678650e-03 6.627905182540416718e-03 1.934998785145580769e-03 2.742579020559787750e-02 3.508074209094047546e-02 2.675950527191162109e-02 2.708648564293980598e-03 2.620379067957401276e-02 3.157272189855575562e-02 1.176722161471843719e-02 1.281738094985485077e-02 1.521862205117940903e-02 5.121458787471055984e-03 8.196921087801456451e-03 2.108466811478137970e-02 2.537615597248077393e-03 1.710637845098972321e-02 3.065063990652561188e-02 2.714993990957736969e-02 2.223737770691514015e-03 7.584149483591318130e-03 2.762473933398723602e-02 3.098510578274726868e-02 3.070252574980258942e-02 3.273444995284080505e-02 2.265732735395431519e-02 2.380219474434852600e-02 7.054836023598909378e-03 2.908042632043361664e-02 2.177440095692873001e-03 1.484563294798135757e-02 2.938730642199516296e-03 2.335503324866294861e-02 7.236273493617773056e-03 6.334088277071714401e-03 1.980952173471450806e-02 7.669058628380298615e-03 3.678838908672332764e-02 2.200813405215740204e-02 1.943514496088027954e-02 7.095442153513431549e-03 2.939958684146404266e-02 2.518516220152378082e-02 7.529144175350666046e-03 1.823549717664718628e-02 2.511807158589363098e-02 3.202008828520774841e-02 4.548000171780586243e-03 6.376785226166248322e-03 7.369336672127246857e-03 9.757210500538349152e-03 5.730889097321778536e-05 1.637679059058427811e-03 9.455933235585689545e-03 1.274801325052976608e-02 2.937670983374118805e-02 2.338072657585144043e-02 1.815089606679975986e-03 2.986371109727770090e-04 1.059645973145961761e-02 6.233043968677520752e-03 1.013400591909885406e-02 2.492553181946277618e-02 7.694066967815160751e-03 1.524753682315349579e-02 4.157199058681726456e-03 7.624792866408824921e-03 7.061673793941736221e-03 1.436060573905706406e-02 3.754745703190565109e-03 2.623938024044036865e-03 1.499713864177465439e-02 9.069046005606651306e-03 1.045250985771417618e-02 2.759914845228195190e-03
8.220189809799194336e-02 8.316830992698669434e-01 9.712080354802310467e-04 2.003891766071319580e-02 2.591709420084953308e-02 4.621215164661407471e-02 3.544905781745910645e-02 7.567226421087980270e-03 1.858627609908580780e-02 1.818693801760673523e-02 4.326860979199409485e-02 2.614298835396766663e-03 5.786541104316711426e-02 6.695243995636701584e-03 2.891800366342067719e-02 2.813771739602088928e-02 2.184625715017318726e-02 3.059763647615909576e-02 8.487842977046966553e-03 1.467215083539485931e-02 1.373722404241561890e-02 1.352743059396743774e-02 1.254108920693397522e-02 1.043735755956731737e-04 1.354470383375883102e-02 1.395724341273307800e-02 2.035626024007797241e-02 1.238512620329856873e-02 7.053953129798173904e-03 1.345008239150047302e-02 3.930768929421901703e-03 2.067350083962082863e-03 3.497452940791845322e-03 1.206898968666791916e-02 1.639281399548053741e-02 2.620493993163108826e-03 5.009143613278865814e-03 2.057664282619953156e-02 1.590465195477008820e-02 1.741104945540428162e-02 2.196428552269935608e-02 2.382635511457920074e-02 1.461038272827863693e-02 9.393939748406410217e-03 4.118031263351440430e-02 3.524151816964149475e-02 1.571196876466274261e-02 1.994173740968108177e-03 3.239991888403892517e-02 1.926244236528873444e-02 2.949367975816130638e-03 1.047070953063666821e-03 1.252312213182449341e-03 7.697319146245718002e-03 1.687167212367057800e-02 1.177042350172996521e-02 4.455488640815019608e-03 2.109818719327449799e-02 1.374161057174205780e-02 1.772692985832691193e-02 2.098808297887444496e-03 8.844445459544658661e-03 2.826600521802902222e-02 3.015888109803199768e-02 1.716103032231330872e-02 2.376078441739082336e-02 9.761441498994827271e-03 6.027481053024530411e-03 1.556100603193044662e-02 1.400918234139680862e-02 1.764249056577682495e-02 2.070142515003681183e-02 6.630367133766412735e-03 6.481809075921773911e-03 6.418359465897083282e-03 1.411133352667093277e-02 1.935301930643618107e-03 1.934756292030215263e-03 4.299902915954589844e-02 1.588775217533111572e-02 8.016106672585010529e-03 1.629160367883741856e-03 1.960672438144683838e-02 1.390832476317882538e-02 1.071742270141839981e-02 1.082594413310289383e-02 1.785630173981189728e-02 2.835834398865699768e-02 8.102977648377418518e-03 5.953044630587100983e-03 3.155532758682966232e-03 5.666771903634071350e-03 1.429467112757265568e-03 4.263442475348711014e-03 6.078956648707389832e-03 8.684250526130199432e-03 2.029502019286155701e-02 2.822043746709823608e-02 1.371274609118700027e-02 1.395061239600181580e-02 6.482896860688924789e-03 1.016706810332834721e-03 1.048843376338481903e-03 2.365332096815109253e-02 8.430580608546733856e-03 1.631746813654899597e-02 3.677362343296408653e-03 1.538647618144750595e-02 1.282325852662324905e-02 2.230262570083141327e-02 9.270323440432548523e-03 8.977142162621021271e-03 3.460854350123554468e-04 1.060045207850635052e-03 4.018447361886501312e-03 2.263068221509456635e-03
7.796683348715305328e-03 9.712080354802310467e-04 8.316830992698669434e-01 3.679182380437850952e-03 1.379675697535276413e-02 8.965266868472099304e-03 1.434729993343353271e-02 6.041217222809791565e-02 6.903450121171772480e-04 1.675833947956562042e-02 1.361941453069448471e-02 5.477997474372386932e-03 6.220509298145771027e-03 1.456332299858331680e-02 2.093544788658618927e-02 1.840385142713785172e-03 1.613839529454708099e-02 9.747182019054889679e-03 1.646756753325462341e-02 3.562031546607613564e-03 6.077979691326618195e-03 2.017318643629550934e-02 1.135452929884195328e-02 1.723147928714752197e-02 6.267756689339876175e-03 7.400641217827796936e-03 1.314418762922286987e-02 1.678786054253578186e-02 5.594508256763219833e-03 7.790866307914257050e-03 1.541272830218076706e-02 2.129521965980529785e-02 8.295746520161628723e-03 8.274976164102554321e-03 2.265248680487275124e-03 3.413098305463790894e-02 2.976252883672714233e-02 2.421402931213378906e-02 1.320630405098199844e-02 1.830051839351654053e-02 2.365030348300933838e-02 4.300331696867942810e-03 3.490580711513757706e-03 2.316586486995220184e-02 1.717167347669601440e-02 1.632201299071311951e-02 9.565228596329689026e-03 9.659105911850929260e-03 9.983143536373972893e-04 1.055464614182710648e-03 6.633118726313114166e-03 8.621017332188785076e-04 2.136579342186450958e-02 3.508853493258357048e-03 1.339658815413713455e-02 1.669709384441375732e-02 1.516283303499221802e-02 2.677015727385878563e-03 1.578073203563690186e-02 9.448874741792678833e-03 1.399880927056074142e-02 4.457245813682675362e-04 1.223893649876117706e-02 7.557182572782039642e-03 6.492041517049074173e-03 2.683209720999002457e-03 1.260231342166662216e-02 9.821360930800437927e-03 1.381502952426671982e-02 1.844803616404533386e-02 2.257245592772960663e-03 6.748522631824016571e-03 6.296942010521888733e-03 1.064403261989355087e-02 1.600896008312702179e-02 5.115699488669633865e-03 9.766902774572372437e-03 2.146156132221221924e-02 1.363615691661834717e-02 1.904520392417907715e-02 4.796168953180313110e-02 3.991211950778961182e-02 3.579051233828067780e-03 8.377444930374622345e-03 7.586829364299774170e-03 5.101007875055074692e-03 3.068260475993156433e-02 2.278212271630764008e-02 1.852573012001812458e-03 1.549054961651563644e-02 8.580719120800495148e-03 1.985444314777851105e-02 2.437841705977916718e-02 2.377049438655376434e-02 2.669206447899341583e-02 6.345793604850769043e-03 1.377223245799541473e-02 1.467605587095022202e-02 1.535091735422611237e-02 1.052850019186735153e-02 1.045935787260532379e-02 9.466736577451229095e-03 3.012857213616371155e-02 1.319278590381145477e-02 1.999703235924243927e-02 7.552935276180505753e-03 7.027575746178627014e-03 7.498467341065406799e-03 3.114425018429756165e-02 2.296570874750614166e-02 5.491241067647933960e-02 2.567358314990997314e-02 1.994933700188994408e-03 4.579436033964157104e-03 4.336858913302421570e-02 2.104793302714824677e-02
4.717135801911354065e-03 2.003891766071319580e-02 3.679182380437850952e-03 8.316830992698669434e-01 6.014432758092880249e-02 1.362844184041023254e-02 1.693175360560417175e-02 1.777738705277442932e-02 5.173432291485369205e-04 7.425561547279357910e-03 7.669953047297894955e-04 1.143292617052793503e-02 5.176342092454433441e-03 2.510538510978221893e-02 1.328102406114339828e-02 8.099325932562351227e-03 1.954578328877687454e-03 1.839723624289035797e-02 2.348430082201957703e-02 8.540133014321327209e-03 4.398912657052278519e-03 4.597250837832689285e-03 9.843779727816581726e-03 1.429984346032142639e-02 1.577000319957733154e-02 7.471023127436637878e-03 2.064330270513892174e-03 1.495299022644758224e-02 3.864700905978679657e-03 1.580705493688583374e-02 1.114734262228012085e-02 4.516636952757835388e-03 4.338860511779785156e-03 1.729876734316349030e-03 2.098147058859467506e-03 9.996228618547320366e-04 1.521920552477240562e-03 3.352119820192456245e-03 5.129261314868927002e-02 5.594465509057044983e-02 1.097950246185064316e-02 6.949279457330703735e-03 2.712114714086055756e-03 2.344544790685176849e-02 8.365087211132049561e-03 9.296109783463180065e-04 8.267611847259104252e-04 7.097876630723476410e-03 1.521556265652179718e-02 1.744318194687366486e-02 1.260497979819774628e-02 7.599994540214538574e-03 1.137645263224840164e-02 2.683283993974328041e-03 1.974480226635932922e-02 8.180638775229454041e-03 2.143188193440437317e-02 1.199672557413578033e-02 3.443654254078865051e-02 3.581303730607032776e-02 1.824972406029701233e-02 9.530988521873950958e-03 8.532145060598850250e-03 1.141250599175691605e-02 2.291968837380409241e-02 8.713594637811183929e-03 7.164330221712589264e-03 1.449404936283826828e-02 4.329238086938858032e-03 1.394800841808319092e-02 1.726499758660793304e-02 1.170769799500703812e-02 2.162429969757795334e-03 1.596160046756267548e-02 2.404954098165035248e-02 1.575362868607044220e-02 4.830903839319944382e-03 1.406413037329912186e-02 2.243751473724842072e-02 1.435526553541421890e-02 1.908906549215316772e-02 3.183265775442123413e-02 1.111512817442417145e-02 1.469424087554216385e-02 2.028172463178634644e-02 1.686506904661655426e-02 2.095167525112628937e-02 1.222916878759860992e-02 2.841802686452865601e-02 4.526202566921710968e-03 8.620563894510269165e-03 2.015667269006371498e-03 1.240713801234960556e-02 5.615379195660352707e-04 2.511879242956638336e-02 1.704128272831439972e-02 2.270291093736886978e-03 3.139751963317394257e-03 6.509258411824703217e-03 4.092006944119930267e-03 1.721697859466075897e-02 1.488561835139989853e-02 1.132307667285203934e-02 9.602418140275403857e-05 3.969230223447084427e-03 1.093315426260232925e-02 6.820959504693746567e-03 3.057377971708774567e-02 1.514461357146501541e-02 6.914499681442975998e-04 2.187139168381690979e-02 6.124360952526330948e-03 6.072572432458400726e-03 2.126311883330345154e-03 8.208153769373893738e-03 1.359928981401026249e-03
1.090711168944835663e-02 2.591709420084953308e-02 1.379675697535276413e-02 6.014432758092880249e-02 8.316830992698669434e-01 1.402507070451974869e-03 1.567641593283042312e-04 2.780104114208370447e-04 9.745874442160129547e-03 8.192347362637519836e-03 3.340468741953372955e-03 1.284061558544635773e-02 1.419983990490436554e-02 1.067959610372781754e-02 1.321436229773098603e-05 2.584382146596908569e-02 3.274691849946975708e-02 1.048437226563692093e-02 2.738383971154689789e-02 2.393679460510611534e-03 1.043087802827358246e-02 6.145887076854705811e-03 2.837884705513715744e-03 6.257509812712669373e-03 8.024455048143863678e-03 1.311040017753839493e-02 5.595880560576915741e-03 1.578006148338317871e-02 5.053285509347915649e-03 1.149340067058801651e-02 1.211590785533189774e-02 1.450397353619337082e-02 6.677382625639438629e-03 6.099142599850893021e-03 1.436992269009351730e-02 7.974134758114814758e-03 6.474614609032869339e-03 1.551347691565752029e-02 2.911919727921485901e-02 6.802736967802047729e-02 3.915671724826097488e-03 8.471094071865081787e-03 1.294563710689544678e-02 1.491282973438501358e-02 1.329646166414022446e-02 7.417296292260289192e-04 6.999609526246786118e-03 9.261175990104675293e-03 1.789660565555095673e-02 4.251980688422918320e-03 2.355301985517144203e-03 6.607970222830772400e-03 4.008703399449586868e-03 6.666920147836208344e-03 5.843108054250478745e-03 1.380253396928310394e-02 1.545389089733362198e-02 3.048631362617015839e-02 1.248472183942794800e-02 2.291987091302871704e-02 1.451331004500389099e-02 3.975503891706466675e-02 7.842449471354484558e-03 2.545478637330234051e-04 8.983236737549304962e-03 1.558451633900403976e-02 1.116233319044113159e-02 2.046308945864439011e-03 1.933711953461170197e-02 4.656770732253789902e-03 2.792374230921268463e-02 3.611222142353653908e-03 4.691719263792037964e-02 3.514115698635578156e-03 5.955240130424499512e-02 1.551296329125761986e-03 1.977757923305034637e-02 1.608135178685188293e-03 1.786204054951667786e-02 1.152933202683925629e-02 8.759802207350730896e-03 3.757458878681063652e-03 2.649091556668281555e-02 1.378982514142990112e-02 1.520041003823280334e-02 1.014597713947296143e-02 5.308781284838914871e-03 1.475425064563751221e-02 1.949836686253547668e-02 3.200775478035211563e-03 1.259067934006452560e-02 2.078281948342919350e-03 9.961617179214954376e-03 8.853243663907051086e-03 2.753150090575218201e-02 3.733371570706367493e-02 7.309855427592992783e-03 1.439453661441802979e-02 1.386221870779991150e-02 2.076122350990772247e-02 1.570970378816127777e-02 4.297690000385046005e-03 6.025940179824829102e-03 1.199795678257942200e-02 5.756433587521314621e-03 2.696039620786905289e-03 8.655575104057788849e-03 4.867042414844036102e-03 2.015921846032142639e-02 1.509553007781505585e-02 2.288104407489299774e-02 7.612139917910099030e-03 6.883834023028612137e-03 1.118415500968694687e-02 6.523890420794487000e-03 2.051522769033908844e-02
4.755204543471336365e-02 4.621215164661407471e-02 8.965266868472099304e-03 1.362844184041023254e-02 1.402507070451974869e-03 8.316830992698669434e-01 7.591626048088073730e-02 2.896309888456016779e-04 1.359075121581554413e-02 1.494255755096673965e-02 3.702636063098907471e-02 3.016210533678531647e-02 2.979646064341068268e-02 2.165736071765422821e-02 1.888283342123031616e-02 5.875572096556425095e-03 5.944998003542423248e-03 7.313754409551620483e-03 3.332525119185447693e-02 1.287139952182769775e-03 2.272997982800006866e-02 2.968023298308253288e-03 1.635260414332151413e-03 1.245034392923116684e-02 6.647409405559301376e-03 2.421308122575283051e-02 1.542681176215410233e-02 1.471354719251394272e-02 1.183088682591915131e-02 1.739544561132788658e-03 1.354243513196706772e-02 1.037763431668281555e-02 1.422663219273090363e-02 8.314771577715873718e-03 1.032092701643705368e-02 2.814290113747119904e-02 1.612717472016811371e-02 6.252930965274572372e-03 3.914083540439605713e-02 1.173163857311010361e-02 1.440616324543952942e-02 4.300956614315509796e-03 1.824296079576015472e-02 3.764274343848228455e-02 1.875156350433826447e-02 1.941844634711742401e-02 4.994053393602371216e-02 3.110051620751619339e-03 2.664170786738395691e-02 3.633443266153335571e-02 2.154232189059257507e-02 2.945490367710590363e-02 3.422631707508116961e-04 1.678622444160282612e-03 1.374100986868143082e-02 2.583230286836624146e-02 6.738004740327596664e-04 2.450772747397422791e-02 1.077182684093713760e-02 1.529513858258724213e-02 2.286542952060699463e-02 2.019121497869491577e-02 2.925873268395662308e-03 1.112560741603374481e-02 1.007757615298032761e-02 1.225549634546041489e-02 2.068571047857403755e-03 1.757496222853660583e-02 9.898557327687740326e-03 3.075298480689525604e-02 7.250695955008268356e-03 9.386101737618446350e-03 1.148737792391330004e-04 2.292963303625583649e-02 3.412332851439714432e-03 1.760152284987270832e-03 2.344167232513427734e-02 6.943513173609972000e-03 3.840957954525947571e-02 2.594717219471931458e-02 4.214967135339975357e-03 5.691689439117908478e-03 1.344949658960103989e-02 2.841180190443992615e-02 1.698288507759571075e-02 2.862580493092536926e-02 1.013294234871864319e-02 9.767770767211914062e-03 1.013007573783397675e-02 2.634978620335459709e-03 2.772717038169503212e-03 1.110013667494058609e-02 3.843511920422315598e-03 1.330081839114427567e-02 2.534435130655765533e-02 1.291518192738294601e-02 2.479486912488937378e-02 9.084065444767475128e-03 9.998808614909648895e-03 3.195172874256968498e-03 2.876671962440013885e-02 1.632506400346755981e-02 1.183244399726390839e-02 1.896356977522373199e-02 2.244497463107109070e-02 2.125879051163792610e-03 2.356219477951526642e-02 8.017914369702339172e-03 6.694261915981769562e-03 1.007118914276361465e-02 2.298071049153804779e-02 5.805800668895244598e-03 1.842795871198177338e-02 2.708418667316436768e-02 3.067884966731071472e-02 2.493862248957157135e-02
2.922657504677772522e-02 3.544905781745910645e-02 1.434729993343353271e-02 1.693175360560417175e-02 1.567641593283042312e-04 7.591626048088073730e-02 8.316830992698669434e-01 2.444269834086298943e-03 6.059250794351100922e-03 2.560104010626673698e-03 3.988169878721237183e-02 3.147409996017813683e-03 3.437639772891998291e-02 2.496722736395895481e-04 1.446068938821554184e-02 1.046668458729982376e-02 2.269431762397289276e-02 3.227467415854334831e-03 1.089098304510116577e-02 4.851324018090963364e-03 9.259298443794250488e-03 1.543059106916189194e-02 9.051543660461902618e-03 2.162158675491809845e-02 5.627018865197896957e-03 2.262119576334953308e-02 2.443731762468814850e-02 1.906303805299103260e-03 2.027406916022300720e-02 1.692780107259750366e-02 1.816327683627605438e-02 2.010018937289714813e-02 7.320235017687082291e-03 2.490176633000373840e-02 7.645503152161836624e-03 3.262697160243988037e-02 1.395900268107652664e-02 7.209480274468660355e-03 3.742722794413566589e-02 1.332764606922864914e-02 1.244878582656383514e-02 5.380147136747837067e-03 2.993471547961235046e-02 3.024556674063205719e-02 1.529909949749708176e-02 2.032245974987745285e-03 6.786856055259704590e-02 3.935144096612930298e-02 1.670413091778755188e-02 2.308481559157371521e-02 2.925090119242668152e-02 3.977123647928237915e-02 7.349588442593812943e-03 2.214683778584003448e-02 1.016200054436922073e-02 1.653365045785903931e-02 1.193932816386222839e-02 4.090285301208496094e-02 2.133848378434777260e-03 8.972037583589553833e-03 9.358155541121959686e-03 1.067182701081037521e-02 8.122493512928485870e-03 1.325288787484169006e-02 2.052220702171325684e-02 2.641984075307846069e-02 8.901383727788925171e-03 8.683143183588981628e-03 5.020782118663191795e-04 1.581540144979953766e-02 6.680336809949949384e-05 2.981190802529454231e-03 3.647644305601716042e-03 1.364305894821882248e-02 5.522680585272610188e-04 5.454449914395809174e-03 6.739433389157056808e-03 1.364488736726343632e-03 3.107968717813491821e-02 1.265287771821022034e-02 1.220761612057685852e-02 3.922130446881055832e-03 3.209022805094718933e-03 2.082679606974124908e-02 1.930906437337398529e-02 7.266399450600147247e-03 1.590826362371444702e-02 1.375233475118875504e-02 2.517705410718917847e-02 9.699473157525062561e-03 3.095500171184539795e-02 5.116668529808521271e-03 3.882296383380889893e-02 7.464702706784009933e-03 2.383987046778202057e-02 6.998610217124223709e-03 1.810651272535324097e-02 1.602716976776719093e-03 3.017010400071740150e-03 1.156693603843450546e-02 2.234566956758499146e-02 9.180017746984958649e-03 8.003048598766326904e-03 2.633027732372283936e-02 1.789487339556217194e-02 1.278719515539705753e-03 3.145608678460121155e-02 3.196195932105183601e-03 1.211674977093935013e-02 1.767689548432826996e-02 2.527507767081260681e-02 1.879330538213253021e-02 7.469461299479007721e-03 2.804672345519065857e-02 1.447751373052597046e-02 2.838417515158653259e-02
1.413757819682359695e-02 7.567226421087980270e-03 6.041217222809791565e-02 1.777738705277442932e-02 2.780104114208370447e-04 2.896309888456016779e-04 2.444269834086298943e-03 8.316830992698669434e-01 5.236625293036922812e-05 7.141208741813898087e-03 2.588681131601333618e-02 2.471878565847873688e-02 2.082841284573078156e-02 2.902470901608467102e-02 3.626083210110664368e-02 8.058272302150726318e-03 6.374024786055088043e-03 1.580749079585075378e-02 4.264716524630784988e-03 1.172012090682983398e-02 5.334743298590183258e-03 1.655037142336368561e-02 4.109992645680904388e-03 7.346024736762046814e-03 1.609001494944095612e-02 2.078718878328800201e-02 1.880491618067026138e-03 3.562119230628013611e-02 1.744182035326957703e-02 2.980158478021621704e-02 1.397201325744390488e-03 2.191932685673236847e-02 1.909695938229560852e-02 1.201939070597290993e-03 2.279285527765750885e-02 3.803020343184471130e-02 3.968561068177223206e-02 1.300710905343294144e-02 2.995766233652830124e-03 1.352836843580007553e-02 7.907547056674957275e-03 1.353525090962648392e-02 1.523668318986892700e-02 2.576055936515331268e-03 3.486622823402285576e-03 1.286835037171840668e-02 1.285706460475921631e-02 2.817191649228334427e-03 1.158609893172979355e-02 2.583942376077175140e-03 2.705619484186172485e-02 2.162660472095012665e-02 2.843041159212589264e-02 6.847014650702476501e-03 2.108014747500419617e-02 1.982019096612930298e-02 1.907899789512157440e-02 1.719171740114688873e-02 3.288324177265167236e-02 2.503661625087261200e-02 2.481848374009132385e-02 1.416150387376546860e-02 1.904357783496379852e-02 2.351659163832664490e-02 2.791300415992736816e-02 1.733537763357162476e-02 1.044711284339427948e-02 1.091970782727003098e-02 1.929326727986335754e-02 6.377123761922121048e-03 1.345947664231061935e-02 1.082014851272106171e-02 4.381690640002489090e-03 1.644816249608993530e-03 7.279005367308855057e-04 8.744552731513977051e-03 1.079875859431922436e-03 1.967627182602882385e-02 7.360107265412807465e-03 5.171770229935646057e-03 6.016970425844192505e-02 5.792241171002388000e-02 1.795594073428219417e-08 7.145824842154979706e-03 1.650188304483890533e-02 1.465254835784435272e-02 5.156781896948814392e-02 4.128381982445716858e-02 2.363239973783493042e-02 1.425944454967975616e-02 1.082509942352771759e-02 1.873045787215232849e-02 1.630664058029651642e-02 1.633616164326667786e-02 1.852552779018878937e-02 4.332708194851875305e-03 9.160162881016731262e-03 2.284649387001991272e-02 1.632047072052955627e-02 2.038370631635189056e-02 8.409867994487285614e-03 1.543270191177725792e-03 2.550577931106090546e-02 2.400154480710625648e-03 2.508986555039882660e-02 1.262980885803699493e-02 4.912393633276224136e-03 1.531588472425937653e-02 1.911830529570579529e-02 8.932488039135932922e-03 2.987971715629100800e-02 1.421689055860042572e-02 1.995681598782539368e-02 1.630260050296783447e-02 2.627388574182987213e-02 1.246189419180154800e-02
4.093415103852748871e-03 1.858627609908580780e-02 6.903450121171772480e-04 5.173432291485369205e-04 9.745874442160129547e-03 1.359075121581554413e-02 6.059250794351100922e-03 5.236625293036922812e-05 8.316830992698669434e-01 8.906473405659198761e-03 4.321936517953872681e-03 1.611948944628238678e-02 4.269542638212442398e-03 8.104590699076652527e-03 1.764152257237583399e-04 2.646340057253837585e-02 2.187992632389068604e-02 4.358739033341407776e-02 7.532833609730005264e-03 5.686180200427770615e-03 1.998988166451454163e-02 8.475676178932189941e-03 1.019548904150724411e-02 6.869496311992406845e-03 9.482422843575477600e-03 2.476270496845245361e-02 1.154423691332340240e-03 1.061323680914938450e-03 1.166313141584396362e-02 1.940612308681011200e-02 8.743225596845149994e-03 5.319547839462757111e-03 5.063781049102544785e-03 6.259188987314701080e-03 8.415580727159976959e-03 7.511890027672052383e-03 1.873803883790969849e-02 7.550322916358709335e-03 1.660090126097202301e-02 2.563656307756900787e-02 3.387996554374694824e-02 4.888478294014930725e-02 2.664838731288909912e-02 8.564806543290615082e-03 4.412917420268058777e-02 2.173184882849454880e-03 1.011326164007186890e-02 1.572994282469153404e-03 4.645417258143424988e-02 3.858274547383189201e-03 2.485977113246917725e-02 2.163661830127239227e-02 1.048546633683145046e-03 1.435179030522704124e-03 5.429131165146827698e-02 6.575992796570062637e-03 2.751011028885841370e-02 4.236652515828609467e-03 2.315814374014735222e-03 1.121412031352519989e-02 1.677615940570831299e-02 3.329710662364959717e-02 2.061835303902626038e-02 2.733758650720119476e-02 4.072526935487985611e-03 7.788069196976721287e-04 8.470325265079736710e-04 1.125617325305938721e-02 6.829008460044860840e-03 5.701668094843626022e-03 3.198310360312461853e-02 4.953786730766296387e-02 3.250242024660110474e-02 9.415002539753913879e-03 2.321857027709484100e-02 5.119183659553527832e-02 6.002860888838768005e-02 1.002664398401975632e-02 4.312228038907051086e-02 1.693915762007236481e-02 1.007869932800531387e-02 1.186294481158256531e-02 5.906448233872652054e-03 3.198664402589201927e-03 1.791676133871078491e-02 8.622339926660060883e-03 3.855352988466620445e-03 3.674912732094526291e-03 2.976243942975997925e-02 2.538205310702323914e-02 2.123922342434525490e-03 2.093699993565678596e-03 7.920499891042709351e-03 1.424425374716520309e-02 1.064545754343271255e-02 2.069595828652381897e-02 1.787672936916351318e-02 4.129484668374061584e-02 8.483326993882656097e-03 9.232454001903533936e-03 2.094239694997668266e-03 7.206646259874105453e-04 1.983905769884586334e-02 4.498547408729791641e-03 7.831787690520286560e-03 1.047166436910629272e-02 1.303524058312177658e-02 3.277069330215454102e-02 5.063019227236509323e-03 1.522049866616725922e-02 1.948754489421844482e-02 2.599670784547924995e-03 2.934697084128856659e-02 2.126808091998100281e-02 2.724192850291728973e-02 2.602143399417400360e-02
3.032189793884754181e-02 1.818693801760673523e-02 1.675833947956562042e-02 7.425561547279357910e-03 8.192347362637519836e-03 1.494255755096673965e-02 2.560104010626673698e-03 7.141208741813898087e-03 8.906473405659198761e-03 8.316830992698669434e-01 2.081429958343505859e-02 2.055551111698150635e-02 2.074618265032768250e-02 5.583438556641340256e-03 1.937500387430191040e-02 3.540638368576765060e-03 2.136915363371372223e-02 2.162814326584339142e-02 6.023913621902465820e-02 4.363868851214647293e-03 1.979804411530494690e-02 1.599328592419624329e-02 1.476289052516222000e-02 1.521421317011117935e-02 1.431428734213113785e-02 1.620430685579776764e-02 5.740195978432893753e-03 5.837329197674989700e-03 1.689150347374379635e-03 4.809275735169649124e-03 5.910290405154228210e-03 2.857824787497520447e-03 8.006514050066471100e-03 9.901295416057109833e-03 1.665096729993820190e-02 2.132291719317436218e-02 6.828147452324628830e-03 3.121965005993843079e-02 8.875605650246143341e-03 9.823733009397983551e-03 2.213363163173198700e-02 7.089223247021436691e-03 1.029093936085700989e-02 9.316965937614440918e-03 5.201733205467462540e-03 4.652832448482513428e-02 2.239518566057085991e-03 2.201885916292667389e-03 1.207414083182811737e-02 5.680190026760101318e-02 1.217886339873075485e-02 5.950085818767547607e-03 1.379732228815555573e-02 5.049876868724822998e-03 2.723804442211985588e-03 4.982852935791015625e-02 2.127302996814250946e-02 5.772578064352273941e-03 1.971452683210372925e-02 1.840599812567234039e-02 7.364967837929725647e-03 3.318396583199501038e-02 3.157556802034378052e-02 1.954574510455131531e-02 7.416160311549901962e-03 1.329365652054548264e-02 2.686750143766403198e-02 2.569619379937648773e-02 1.471553347073495388e-03 3.621365875005722046e-02 2.617977745831012726e-02 3.555023286025971174e-04 1.844079047441482544e-02 4.361907392740249634e-02 1.692873239517211914e-02 6.038083694875240326e-03 1.486565917730331421e-02 7.011560350656509399e-02 2.524209767580032349e-02 5.682326108217239380e-02 2.527021570131182671e-03 2.269439399242401123e-03 5.082420073449611664e-03 3.551904857158660889e-02 1.829120516777038574e-02 2.167612686753273010e-02 6.815650034695863724e-03 4.158627707511186600e-03 1.048469729721546173e-02 3.331136330962181091e-02 1.213916298002004623e-02 7.650678511708974838e-03 1.928942510858178139e-03 1.294259447604417801e-02 6.220823619514703751e-03 2.487441897392272949e-02 2.581168524920940399e-02 2.608781214803457260e-03 1.016568206250667572e-02 1.150110852904617786e-03 7.760029751807451248e-03 2.061263285577297211e-02 1.103003323078155518e-02 1.748642139136791229e-02 2.601346932351589203e-03 2.869113115593791008e-03 7.120222318917512894e-03 7.322346791625022888e-03 1.576211676001548767e-02 2.381498366594314575e-02 8.754850365221500397e-03 1.450199075043201447e-02 1.745899207890033722e-02 1.892070635221898556e-03 1.948565430939197540e-02 1.411060057580471039e-02
5.395496264100074768e-02 4.326860979199409485e-02 1.361941453069448471e-02 7.669953047297894955e-04 3.340468741953372955e-03 3.702636063098907471e-02 3.988169878721237183e-02 2.588681131601333618e-02 4.321936517953872681e-03 2.081429958343505859e-02 8.316830992698669434e-01 1.148687954992055893e-02 5.848759412765502930e-02 1.884422264993190765e-02 3.574079275131225586e-02 1.278966851532459259e-02 5.593893583863973618e-03 6.874162936583161354e-04 1.533437334001064301e-02 3.060917928814888000e-02 3.256506845355033875e-02 1.919483952224254608e-02 1.210509613156318665e-02 1.010529976338148117e-02 3.734860941767692566e-02 3.972029685974121094e-02 6.698722951114177704e-03 2.227070182561874390e-02 2.322793751955032349e-02 2.911208570003509521e-02 1.175287552177906036e-02 1.565996743738651276e-02 1.848928816616535187e-02 1.113634649664163589e-02 3.031903132796287537e-02 8.856469648890197277e-04 4.876027815043926239e-03 1.076895464211702347e-02 1.049471925944089890e-02 5.184054374694824219e-03 7.358069531619548798e-03 8.967668749392032623e-03 2.107132971286773682e-02 9.827499277889728546e-03 5.286016501486301422e-03 2.205506153404712677e-02 4.377642273902893066e-02 2.101462334394454956e-02 3.434075042605400085e-03 1.468380074948072433e-02 2.906576544046401978e-02 3.055074810981750488e-02 3.246552497148513794e-02 1.933833584189414978e-02 8.529899641871452332e-03 5.534829688258469105e-04 1.991210319101810455e-02 3.112205117940902710e-02 3.833939507603645325e-02 3.882903978228569031e-02 1.196429133415222168e-02 7.089424761943519115e-04 3.435053303837776184e-02 3.331147879362106323e-02 4.815454408526420593e-02 4.790252447128295898e-02 2.240560203790664673e-02 2.784505486488342285e-02 1.024199929088354111e-02 1.508347038179636002e-02 2.153489738702774048e-03 8.009097538888454437e-03 5.519285332411527634e-04 1.550150662660598755e-02 1.146601606160402298e-02 1.685914583504199982e-02 1.930620335042476654e-02 1.722205244004726410e-02 1.752619817852973938e-02 2.686939388513565063e-02 2.900897525250911713e-02 1.724353432655334473e-02 1.876912452280521393e-02 2.378732897341251373e-02 1.629473268985748291e-02 2.713829453568905592e-04 3.858387842774391174e-02 4.007765278220176697e-02 1.474368385970592499e-02 1.946147531270980835e-02 2.642353996634483337e-02 1.425193622708320618e-02 1.656978949904441833e-02 1.442168839275836945e-02 6.428972817957401276e-03 7.654241751879453659e-03 1.929415389895439148e-02 5.866763647645711899e-03 7.475419901311397552e-03 1.659935712814331055e-02 3.037535119801759720e-03 1.981966663151979446e-03 5.651133600622415543e-03 1.222390960901975632e-02 1.542880106717348099e-02 2.758636884391307831e-02 1.079775579273700714e-02 2.601501718163490295e-02 1.844802463892847300e-04 9.017333388328552246e-03 1.449064351618289948e-03 6.471915636211633682e-03 1.910930871963500977e-02 1.977592520415782928e-02 1.370441075414419174e-02 1.085233129560947418e-02
4.259104840457439423e-03 2.614298835396766663e-03 5.477997474372386932e-03 1.143292617052793503e-02 1.284061558544635773e-02 3.016210533678531647e-02 3.147409996017813683e-03 2.471878565847873688e-02 1.611948944628238678e-02 2.055551111698150635e-02 1.148687954992055893e-02 8.316830992698669434e-01 9.492508135735988617e-03 5.785678699612617493e-02 9.540148079395294189e-03 1.363539602607488632e-02 7.792226038873195648e-03 1.639536209404468536e-02 3.317215666174888611e-02 2.254951931536197662e-02 3.440259722992777824e-03 1.434678770601749420e-02 6.425600033253431320e-03 8.337633684277534485e-03 1.838335767388343811e-02 8.011215366423130035e-03 1.573619432747364044e-02 5.412693321704864502e-02 3.032865747809410095e-02 3.527309000492095947e-02 3.356374800205230713e-02 2.206362842116504908e-04 2.852538973093032837e-02 9.383011609315872192e-03 2.446162328124046326e-02 1.424607262015342712e-02 3.317335247993469238e-02 1.624142751097679138e-02 1.843120343983173370e-02 2.280598320066928864e-02 1.882384158670902252e-02 8.509012870490550995e-03 1.639285124838352203e-02 6.322549656033515930e-03 1.465419493615627289e-02 1.218003313988447189e-02 6.850355770438909531e-03 2.077914029359817505e-02 7.731352001428604126e-03 1.966326497495174408e-02 1.656214520335197449e-02 1.786618307232856750e-02 1.453170832246541977e-02 8.273509331047534943e-03 2.852548612281680107e-03 2.876699902117252350e-02 6.919212639331817627e-03 2.233798615634441376e-02 6.757955998182296753e-03 1.235077623277902603e-02 3.403702005743980408e-02 5.462814494967460632e-02 2.082000114023685455e-02 2.574993483722209930e-02 1.627360284328460693e-02 1.463646814227104187e-02 1.730675064027309418e-02 1.534207258373498917e-02 3.547021374106407166e-02 2.993403375148773193e-02 4.116797447204589844e-02 2.223069779574871063e-02 1.282380311749875546e-03 3.023760206997394562e-02 1.168360002338886261e-02 1.581233367323875427e-02 1.369301043450832367e-02 1.096316264010965824e-03 5.902633070945739746e-03 2.408938854932785034e-02 1.680781878530979156e-02 1.468441635370254517e-02 5.207729525864124298e-03 7.301007397472858429e-03 1.414588000625371933e-02 3.907303884625434875e-02 1.764256320893764496e-02 2.282196283340454102e-02 1.161294057965278625e-02 5.919912829995155334e-03 1.842326670885086060e-02 2.469182014465332031e-02 1.302610430866479874e-02 1.117204502224922180e-02 6.072019459679722786e-04 2.220004098489880562e-04 1.095134951174259186e-02 1.029003039002418518e-02 2.104168757796287537e-02 1.459182146936655045e-02 2.106193266808986664e-02 3.583640232682228088e-02 1.686785370111465454e-02 1.045900583267211914e-02 3.281284123659133911e-02 3.272974863648414612e-02 9.761219844222068787e-03 5.820250138640403748e-03 1.034951768815517426e-02 3.221289813518524170e-02 1.065294258296489716e-02 1.292696408927440643e-02 6.180710624903440475e-03 1.864977367222309113e-02 1.133170071989297867e-02 4.080973099917173386e-03
5.454314127564430237e-02 5.786541104316711426e-02 6.220509298145771027e-03 5.176342092454433441e-03 1.419983990490436554e-02 2.979646064341068268e-02 3.437639772891998291e-02 2.082841284573078156e-02 4.269542638212442398e-03 2.074618265032768250e-02 5.848759412765502930e-02 9.492508135735988617e-03 8.316830992698669434e-01 1.450857985764741898e-02 4.716307669878005981e-02 1.387096848338842392e-02 5.302761215716600418e-03 1.405949704349040985e-02 8.696133270859718323e-03 3.130737692117691040e-02 3.059097193181514740e-02 3.068771772086620331e-02 1.723743416368961334e-02 8.730550296604633331e-03 3.249977901577949524e-02 3.010093979537487030e-02 4.424442071467638016e-03 2.940242365002632141e-02 1.860934123396873474e-02 2.395216934382915497e-02 1.133576966822147369e-02 1.319065131247043610e-02 1.639891788363456726e-02 1.916122436523437500e-02 2.658650279045104980e-02 9.004821768030524254e-04 2.341297920793294907e-03 1.080536935478448868e-02 5.774578545242547989e-03 9.581084363162517548e-03 1.582629233598709106e-02 1.144780078902840614e-03 5.419028457254171371e-03 5.525053944438695908e-03 1.817937754094600677e-02 2.985149808228015900e-02 2.869922295212745667e-02 1.228080131113529205e-02 1.467522792518138885e-02 2.056902833282947540e-02 1.768776215612888336e-02 1.993840932846069336e-02 2.240617200732231140e-02 1.650136709213256836e-02 8.907881565392017365e-03 1.384066231548786163e-02 2.646829187870025635e-02 2.845711074769496918e-02 2.952774241566658020e-02 2.962272986769676208e-02 9.996427223086357117e-03 1.588424318470060825e-03 3.115784749388694763e-02 3.331570699810981750e-02 4.045968875288963318e-02 4.840892553329467773e-02 2.561029605567455292e-02 2.241788618266582489e-02 1.353143062442541122e-02 1.726900041103363037e-02 4.237686749547719955e-03 1.223721890710294247e-03 1.001122873276472092e-02 1.880171895027160645e-02 2.257530286442488432e-04 4.138315562158823013e-03 1.022296305745840073e-02 1.428321376442909241e-02 2.409450896084308624e-02 1.896951347589492798e-02 2.518855966627597809e-02 1.789462007582187653e-02 9.490611962974071503e-03 1.602479815483093262e-02 1.597990095615386963e-02 1.939267385751008987e-03 3.426796197891235352e-02 5.005139857530593872e-02 1.820131950080394745e-02 1.222560089081525803e-02 2.070633135735988617e-02 1.022266410291194916e-02 1.117731072008609772e-02 2.000771090388298035e-02 7.610295899212360382e-03 4.851835314184427261e-03 2.341618016362190247e-02 4.604969173669815063e-03 4.682377446442842484e-03 5.355050787329673767e-03 5.825212225317955017e-03 1.862307428382337093e-03 1.761173363775014877e-03 8.531034924089908600e-03 1.556143723428249359e-02 2.213425748050212860e-02 1.080215629190206528e-02 1.343132182955741882e-02 2.153103007003664970e-03 1.264179445570334792e-04 1.065347460098564625e-03 8.210500818677246571e-04 1.585015654563903809e-02 1.243172213435173035e-02 1.018172828480601311e-03 1.031426945701241493e-03
