8.488404750823974609e-01 4.943173006176948547e-02 1.030870154500007629e-02 2.400506474077701569e-02 3.185695037245750427e-02 4.690276458859443665e-02 4.468889534473419189e-02 9.841539897024631500e-03 3.007294051349163055e-02 1.274379715323448181e-02 4.422885924577713013e-02 3.075902722775936127e-02 4.065063595771789551e-02 2.902540564537048340e-02 1.686674170196056366e-02 1.762421219609677792e-03 1.032974012196063995e-02 3.882598876953125000e-02 3.487139940261840820e-02 6.278910674154758453e-03 8.395676501095294952e-03 1.066099386662244797e-02 2.131619676947593689e-02 1.259299553930759430e-02 4.854312166571617126e-03 6.444596685469150543e-03 4.351912532001733780e-03 3.327526897192001343e-02 1.904358528554439545e-02 2.750324271619319916e-02 2.713664202019572258e-03 7.850044406950473785e-03 2.747017191722989082e-03 9.954597800970077515e-03 1.690795086324214935e-02 2.229679375886917114e-02 1.823106035590171814e-02 4.841885063797235489e-03 6.597642786800861359e-03 1.756559684872627258e-02 1.827662438154220581e-02 2.710587903857231140e-02 2.696004509925842285e-02 1.183498837053775787e-02 5.129666533321142197e-03 2.014663629233837128e-02 3.483949974179267883e-02 2.541493624448776245e-02 6.022283341735601425e-03 1.131858024746179581e-02 3.581920464057475328e-05 7.308580912649631500e-03 1.799452491104602814e-02 1.238265074789524078e-02 4.374717548489570618e-02 3.116616979241371155e-02 1.228575012646615505e-03 2.328296005725860596e-02 3.006347268819808960e-02 1.964912936091423035e-02 2.482735924422740936e-02 2.065675146877765656e-02 1.047222502529621124e-02 1.317446585744619370e-02 1.934229210019111633e-02 9.018769487738609314e-03 2.996786031872034073e-03 1.145442016422748566e-02 2.399595221504569054e-03 6.785976700484752655e-03 1.678623445332050323e-02 2.166657010093331337e-03 2.741017378866672516e-02 2.087113913148641586e-03 1.427531428635120392e-02 1.403182838112115860e-02 2.208467945456504822e-02 1.711713336408138275e-02 1.944926008582115173e-02 2.511199377477169037e-02 1.861084438860416412e-02 1.488051260821521282e-03 4.561854060739278793e-03 2.392297983169555664e-02 2.477645501494407654e-02 1.477485615760087967e-02 2.291228063404560089e-02 1.289801113307476044e-02 2.494025416672229767e-02 1.443434134125709534e-02 1.166580989956855774e-02 1.229979377239942551e-02 1.703023444861173630e-03 3.569122869521379471e-03 2.462427131831645966e-02 1.794390566647052765e-02 1.088047120720148087e-02 2.395194722339510918e-03 2.102242782711982727e-02 2.953176386654376984e-02 5.236959084868431091e-03 1.002300716936588287e-02 1.252084877341985703e-02 1.700758584775030613e-03 7.250931113958358765e-03 9.840241633355617523e-03 4.314771387726068497e-03 1.683656685054302216e-02 4.292247816920280457e-03 6.028816103935241699e-03 2.022482082247734070e-02 3.213581442832946777e-02 1.670251227915287018e-02 2.253681980073451996e-02 1.702806563116610050e-03 2.079729689285159111e-03
4.943173006176948547e-02 8.488404750823974609e-01 4.716488532721996307e-03 2.311533689498901367e-02 2.325833402574062347e-02 4.945944994688034058e-02 5.488958954811096191e-02 1.664599403738975525e-02 1.899019442498683929e-02 2.195894718170166016e-03 3.917312622070312500e-02 3.372244909405708313e-02 5.246245861053466797e-02 3.714121133089065552e-02 1.593225076794624329e-02 6.643004715442657471e-03 3.734808880835771561e-03 2.266784943640232086e-02 3.534286841750144958e-02 2.516631269827485085e-03 2.809138037264347076e-03 1.211159746162593365e-03 3.132127597928047180e-02 3.263046592473983765e-02 9.305264800786972046e-03 6.257889792323112488e-03 1.191568467766046524e-02 3.416436538100242615e-02 1.432452071458101273e-02 2.062702365219593048e-02 8.414858020842075348e-04 2.622539876028895378e-03 2.160979993641376495e-02 1.718032918870449066e-02 7.364061661064624786e-03 1.043081004172563553e-02 1.130071002990007401e-02 1.477298326790332794e-02 1.809527166187763214e-03 1.056280732154846191e-02 8.666513487696647644e-03 3.383705392479896545e-02 2.443610690534114838e-02 2.333076484501361847e-02 2.051992155611515045e-02 3.212785348296165466e-02 4.510529711842536926e-02 2.628889493644237518e-02 5.202835891395807266e-03 6.864021532237529755e-03 8.257177658379077911e-03 1.088998373597860336e-02 2.368685416877269745e-02 1.348341070115566254e-02 2.771708741784095764e-02 2.006012573838233948e-02 1.069363858550786972e-02 1.567634753882884979e-02 2.770267799496650696e-02 2.035298757255077362e-02 1.235097181051969528e-02 2.229597233235836029e-02 3.502606414258480072e-03 2.688629738986492157e-02 1.565223373472690582e-02 1.257344521582126617e-02 1.879445044323801994e-04 2.131648361682891846e-03 1.482335943728685379e-02 2.245455421507358551e-02 9.375678375363349915e-03 3.223504172638058662e-03 1.104767527431249619e-02 4.327341448515653610e-03 6.889027543365955353e-03 1.757130026817321777e-02 2.590202540159225464e-02 1.276679895818233490e-02 4.106071218848228455e-02 3.366480814293026924e-03 8.071984630078077316e-04 5.220831837505102158e-03 1.668771496042609215e-03 2.055717073380947113e-02 1.206777244806289673e-02 2.842891728505492210e-03 8.565970696508884430e-03 8.239443413913249969e-03 3.104779310524463654e-02 5.890180356800556183e-03 9.456610307097434998e-03 1.040470320731401443e-02 4.072716401424258947e-04 7.096835412085056305e-03 1.066880580037832260e-02 3.711794968694448471e-03 7.906848564743995667e-03 4.147166037000715733e-04 2.418609149754047394e-02 3.665002435445785522e-02 4.644073545932769775e-03 9.201070293784141541e-03 1.498750410974025726e-02 4.797694738954305649e-03 1.835894188843667507e-03 1.974613964557647705e-02 8.593840175308287144e-04 1.586698368191719055e-02 1.170983887277543545e-03 1.323822326958179474e-02 1.200722623616456985e-02 1.293178554624319077e-02 1.965879835188388824e-02 1.866375282406806946e-02 4.546214826405048370e-03 7.127633318305015564e-03
1.030870154500007629e-02 4.716488532721996307e-03 8.488404750823974609e-01 1.363194751320406795e-04 1.083932816982269287e-02 6.266538519412279129e-03 3.208053065463900566e-03 2.875461243093013763e-02 1.228467933833599091e-02 3.601679950952529907e-02 1.368736661970615387e-02 5.636750254780054092e-03 3.740269225090742111e-03 1.438781060278415680e-02 1.617810130119323730e-02 1.174413878470659256e-02 1.229963172227144241e-02 1.237596198916435242e-02 5.430617369711399078e-03 2.358064427971839905e-02 2.717111818492412567e-02 2.774788625538349152e-02 7.396262604743242264e-03 1.885178126394748688e-02 2.297000959515571594e-02 9.234298951923847198e-03 1.667781546711921692e-02 9.846763685345649719e-03 4.291297122836112976e-02 1.037160307168960571e-02 1.447641849517822266e-02 1.412659417837858200e-02 1.026481948792934418e-02 2.557337051257491112e-03 6.997852586209774017e-03 1.603936962783336639e-02 6.864585448056459427e-03 1.335355266928672791e-02 1.152917277067899704e-03 1.322388183325529099e-02 2.949464134871959686e-02 4.561900626868009567e-03 2.599499886855483055e-03 1.898914575576782227e-02 3.187448717653751373e-03 9.432000108063220978e-03 7.103170733898878098e-03 2.246102318167686462e-02 7.653234526515007019e-03 1.178573258221149445e-02 1.979792490601539612e-02 1.958465203642845154e-02 2.425370737910270691e-02 2.474651485681533813e-02 2.410730579867959023e-03 1.058284565806388855e-02 5.566713865846395493e-03 8.261061157099902630e-05 2.259477972984313965e-02 1.534833572804927826e-02 6.348816677927970886e-03 1.031905529089272022e-03 1.822530664503574371e-02 1.324757933616638184e-02 2.615616843104362488e-02 2.578955516219139099e-02 1.910976320505142212e-02 1.418224815279245377e-02 1.197859924286603928e-02 9.234345518052577972e-03 2.427165582776069641e-02 9.330338798463344574e-03 3.169310977682471275e-03 1.058983337134122849e-02 8.324736729264259338e-03 1.198947080411016941e-03 4.452672787010669708e-03 7.741837762296199799e-03 6.970226764678955078e-03 2.909389697015285492e-02 5.879920348525047302e-02 4.377114400267601013e-02 1.019570697098970413e-02 2.324360981583595276e-02 1.321305986493825912e-02 3.601574804633855820e-03 3.654424473643302917e-02 3.100750409066677094e-02 8.990139700472354889e-03 1.487365225329995155e-03 3.069867566227912903e-02 9.183864109218120575e-03 2.856094762682914734e-02 3.429090604186058044e-02 1.743640284985303879e-03 1.468151900917291641e-02 6.296306848526000977e-03 2.454481273889541626e-02 1.015663240104913712e-02 9.069096297025680542e-03 2.061755210161209106e-02 1.483566872775554657e-02 7.042705081403255463e-03 1.232705917209386826e-02 2.796030603349208832e-02 2.791602909564971924e-02 1.964508369565010071e-02 2.567252330482006073e-02 1.928688958287239075e-02 8.659987710416316986e-03 3.501392435282468796e-03 3.308040648698806763e-02 3.344689728692173958e-03 3.032483626157045364e-03 1.030752249062061310e-02 8.166029118001461029e-03
2.400506474077701569e-02 2.311533689498901367e-02 1.363194751320406795e-04 8.488404750823974609e-01 3.625841066241264343e-02 3.073030896484851837e-02 1.603822968900203705e-02 1.101038869819603860e-04 4.393313429318368435e-04 4.371291026473045349e-03 1.971874758601188660e-02 1.060558948665857315e-02 1.853104308247566223e-02 9.632199071347713470e-03 1.711593940854072571e-02 6.470873631769791245e-05 2.509821439161896706e-03 2.738102152943611145e-02 2.362905070185661316e-02 1.851985789835453033e-02 2.453076466917991638e-02 1.164182089269161224e-02 1.219530310481786728e-02 7.769663818180561066e-03 1.607811823487281799e-02 2.132985042408108711e-03 2.046157419681549072e-02 1.542776171118021011e-02 6.236595101654529572e-03 1.586727425456047058e-02 2.087017521262168884e-02 2.222089841961860657e-02 1.405633892863988876e-02 1.471962593495845795e-02 2.073320746421813965e-02 2.352837100625038147e-02 1.179016474634408951e-02 2.347597479820251465e-02 2.729994244873523712e-02 3.665755316615104675e-02 1.772949844598770142e-02 9.660246782004833221e-03 7.182421628385782242e-03 1.238380186259746552e-02 3.724344132933765650e-04 2.214605221524834633e-03 2.078478224575519562e-02 1.943048648536205292e-02 6.516517139971256256e-03 1.712623424828052521e-02 2.181476680561900139e-03 1.105953473597764969e-02 5.223003216087818146e-03 3.001606278121471405e-02 2.441183663904666901e-02 3.539461642503738403e-02 2.034520730376243591e-02 2.003835327923297882e-02 2.326248027384281158e-02 2.725009433925151825e-02 3.582473471760749817e-02 4.493688791990280151e-02 1.786732859909534454e-02 2.036347240209579468e-02 1.288390718400478363e-02 9.779287502169609070e-03 1.629653759300708771e-02 1.467849034816026688e-02 8.242247626185417175e-03 2.348021045327186584e-02 3.172297030687332153e-03 8.486408740282058716e-03 3.842237219214439392e-02 7.993721403181552887e-03 1.795200817286968231e-02 1.724822446703910828e-02 3.370580729097127914e-03 2.177217975258827209e-03 2.278284728527069092e-02 1.732614822685718536e-02 3.377578686922788620e-03 2.521435031667351723e-03 9.373737499117851257e-03 2.490073442459106445e-03 1.475558895617723465e-02 5.036615952849388123e-02 1.994192041456699371e-02 2.594302594661712646e-02 2.412013895809650421e-02 6.278141401708126068e-03 1.511127874255180359e-02 1.311418041586875916e-02 9.376016445457935333e-03 3.262935904785990715e-03 4.135718941688537598e-02 2.682047337293624878e-02 1.654162257909774780e-02 2.551203360781073570e-03 6.376456469297409058e-03 2.374040195718407631e-03 4.773884080350399017e-03 5.741927307099103928e-03 4.833205603063106537e-03 4.607683978974819183e-03 4.325430840253829956e-03 8.780473843216896057e-03 2.050651237368583679e-02 1.221671421080827713e-02 1.311296503990888596e-02 4.500949382781982422e-02 1.263020443730056286e-03 8.409422822296619415e-03 1.300089713186025620e-02 5.349567625671625137e-03 2.442136406898498535e-03 2.252635918557643890e-02
3.185695037245750427e-02 2.325833402574062347e-02 1.083932816982269287e-02 3.625841066241264343e-02 8.488404750823974609e-01 3.343136608600616455e-02 2.916948311030864716e-02 8.272925391793251038e-03 4.451876040548086166e-03 7.063517812639474869e-03 3.764888271689414978e-02 2.887557074427604675e-02 2.075230330228805542e-02 2.660706825554370880e-02 2.443189732730388641e-02 1.559168100357055664e-02 7.736830506473779678e-03 2.742372639477252960e-02 3.920332342386245728e-02 2.344406209886074066e-02 8.802340365946292877e-03 8.178221993148326874e-03 3.018940798938274384e-02 2.388916909694671631e-02 1.523675490170717239e-02 3.167198505252599716e-03 1.357749849557876587e-02 2.919200621545314789e-02 1.493323035538196564e-02 3.474757447838783264e-02 1.804119721055030823e-02 2.122332528233528137e-02 2.025488764047622681e-02 5.600641015917062759e-03 6.742460187524557114e-03 2.573118731379508972e-02 2.802167274057865143e-02 3.290341934189200401e-03 2.568482607603073120e-02 4.084942489862442017e-02 4.409275949001312256e-03 1.685568504035472870e-02 2.148322388529777527e-02 1.490752864629030228e-02 2.106962911784648895e-02 2.060993574559688568e-02 3.284906595945358276e-02 2.138909325003623962e-02 1.255462132394313812e-02 2.264206483960151672e-02 9.224972687661647797e-03 1.269724406301975250e-02 1.420788746327161789e-02 2.149570733308792114e-02 2.858454920351505280e-02 2.761705778539180756e-02 8.487584069371223450e-03 1.998623460531234741e-02 2.466981485486030579e-02 2.387947589159011841e-02 1.953588798642158508e-02 2.375028096139431000e-02 2.904852293431758881e-02 8.939879015088081360e-03 2.923626638948917389e-02 2.028762921690940857e-02 9.867931716144084930e-03 5.059677641838788986e-03 1.015062350779771805e-02 5.719773937016725540e-03 6.117337383329868317e-03 1.239876355975866318e-02 2.164909819839522243e-04 1.051656715571880341e-02 2.771820873022079468e-03 1.829298026859760284e-02 2.649564296007156372e-02 1.584137417376041412e-02 1.693945378065109253e-02 2.746591344475746155e-02 5.810336006106808782e-06 8.635881356894969940e-03 2.067904360592365265e-02 3.508008271455764771e-02 6.534801330417394638e-03 3.360294178128242493e-02 2.685249783098697662e-02 3.106517903506755829e-02 1.539850234985351562e-02 9.007196873426437378e-03 2.892777789384126663e-03 1.034069526940584183e-02 2.211348182754591107e-04 1.154373586177825928e-02 2.509504184126853943e-02 1.920237392187118530e-02 1.226084772497415543e-03 1.033819839358329773e-02 1.828992925584316254e-02 1.827530376613140106e-02 1.352197257801890373e-03 3.646339988335967064e-03 2.177527174353599548e-02 8.275963366031646729e-03 1.756802201271057129e-03 5.523238214664161205e-04 7.163044996559619904e-03 8.745281957089900970e-03 1.428745966404676437e-02 3.737450169865041971e-04 2.169317565858364105e-02 2.004651539027690887e-02 2.732393704354763031e-02 2.759001031517982483e-02 9.243793785572052002e-03 5.586485844105482101e-03
4.690276458859443665e-02 4.945944994688034058e-02 6.266538519412279129e-03 3.073030896484851837e-02 3.343136608600616455e-02 8.488404750823974609e-01 4.547297954559326172e-02 6.340729538351297379e-03 2.105496823787689209e-02 1.567650400102138519e-02 3.752748295664787292e-02 3.175688162446022034e-02 3.979311883449554443e-02 3.294589743018150330e-02 1.661716029047966003e-02 1.977005787193775177e-02 1.305797416716814041e-02 2.903593331575393677e-02 3.236800059676170349e-02 6.842955946922302246e-03 2.346366876736283302e-03 3.457895014435052872e-03 2.341620065271854401e-02 2.552712522447109222e-02 9.244516491889953613e-03 1.301789376884698868e-02 1.046143588609993458e-03 3.334245085716247559e-02 8.443171158432960510e-03 2.586955763399600983e-02 1.920852996408939362e-02 9.621949866414070129e-03 1.339735742658376694e-02 1.039722654968500137e-02 2.364847995340824127e-02 1.738127693533897400e-02 1.613949611783027649e-02 1.358927041292190552e-02 9.267881512641906738e-03 2.360555343329906464e-02 6.268166471272706985e-03 1.843438856303691864e-02 1.264233607798814774e-02 2.263631857931613922e-02 8.594629354774951935e-03 2.397554367780685425e-02 4.472327604889869690e-02 2.131423167884349823e-02 7.207287941128015518e-03 1.803915761411190033e-02 3.691946156322956085e-03 3.628857666626572609e-03 2.669339999556541443e-02 1.859121583402156830e-02 3.038791380822658539e-02 3.091678954660892487e-02 2.022771164774894714e-03 2.125247381627559662e-02 3.013314493000507355e-02 2.125146798789501190e-02 2.118744142353534698e-02 2.397660166025161743e-02 7.504398468881845474e-03 2.138797007501125336e-02 1.574461907148361206e-02 1.010999362915754318e-02 3.216399345546960831e-03 7.629869971424341202e-03 1.123194955289363861e-02 1.959983818233013153e-02 7.096763700246810913e-03 1.316533051431179047e-02 1.155534666031599045e-02 1.262755715288221836e-03 4.703573882579803467e-03 8.278720080852508545e-03 1.923748478293418884e-02 9.720658883452415466e-03 2.983392961323261261e-02 1.380222477018833160e-02 6.557848304510116577e-03 2.818007487803697586e-03 2.433895599097013474e-03 2.693358995020389557e-02 1.044744066894054413e-02 2.080019004642963409e-02 2.137122489511966705e-02 1.572467945516109467e-02 2.995913103222846985e-02 5.805695895105600357e-03 1.466627325862646103e-02 8.771978318691253662e-03 1.053997594863176346e-02 1.005873666144907475e-03 1.947626098990440369e-02 1.462802942842245102e-02 1.050983462482690811e-02 7.968724705278873444e-03 1.422245707362890244e-02 1.979571767151355743e-02 8.377322927117347717e-03 1.800845004618167877e-02 9.743908420205116272e-03 2.814806764945387840e-03 7.629267405718564987e-03 2.309959009289741516e-02 5.293856840580701828e-03 1.103902235627174377e-02 2.532045822590589523e-03 1.764726825058460236e-02 1.274145767092704773e-02 2.319437824189662933e-02 9.207583032548427582e-03 1.376142539083957672e-02 1.058827992528676987e-02 1.979615539312362671e-03
4.468889534473419189e-02 5.488958954811096191e-02 3.208053065463900566e-03 1.603822968900203705e-02 2.916948311030864716e-02 4.547297954559326172e-02 8.488404750823974609e-01 1.995197869837284088e-02 1.343461405485868454e-02 9.804238565266132355e-03 4.249039292335510254e-02 3.507309406995773315e-02 5.128798633813858032e-02 3.944582492113113403e-02 2.354554831981658936e-02 4.345349501818418503e-03 1.244513224810361862e-02 1.692197099328041077e-02 3.291749581694602966e-02 4.194587934762239456e-03 5.513173528015613556e-04 3.055790439248085022e-03 3.531736135482788086e-02 3.691551834344863892e-02 6.331081502139568329e-03 4.687006294261664152e-04 9.100426919758319855e-03 2.905490621924400330e-02 1.400688104331493378e-02 2.344270423054695129e-02 6.533560808748006821e-03 1.330026425421237946e-03 2.515508979558944702e-02 1.630824245512485504e-02 4.649221864383434877e-06 5.982567556202411652e-03 1.620596647262573242e-02 1.582784578204154968e-02 6.247293204069137573e-03 1.359558012336492538e-02 1.483754348009824753e-02 3.455052152276039124e-02 3.374827280640602112e-02 2.729019895195960999e-02 3.372440114617347717e-02 4.109693318605422974e-02 5.167086049914360046e-02 3.511266782879829407e-02 1.351794344373047352e-04 2.330511342734098434e-03 1.974856667220592499e-02 2.275156043469905853e-02 1.933626458048820496e-02 9.835563600063323975e-03 2.361093647778034210e-02 1.130245439708232880e-02 7.338789291679859161e-03 6.165354046970605850e-03 2.309411019086837769e-02 1.840491779148578644e-02 8.180464617908000946e-03 1.167095266282558441e-02 9.785456582903862000e-03 2.729474566876888275e-02 2.357750013470649719e-02 1.899767853319644928e-02 4.605457186698913574e-03 3.029899206012487411e-03 1.447721943259239197e-02 7.938828319311141968e-03 4.338076338171958923e-03 1.811721012927591801e-03 1.259804144501686096e-02 9.278016164898872375e-03 4.730866290628910065e-03 2.459638565778732300e-02 2.851848863065242767e-02 2.119080163538455963e-02 3.484329581260681152e-02 4.030159208923578262e-03 7.421425543725490570e-03 7.764664012938737869e-03 1.260632183402776718e-02 1.932500489056110382e-02 4.981906618922948837e-03 2.035497920587658882e-03 1.364603731781244278e-02 1.277955714613199234e-02 2.380136027932167053e-02 7.252838462591171265e-03 3.108880482614040375e-03 1.982254534959793091e-02 1.346586854197084904e-03 1.446152804419398308e-03 7.143162190914154053e-03 3.374819410964846611e-03 6.180668249726295471e-03 1.654941937886178493e-03 2.238631807267665863e-02 3.898787498474121094e-02 5.902207456529140472e-03 8.071365766227245331e-03 2.583328261971473694e-02 8.980541490018367767e-03 1.065905438736081123e-03 1.294608134776353836e-02 5.550573114305734634e-03 1.160198822617530823e-02 1.226224820129573345e-03 4.842503985855728388e-04 1.348858047276735306e-02 9.155797772109508514e-03 2.940375730395317078e-02 2.782148681581020355e-02 8.303568698465824127e-03 1.539280056022107601e-03
9.841539897024631500e-03 1.664599403738975525e-02 2.875461243093013763e-02 1.101038869819603860e-04 8.272925391793251038e-03 6.340729538351297379e-03 1.995197869837284088e-02 8.488404750823974609e-01 8.631481789052486420e-03 1.116733625531196594e-02 2.037673629820346832e-02 1.304776407778263092e-02 2.397129684686660767e-02 1.788225374184548855e-03 4.152776300907135010e-02 2.241809386759996414e-03 1.546986587345600128e-02 2.624077955260872841e-03 2.267714589834213257e-02 2.123072370886802673e-02 3.418648615479469299e-02 2.161397569580003619e-04 2.747529000043869019e-02 2.026021108031272888e-02 3.153696283698081970e-02 1.519076991826295853e-02 1.479633152484893799e-02 2.813612297177314758e-02 5.505576264113187790e-03 6.834003608673810959e-03 1.466364227235317230e-02 2.832634374499320984e-02 3.763614967465400696e-02 3.702946007251739502e-02 3.484283387660980225e-02 1.662913896143436432e-02 1.205244287848472595e-02 1.823086664080619812e-02 4.744323901832103729e-03 8.167712017893791199e-03 6.288623902946710587e-03 1.804326847195625305e-02 1.597957126796245575e-02 1.583140343427658081e-02 1.535712275654077530e-02 8.145991712808609009e-03 1.300020888447761536e-02 2.538903057575225830e-02 1.299334131181240082e-02 2.519120695069432259e-03 2.991406014189124107e-03 8.785982616245746613e-03 1.503644883632659912e-02 1.420248672366142273e-02 9.951643878594040871e-04 1.418517529964447021e-02 2.519274689257144928e-02 1.501936372369527817e-02 1.535905990749597549e-02 1.341568212956190109e-02 1.876610517501831055e-02 1.082184724509716034e-02 2.665142156183719635e-02 1.115917321294546127e-02 2.199560776352882385e-02 2.191041037440299988e-02 2.813006192445755005e-02 3.397484123706817627e-02 1.939439401030540466e-02 2.510004118084907532e-02 2.011438086628913879e-02 1.754579506814479828e-02 3.920276183634996414e-03 4.777176678180694580e-02 1.050261594355106354e-02 1.534847635775804520e-02 1.846460625529289246e-02 4.109961912035942078e-03 3.249623114243149757e-03 1.789528131484985352e-02 2.093199826776981354e-02 2.208295650780200958e-02 6.875008344650268555e-03 9.614224545657634735e-03 7.980380207300186157e-03 2.460168907418847084e-03 2.693673595786094666e-02 2.741013839840888977e-02 1.098190154880285263e-02 2.133083716034889221e-02 8.349919691681861877e-03 1.072102505713701248e-02 1.681063696742057800e-02 1.846480742096900940e-02 1.628454029560089111e-02 7.390946615487337112e-03 1.587148196995258331e-02 2.593065239489078522e-02 2.498993836343288422e-02 2.421102114021778107e-02 2.263759262859821320e-02 2.781401947140693665e-02 2.334620617330074310e-02 2.759982272982597351e-02 3.071450069546699524e-02 2.133007906377315521e-02 1.610364019870758057e-02 1.019338425248861313e-02 2.248912677168846130e-02 5.628334358334541321e-03 8.112248033285140991e-03 6.324575282633304596e-03 1.474603731185197830e-02 7.219657767564058304e-03 2.867216244339942932e-03 1.722517423331737518e-02
3.007294051349163055e-02 1.899019442498683929e-02 1.228467933833599091e-02 4.393313429318368435e-04 4.451876040548086166e-03 2.105496823787689209e-02 1.343461405485868454e-02 8.631481789052486420e-03 8.488404750823974609e-01 1.802629418671131134e-02 1.606993004679679871e-02 1.210236828774213791e-02 1.404588203877210617e-02 1.200109161436557770e-02 1.539364550262689590e-02 1.176142878830432892e-02 5.278406199067831039e-03 3.995547816157341003e-02 4.313620273023843765e-03 2.043019980192184448e-02 1.748834038153290749e-03 1.605016179382801056e-02 1.349348668009042740e-02 1.891722343862056732e-02 2.417604625225067139e-02 1.472687069326639175e-02 2.269347012042999268e-02 2.973468741402029991e-03 1.548119541257619858e-02 2.145265694707632065e-03 8.275132626295089722e-03 1.938829571008682251e-02 3.144801035523414612e-02 1.080594956874847412e-02 3.873290121555328369e-02 2.192185958847403526e-03 1.451951824128627777e-02 7.215804420411586761e-03 1.399356313049793243e-02 1.145097985863685608e-02 2.016180381178855896e-02 1.258197007700800896e-04 2.517165848985314369e-03 6.755152251571416855e-03 2.459601685404777527e-02 8.692659437656402588e-03 1.567963883280754089e-02 5.437423475086688995e-03 1.945134438574314117e-02 4.914490040391683578e-03 1.261416543275117874e-02 4.548605065792798996e-03 4.030947573482990265e-03 3.329257015138864517e-03 2.489937096834182739e-02 1.891446858644485474e-02 2.865811251103878021e-02 4.685827530920505524e-03 7.614328060299158096e-04 1.171154901385307312e-02 3.571528568863868713e-02 3.106384538114070892e-03 3.466484323143959045e-02 1.122904568910598755e-02 1.229075132869184017e-03 1.012721937149763107e-02 1.364429015666246414e-02 2.796947956085205078e-02 2.837056852877140045e-02 2.415539463981986046e-03 2.864740230143070221e-02 3.352875635027885437e-02 1.454524695873260498e-02 1.675719581544399261e-02 5.198051221668720245e-03 1.411657966673374176e-02 2.936058305203914642e-02 9.898855350911617279e-03 1.241768151521682739e-02 1.033646520227193832e-03 1.553565822541713715e-02 1.466058660298585892e-02 1.021142210811376572e-02 5.560386925935745239e-03 3.521194681525230408e-02 4.538325127214193344e-03 7.751137018203735352e-03 1.710474677383899689e-02 2.106692554662004113e-04 2.713628672063350677e-02 1.537630916573107243e-03 1.400728616863489151e-02 1.029461156576871872e-02 2.371838688850402832e-02 1.281296648085117340e-02 1.234160736203193665e-02 5.064856726676225662e-03 1.359569188207387924e-02 8.932949043810367584e-03 5.487265880219638348e-04 1.842164993286132812e-02 1.758339442312717438e-02 2.043423615396022797e-02 2.655353210866451263e-02 1.234926842153072357e-02 2.162825129926204681e-02 1.187484897673130035e-02 3.836258128285408020e-02 9.949966333806514740e-03 6.280181463807821274e-03 1.222532335668802261e-02 6.400455720722675323e-03 7.973925210535526276e-03 9.857158875092864037e-04 2.024702541530132294e-02 8.367840200662612915e-03
1.274379715323448181e-02 2.195894718170166016e-03 3.601679950952529907e-02 4.371291026473045349e-03 7.063517812639474869e-03 1.567650400102138519e-02 9.804238565266132355e-03 1.116733625531196594e-02 1.802629418671131134e-02 8.488404750823974609e-01 1.561040338128805161e-02 2.365218242630362511e-03 5.967291072010993958e-03 1.346710324287414551e-02 5.593794863671064377e-03 1.375593710690736771e-02 1.074895635247230530e-02 3.751209378242492676e-02 1.861089095473289490e-02 2.290597651153802872e-03 1.337145362049341202e-02 2.219064161181449890e-02 1.150815654546022415e-02 2.094270288944244385e-02 3.877725685015320778e-03 4.271528450772166252e-04 4.257906693965196609e-03 1.966875046491622925e-02 2.718487381935119629e-02 1.180608104914426804e-02 5.537420976907014847e-03 1.629163138568401337e-02 6.715547642670571804e-04 5.339661613106727600e-03 4.509500227868556976e-03 2.315348945558071136e-02 2.567798597738146782e-03 2.024603262543678284e-02 6.962874904274940491e-03 1.381505560129880905e-02 4.199061542749404907e-02 8.640827611088752747e-03 2.713241800665855408e-02 1.095306873321533203e-02 2.781433239579200745e-02 3.295590355992317200e-02 2.143925754353404045e-03 1.113629154860973358e-02 1.494167518103495240e-04 3.195291385054588318e-02 4.857169836759567261e-02 4.493712261319160461e-02 2.326039038598537445e-02 1.582187786698341370e-02 1.595192030072212219e-02 3.474510833621025085e-02 4.935398697853088379e-03 9.725425392389297485e-03 1.715288683772087097e-02 4.307421855628490448e-03 2.240917272865772247e-02 1.647735200822353363e-02 9.096554480493068695e-03 2.334457263350486755e-02 6.310735829174518585e-03 2.688887529075145721e-03 1.418727170675992966e-02 4.221241455525159836e-03 7.770141121000051498e-03 2.001038752496242523e-02 3.305875137448310852e-02 1.655245572328567505e-02 1.140736043453216553e-02 1.352797634899616241e-02 2.390073612332344055e-02 2.499085664749145508e-02 6.538267247378826141e-03 2.706622332334518433e-02 7.802981417626142502e-03 3.927772864699363708e-02 3.300825878977775574e-02 1.732848957180976868e-02 3.663101466372609138e-03 3.801615908741950989e-02 1.697822846472263336e-02 2.875585108995437622e-02 1.738351397216320038e-02 1.171907689422369003e-02 1.117611955851316452e-02 1.732276566326618195e-02 3.057661233469843864e-03 3.851224435493350029e-03 1.353728864341974258e-02 8.536825887858867645e-03 6.130788009613752365e-03 3.236422315239906311e-02 9.384495206177234650e-03 1.196616422384977341e-02 6.575159495696425438e-04 1.839238405227661133e-02 1.173465233296155930e-02 5.686256336048245430e-04 1.614639908075332642e-02 1.629698649048805237e-02 2.007588511332869530e-03 3.483982291072607040e-03 1.987919583916664124e-02 1.429881900548934937e-02 1.154115423560142517e-02 1.283581834286451340e-02 9.824033826589584351e-03 3.001035191118717194e-02 2.592781744897365570e-02 2.040162868797779083e-02 2.934079803526401520e-02 2.534446492791175842e-02
4.422885924577713013e-02 3.917312622070312500e-02 1.368736661970615387e-02 1.971874758601188660e-02 3.764888271689414978e-02 3.752748295664787292e-02 4.249039292335510254e-02 2.037673629820346832e-02 1.606993004679679871e-02 1.561040338128805161e-02 8.488404750823974609e-01 3.127309307456016541e-02 3.840318694710731506e-02 2.718933857977390289e-02 2.490249648690223694e-02 4.784286720678210258e-04 1.615634746849536896e-02 4.054428264498710632e-02 3.986824676394462585e-02 1.126558985561132431e-02 1.146055571734905243e-02 1.083138491958379745e-02 2.331576310098171234e-02 1.768200658261775970e-02 7.039886433631181717e-03 1.025424338877201080e-02 1.616213936358690262e-03 3.080869279801845551e-02 2.622654289007186890e-02 3.236047551035881042e-02 6.444687023758888245e-03 1.413517259061336517e-02 1.885147020220756531e-02 8.816489949822425842e-03 8.329601027071475983e-03 2.330102398991584778e-02 2.777365408837795258e-02 7.229712791740894318e-04 1.917819306254386902e-02 2.912071347236633301e-02 6.513358093798160553e-03 2.910778485238552094e-02 2.990564890205860138e-02 1.539630070328712463e-02 1.950237341225147247e-02 2.200595848262310028e-02 3.660834953188896179e-02 3.072039783000946045e-02 7.751934230327606201e-03 2.275891788303852081e-02 1.958137610927224159e-03 7.998791523277759552e-03 2.243099175393581390e-02 2.258672192692756653e-02 3.420053422451019287e-02 2.782668732106685638e-02 1.113535836338996887e-02 8.093039505183696747e-03 2.882867678999900818e-02 2.555282413959503174e-02 2.226281166076660156e-02 1.018324401229619980e-02 2.083283849060535431e-02 3.240419318899512291e-03 3.476367145776748657e-02 2.282391861081123352e-02 1.005236711353063583e-02 2.940904581919312477e-03 7.714200299233198166e-03 2.979579614475369453e-03 1.241361815482378006e-02 2.817031927406787872e-03 1.863231137394905090e-02 1.120580732822418213e-02 1.258313935250043869e-02 1.388910412788391113e-02 2.591444365680217743e-02 2.004087157547473907e-02 1.492822542786598206e-02 2.798866108059883118e-02 8.531281724572181702e-03 7.773208897560834885e-03 1.384174358099699020e-02 3.068614937365055084e-02 1.743952929973602295e-02 1.833147369325160980e-02 2.502021566033363342e-02 2.429004013538360596e-02 2.342369221150875092e-02 6.530415266752243042e-04 2.126366598531603813e-03 2.170435339212417603e-02 2.070745686069130898e-03 7.552589755505323410e-03 1.255276706069707870e-02 1.912766508758068085e-02 2.204071963205933571e-03 1.013568881899118423e-02 2.169195562601089478e-02 2.910500392317771912e-02 2.807106124237179756e-03 2.400421537458896637e-03 1.796263642609119415e-02 3.720939625054597855e-03 6.823921110481023788e-03 1.229009125381708145e-03 4.726224113255739212e-03 2.365261316299438477e-03 1.659995876252651215e-02 6.180980708450078964e-03 2.280204929411411285e-02 2.324440889060497284e-02 2.387772873044013977e-02 2.578733861446380615e-02 1.708639087155461311e-03 1.933209225535392761e-02
3.075902722775936127e-02 3.372244909405708313e-02 5.636750254780054092e-03 1.060558948665857315e-02 2.887557074427604675e-02 3.175688162446022034e-02 3.507309406995773315e-02 1.304776407778263092e-02 1.210236828774213791e-02 2.365218242630362511e-03 3.127309307456016541e-02 8.488404750823974609e-01 3.404416516423225403e-02 4.711845517158508301e-02 1.906796731054782867e-02 1.154183410108089447e-02 2.220685128122568130e-03 1.402605697512626648e-02 3.497043624520301819e-02 1.404554210603237152e-02 1.791982795111835003e-03 1.048152428120374680e-02 3.005377575755119324e-02 3.143941983580589294e-02 3.389447228983044624e-03 8.280480979010462761e-04 1.004643738269805908e-02 3.599822893738746643e-02 8.902806439436972141e-04 3.180785104632377625e-02 1.264832448214292526e-02 1.367999427020549774e-02 2.491563558578491211e-02 8.691753260791301727e-03 8.115706034004688263e-03 2.704293653368949890e-02 2.726209349930286407e-02 1.174490083940327168e-03 1.781876757740974426e-02 2.465406805276870728e-02 2.406244748272001743e-04 3.370306268334388733e-02 2.887149527668952942e-02 1.382045075297355652e-02 2.440159954130649567e-02 3.544382005929946899e-02 2.135338075459003448e-02 1.392021868377923965e-02 1.470708055421710014e-03 2.571313455700874329e-02 1.429473515599966049e-02 1.679712720215320587e-02 2.446714416146278381e-02 1.327581703662872314e-02 2.475419640541076660e-02 2.159995771944522858e-02 2.193197980523109436e-02 1.299037504941225052e-02 2.802180498838424683e-02 2.482925727963447571e-02 7.022359408438205719e-03 1.331454515457153320e-02 2.202738076448440552e-02 1.812339411117136478e-03 1.793576963245868683e-02 1.586864143610000610e-02 1.099162269383668900e-02 2.769792918115854263e-03 2.078285254538059235e-02 8.870332501828670502e-03 3.910576459020376205e-03 1.777254976332187653e-02 3.110715746879577637e-02 3.430198179557919502e-03 2.153405174612998962e-02 1.608108729124069214e-02 4.022780060768127441e-02 2.791188657283782959e-02 3.276299685239791870e-02 8.276633918285369873e-03 3.679383313283324242e-03 7.086527999490499496e-03 8.149831555783748627e-03 2.170450612902641296e-02 6.632582284510135651e-03 1.206485368311405182e-02 1.866939105093479156e-02 2.173524536192417145e-02 3.576073423027992249e-02 2.005057781934738159e-02 7.853130809962749481e-03 2.559641748666763306e-02 7.562279235571622849e-03 7.567035965621471405e-03 5.872762762010097504e-03 1.085378322750329971e-02 1.148321572691202164e-02 8.062961511313915253e-03 3.381001204252243042e-02 3.662361949682235718e-02 4.388198722153902054e-03 7.895166985690593719e-03 3.032884560525417328e-02 2.312822453677654266e-02 2.445442834869027138e-03 4.863711073994636536e-03 6.058681290596723557e-03 6.445995066314935684e-03 8.565779775381088257e-03 8.181564509868621826e-03 4.022911190986633301e-02 2.658553235232830048e-02 2.464623935520648956e-02 3.264819458127021790e-02 2.329443953931331635e-02 8.628598414361476898e-03
4.065063595771789551e-02 5.246245861053466797e-02 3.740269225090742111e-03 1.853104308247566223e-02 2.075230330228805542e-02 3.979311883449554443e-02 5.128798633813858032e-02 2.397129684686660767e-02 1.404588203877210617e-02 5.967291072010993958e-03 3.840318694710731506e-02 3.404416516423225403e-02 8.488404750823974609e-01 3.538547828793525696e-02 2.428847551345825195e-02 4.223511554300785065e-03 8.528565987944602966e-03 1.878790184855461121e-02 2.810041606426239014e-02 5.941105540841817856e-03 6.058067083358764648e-03 2.091367729008197784e-03 2.694458700716495514e-02 3.107851743698120117e-02 4.067332018166780472e-03 8.817788213491439819e-03 9.199202060699462891e-03 2.599834650754928589e-02 2.174801891669631004e-03 1.724409684538841248e-02 9.723952971398830414e-03 7.770806550979614258e-03 2.494343183934688568e-02 2.304198592901229858e-02 5.434874445199966431e-03 1.517835445702075958e-02 2.333232760429382324e-02 1.890481822192668915e-02 1.718288660049438477e-02 1.772191561758518219e-02 1.510643120855093002e-02 3.683570399880409241e-02 3.481496870517730713e-02 3.390845656394958496e-02 2.509166300296783447e-02 3.539002314209938049e-02 3.168547153472900391e-02 3.142958879470825195e-02 2.874307101592421532e-03 1.115797739475965500e-02 1.425124611705541611e-02 1.491714548319578171e-02 2.590494975447654724e-02 1.851398125290870667e-02 2.813322097063064575e-02 1.970186270773410797e-02 1.579948887228965759e-02 1.534705865196883678e-03 2.553120069205760956e-02 2.638475410640239716e-02 1.285098306834697723e-02 6.861879024654626846e-03 1.057014614343643188e-02 1.315763965249061584e-02 2.114818431437015533e-02 2.035402692854404449e-02 6.515855900943279266e-03 1.215305528603494167e-03 1.999197341501712799e-02 5.675152409821748734e-03 5.495260935276746750e-03 8.059362880885601044e-04 1.047008391469717026e-02 3.491161391139030457e-03 5.162277375347912312e-04 1.929902844130992889e-02 2.884940803050994873e-02 2.810421772301197052e-02 2.929966151714324951e-02 3.072067396715283394e-03 1.391850295476615429e-03 4.118769429624080658e-03 5.306044593453407288e-03 7.508215494453907013e-04 1.271800883114337921e-02 6.031008670106530190e-04 1.579605974256992340e-02 1.534025371074676514e-02 3.395998105406761169e-02 3.989829681813716888e-03 1.603762060403823853e-02 2.584716677665710449e-02 2.888072922360152006e-04 4.504327953327447176e-04 3.424445167183876038e-03 1.522245234809815884e-03 6.396195851266384125e-03 2.128398977220058441e-03 2.884799055755138397e-02 4.090117663145065308e-02 6.757910363376140594e-03 3.747592272702604532e-04 2.758503518998622894e-02 1.620420068502426147e-02 7.551299873739480972e-03 7.916585542261600494e-03 1.184415724128484726e-02 7.361997850239276886e-03 1.393314171582460403e-02 8.534370572306215763e-04 2.229245565831661224e-02 1.327823475003242493e-02 2.818610146641731262e-02 2.229527197778224945e-02 9.103444404900074005e-03 1.416303869336843491e-02
