8.137415051460266113e-01 8.279754221439361572e-02 4.786929581314325333e-03 5.701665300875902176e-03 1.601397059857845306e-02 5.288916453719139099e-02 5.274938419461250305e-02 1.641237060539424419e-03 2.028655819594860077e-02 2.144554443657398224e-02 6.819978356361389160e-02 7.931770524010062218e-04 4.435022920370101929e-02 8.671521209180355072e-03 6.055958569049835205e-03 1.947703026235103607e-02 1.692578755319118500e-02 2.340176887810230255e-02 2.560253255069255829e-02 6.144681945443153381e-03 1.845431514084339142e-03 5.854594986885786057e-03 1.330115017481148243e-03 6.446783896535634995e-03 1.082752458751201630e-02 2.383869374170899391e-03 3.950937651097774506e-03 8.806901983916759491e-03 4.235445335507392883e-02 1.183932088315486908e-02 2.286899834871292114e-02 1.282980758696794510e-02 7.730124052613973618e-03 1.586743630468845367e-02 2.091173268854618073e-02 2.448040992021560669e-02 2.180101163685321808e-02 2.502205548807978630e-03 1.572289690375328064e-02 5.668791476637125015e-03 1.366683281958103180e-03 8.282084017992019653e-03 1.199599169194698334e-02 1.736923307180404663e-02 3.073002211749553680e-03 4.820232279598712921e-03 3.120519965887069702e-02 3.670964762568473816e-02 3.293439000844955444e-02 2.341309189796447754e-02 1.356893498450517654e-02 2.895556390285491943e-02 1.330576930195093155e-02 1.958550885319709778e-02 1.352519169449806213e-02 1.502839475870132446e-02 1.337159238755702972e-02 2.744226483628153801e-03 6.955745629966259003e-04 1.547761168330907822e-02 9.618915617465972900e-03 1.239640358835458755e-02 8.126467466354370117e-03 1.486181002110242844e-02 3.071122616529464722e-02 1.562421303242444992e-02 4.545335192233324051e-03 3.233132883906364441e-03 5.304771009832620621e-03 1.689098589122295380e-02 1.147230528295040131e-02 1.820184988901019096e-03 1.678718137554824352e-03 3.362979507073760033e-03 1.338389888405799866e-02 1.148299872875213623e-02 4.678867757320404053e-03 1.325642783194780350e-02 8.553667925298213959e-03 7.212474942207336426e-03 6.152395159006118774e-03 3.855367423966526985e-03 2.951037371531128883e-03 2.991867251694202423e-02 7.224736735224723816e-03 7.105988333933055401e-04 1.001937966793775558e-02 2.037236117757856846e-04 2.899158932268619537e-02 1.946975290775299072e-02 2.244322746992111206e-02 1.053171232342720032e-02 1.754249073565006256e-02 3.112973179668188095e-03 8.590403012931346893e-03 1.625060662627220154e-02 1.359301712363958359e-02 6.354883778840303421e-03 2.581841126084327698e-02 7.683944422751665115e-03 1.650034077465534210e-02 1.675240695476531982e-02 3.532269911374896765e-04 6.934744305908679962e-03 4.872517660260200500e-03 6.682069506496191025e-03 1.458891481161117554e-02 1.502851676195859909e-02 1.748911477625370026e-02 9.392842650413513184e-03 2.243722788989543915e-03 8.440116420388221741e-03 5.777214653789997101e-03 8.918840438127517700e-03 2.145976759493350983e-02 9.908387437462806702e-03
8.279754221439361572e-02 8.137415051460266113e-01 2.948429808020591736e-02 4.584201611578464508e-03 9.351169574074447155e-04 3.687735274434089661e-02 6.531868875026702881e-02 4.267284646630287170e-03 1.754710264503955841e-02 1.533617451786994934e-02 6.165679171681404114e-02 2.633508993312716484e-03 6.290606409311294556e-02 1.308026816695928574e-02 1.780544407665729523e-02 2.228870242834091187e-02 1.507444214075803757e-02 8.305138908326625824e-03 1.939387246966362000e-02 1.624416559934616089e-02 2.945605665445327759e-02 5.257788579910993576e-03 1.381191890686750412e-03 1.810735440813004971e-03 1.706333644688129425e-02 2.269967086613178253e-02 7.683327421545982361e-04 1.623681979253888130e-03 3.271281346678733826e-02 2.050517499446868896e-02 2.124517969787120819e-02 5.578170996159315109e-03 1.904208399355411530e-02 5.416616797447204590e-03 1.891771517693996429e-02 2.079809084534645081e-02 3.751207608729600906e-03 1.169805135577917099e-02 5.646671634167432785e-03 4.137784242630004883e-03 4.236529115587472916e-03 2.080452069640159607e-02 2.505448646843433380e-02 5.687604658305644989e-03 1.826685108244419098e-02 1.424330845475196838e-02 6.431234069168567657e-03 3.218906745314598083e-02 5.759554449468851089e-03 5.864676088094711304e-03 2.022953703999519348e-02 1.490641944110393524e-02 9.701961971586570144e-05 6.533667910844087601e-03 7.158915512263774872e-03 1.291782688349485397e-02 4.542919807136058807e-03 3.101179003715515137e-02 6.624648347496986389e-03 2.300824970006942749e-02 9.375142864882946014e-03 5.544408224523067474e-03 5.789635237306356430e-03 1.019713748246431351e-02 2.517973072826862335e-02 3.222504630684852600e-02 2.603300474584102631e-02 9.293386712670326233e-03 8.415741845965385437e-03 1.558318384923040867e-03 1.138183195143938065e-02 1.864156313240528107e-02 1.649334910325706005e-03 8.205298334360122681e-03 2.826860174536705017e-03 4.836247768253087997e-03 1.284617837518453598e-02 2.060232125222682953e-02 2.200638875365257263e-02 7.110987324267625809e-03 2.113603986799716949e-02 1.832049340009689331e-02 7.805176079273223877e-03 7.221959996968507767e-03 3.110461682081222534e-02 3.508240217342972755e-03 5.149341654032468796e-03 8.477338589727878571e-03 2.326616644859313965e-02 4.629641771316528320e-03 3.012890927493572235e-02 1.076526707038283348e-03 1.720305532217025757e-02 3.362291725352406502e-03 1.962453592568635941e-03 6.847964832559227943e-04 2.517519704997539520e-02 1.441707368940114975e-03 1.365937851369380951e-02 1.230145338922739029e-03 1.231482625007629395e-02 1.553929783403873444e-02 2.046312578022480011e-02 1.426613796502351761e-02 1.557992026209831238e-02 1.611723378300666809e-02 2.829456469044089317e-03 1.540384255349636078e-02 2.703922986984252930e-02 2.670124545693397522e-02 1.149994228035211563e-02 6.325775291770696640e-03 2.897696942090988159e-02 2.296931855380535126e-02 2.058114483952522278e-02 1.156502682715654373e-02
4.786929581314325333e-03 2.948429808020591736e-02 8.137415051460266113e-01 6.179977208375930786e-03 5.631125066429376602e-03 8.852214552462100983e-03 1.785346306860446930e-02 5.241729691624641418e-02 7.157769519835710526e-03 5.893408320844173431e-03 1.941968314349651337e-02 1.657215319573879242e-02 1.940746419131755829e-02 1.204006839543581009e-02 2.061065845191478729e-02 4.344012588262557983e-03 6.765514612197875977e-03 4.570816643536090851e-03 6.048306822776794434e-03 1.107498886995017529e-03 2.511289715766906738e-02 2.245416678488254547e-02 7.512243464589118958e-03 1.366074569523334503e-02 1.072123274207115173e-02 2.439051307737827301e-02 2.088516950607299805e-02 3.484323315205983818e-05 4.366963170468807220e-03 5.625730380415916443e-03 1.145640946924686432e-02 5.575274117290973663e-03 9.290277957916259766e-03 1.090709585696458817e-02 1.946236705407500267e-03 1.994165591895580292e-02 1.710717938840389252e-02 2.681251801550388336e-02 3.144332021474838257e-02 5.895537789911031723e-03 1.195031963288784027e-02 2.312812255695462227e-03 1.244803052395582199e-02 1.529130898416042328e-02 1.065828278660774231e-02 7.633279543370008469e-03 1.364636002108454704e-03 9.774229489266872406e-03 3.585288766771554947e-03 4.425243940204381943e-03 7.770050317049026489e-03 1.445368118584156036e-02 3.205151483416557312e-02 4.014634713530540466e-02 3.029802581295371056e-03 4.372176714241504669e-03 9.921751916408538818e-03 1.019326224923133850e-02 4.816452041268348694e-02 2.664752677083015442e-02 8.727280423045158386e-03 1.961512677371501923e-02 1.755529432557523251e-03 2.343041123822331429e-04 4.122866957914084196e-04 9.056544862687587738e-03 7.044477853924036026e-03 2.225123811513185501e-03 2.964610792696475983e-02 1.124488376080989838e-02 2.551678754389286041e-02 1.337271835654973984e-02 8.942427812144160271e-04 2.306929789483547211e-02 2.619937527924776077e-03 2.671683393418788910e-02 2.737335860729217529e-02 7.714394945651292801e-03 4.277272964827716351e-04 1.669754832983016968e-02 6.501820683479309082e-02 5.974400043487548828e-02 2.056910423561930656e-03 1.831746101379394531e-02 4.975782707333564758e-03 5.249950103461742401e-03 4.610598459839820862e-02 3.746832162141799927e-02 1.004003453999757767e-02 1.024909690022468567e-02 1.292928005568683147e-03 1.460498105734586716e-02 1.429596636444330215e-02 1.511715352535247803e-02 1.496227551251649857e-02 4.924555309116840363e-03 2.514086663722991943e-02 2.804253250360488892e-02 1.722035696730017662e-03 1.061533950269222260e-02 6.046833936125040054e-03 1.627207361161708832e-02 3.227389976382255554e-02 2.565536648035049438e-02 2.892442420125007629e-02 1.329384464770555496e-02 2.810103632509708405e-02 9.844704531133174896e-03 1.334759406745433807e-02 4.138838266953825951e-04 2.304911240935325623e-02 2.283657900989055634e-02 9.192069061100482941e-03 2.658594166859984398e-03 1.350848283618688583e-02 2.928015962243080139e-02
5.701665300875902176e-03 4.584201611578464508e-03 6.179977208375930786e-03 8.137415051460266113e-01 6.456109136343002319e-02 1.410355139523744583e-02 2.183571830391883850e-02 1.582032814621925354e-02 1.434903405606746674e-02 1.649906300008296967e-02 2.472767047584056854e-02 9.295974159613251686e-04 1.286461204290390015e-02 3.295365348458290100e-02 1.140769105404615402e-02 6.501416210085153580e-03 3.581945318728685379e-03 3.209228813648223877e-02 1.570428721606731415e-02 2.063001273199915886e-03 1.062359195202589035e-02 6.745268590748310089e-03 3.072664141654968262e-03 2.261258289217948914e-02 3.503411076962947845e-03 6.703371036564931273e-05 1.155855320394039154e-02 1.729843579232692719e-02 1.227431464940309525e-02 1.027886988595128059e-03 1.187006849795579910e-02 1.577985100448131561e-02 2.065791375935077667e-02 1.407462544739246368e-02 2.456046082079410553e-02 5.699844332411885262e-04 4.487358499318361282e-03 1.489701773971319199e-02 3.316207975149154663e-02 2.732149325311183929e-02 2.495744824409484863e-02 1.198973413556814194e-02 2.098915539681911469e-02 4.372154828161001205e-03 2.472005225718021393e-02 2.414426207542419434e-02 7.136181811802089214e-04 1.519699813798069954e-03 1.830511726438999176e-02 2.694711834192276001e-02 8.847379125654697418e-03 1.343907974660396576e-02 3.003495279699563980e-03 2.676840638741850853e-03 9.340306743979454041e-03 1.916461065411567688e-02 3.398774936795234680e-02 1.187928952276706696e-02 8.385825902223587036e-03 6.109151872806251049e-04 4.809526726603507996e-02 2.171896025538444519e-02 2.777555398643016815e-02 3.580293431878089905e-02 1.600884273648262024e-02 1.292811939492821693e-03 3.348856465891003609e-03 4.618719685822725296e-03 2.972218021750450134e-02 1.159159839153289795e-02 7.384955417364835739e-03 1.467766799032688141e-02 6.381625682115554810e-02 1.739152520895004272e-02 3.975854068994522095e-02 1.495850645005702972e-02 4.322187043726444244e-03 3.025331906974315643e-02 1.240775734186172485e-02 8.650069124996662140e-03 1.354189869016408920e-02 1.639116369187831879e-02 5.727390199899673462e-02 1.561397127807140350e-02 1.436598948203027248e-03 1.207735668867826462e-02 2.020000480115413666e-03 4.007041919976472855e-03 3.058439865708351135e-02 2.153983898460865021e-02 1.086638960987329483e-02 5.595805589109659195e-03 7.155965082347393036e-03 1.015808898955583572e-02 1.087203621864318848e-02 2.323663979768753052e-02 1.750785857439041138e-02 3.222754166927188635e-04 1.171449851244688034e-02 2.318149060010910034e-02 2.243741787970066071e-02 2.502438984811306000e-02 1.129833422601222992e-02 1.026383601129055023e-02 6.061379797756671906e-03 3.707922063767910004e-03 1.515223644673824310e-02 2.373221889138221741e-02 3.704700618982315063e-02 1.260976493358612061e-02 1.779557578265666962e-02 5.303555168211460114e-03 1.790394447743892670e-02 1.756461709737777710e-02 5.142373498529195786e-03 9.753577760420739651e-04
1.601397059857845306e-02 9.351169574074447155e-04 5.631125066429376602e-03 6.456109136343002319e-02 8.137415051460266113e-01 7.857390679419040680e-03 1.616066880524158478e-02 1.135826483368873596e-02 1.022576726973056793e-02 4.155603237450122833e-03 3.467958420515060425e-02 4.514561034739017487e-03 1.483302563428878784e-02 1.894854009151458740e-03 1.637905463576316833e-02 2.062913775444030762e-02 1.676214486360549927e-02 1.679646223783493042e-02 2.381580136716365814e-02 5.690087098628282547e-03 2.861505933105945587e-02 4.778557457029819489e-03 2.001112140715122223e-02 1.921364665031433105e-02 1.108790095895528793e-02 7.300847209990024567e-03 1.331934146583080292e-02 2.133984304964542389e-02 2.949083223938941956e-02 2.665219083428382874e-02 9.492300450801849365e-03 2.613343531265854836e-03 2.473493665456771851e-02 2.356964861974120140e-03 2.447436563670635223e-03 9.095964953303337097e-03 3.531791036948561668e-03 1.993599114939570427e-03 4.374694451689720154e-02 5.676285922527313232e-02 1.102884020656347275e-02 2.895196340978145599e-02 3.064264729619026184e-02 4.357487894594669342e-03 2.909250557422637939e-02 6.795558147132396698e-03 1.056316890753805637e-03 1.387368189170956612e-03 2.039681188762187958e-02 1.550575625151395798e-02 2.261434867978096008e-02 1.469667721539735794e-02 1.929613179527223110e-03 8.126334287226200104e-03 2.689473330974578857e-02 2.545571140944957733e-02 9.564892388880252838e-03 5.017003044486045837e-03 4.206507001072168350e-03 5.171178840100765228e-03 2.562035061419010162e-02 1.066193915903568268e-02 6.690918467938899994e-03 1.416844502091407776e-02 2.960087358951568604e-02 1.425536349415779114e-02 6.757557392120361328e-03 1.271076314151287079e-02 1.624387316405773163e-02 1.355228712782263756e-03 1.851060427725315094e-02 4.969983361661434174e-03 4.424098134040832520e-02 9.911218658089637756e-03 8.060245960950851440e-02 2.406327053904533386e-03 2.006953023374080658e-02 9.089686907827854156e-03 1.002894947305321693e-03 1.166216935962438583e-02 5.783646367490291595e-03 7.440867833793163300e-03 4.662029445171356201e-02 4.925145208835601807e-02 1.979005290195345879e-03 1.038069091737270355e-02 1.145514100790023804e-02 3.374734893441200256e-03 8.323784568347036839e-04 3.627268597483634949e-04 1.579676172696053982e-03 2.399823628365993500e-03 1.600230694748461246e-03 3.590209176763892174e-03 7.375708315521478653e-03 1.940341107547283173e-02 1.426452212035655975e-02 1.269588805735111237e-02 1.502253208309412003e-02 1.457090023905038834e-02 3.334108740091323853e-02 2.284232154488563538e-02 6.406352389603853226e-03 7.070723921060562134e-03 2.028685994446277618e-02 1.588105596601963043e-02 1.573968864977359772e-02 2.202246896922588348e-02 2.234467491507530212e-02 5.796665325760841370e-03 2.232653833925724030e-02 6.130094407126307487e-04 2.824379876255989075e-02 3.882068395614624023e-02 9.118023328483104706e-03 7.476370315998792648e-03
5.288916453719139099e-02 3.687735274434089661e-02 8.852214552462100983e-03 1.410355139523744583e-02 7.857390679419040680e-03 8.137415051460266113e-01 8.212692290544509888e-02 6.642139982432126999e-03 1.434433367103338242e-02 4.151280969381332397e-02 3.599830716848373413e-02 3.279592096805572510e-02 2.512900158762931824e-03 2.480325102806091309e-02 7.738535758107900620e-03 2.308670990169048309e-02 1.090121571905910969e-03 5.421570967882871628e-03 1.327312551438808441e-02 3.339841961860656738e-02 2.936372533440589905e-02 1.838598400354385376e-02 5.223816260695457458e-03 1.392136327922344208e-02 2.458845637738704681e-02 1.799366436898708344e-02 1.495715882629156113e-02 2.945065498352050781e-02 6.452348548918962479e-03 1.831603981554508209e-02 9.183859452605247498e-03 1.513667777180671692e-02 2.069586329162120819e-02 1.224784553050994873e-02 4.179060459136962891e-02 9.253962896764278412e-03 2.047626487910747528e-02 1.184381544589996338e-02 1.966835558414459229e-02 1.300051715224981308e-02 2.155922912061214447e-02 1.294186804443597794e-02 3.256375901401042938e-03 1.592934597283601761e-03 2.691239677369594574e-02 2.337795868515968323e-02 3.724351152777671814e-02 3.014479577541351318e-02 1.829380542039871216e-02 7.791949319653213024e-04 9.761152788996696472e-03 1.204122230410575867e-02 3.817589581012725830e-02 2.515965700149536133e-02 6.135396659374237061e-03 2.021123655140399933e-03 1.256750692846253514e-04 6.696265656501054764e-03 2.924852445721626282e-02 2.860500663518905640e-02 5.526356399059295654e-03 2.165639214217662811e-02 2.187697403132915497e-02 3.685025498270988464e-02 1.080358773469924927e-02 5.347480531781911850e-03 2.145539224147796631e-02 8.819742128252983093e-03 1.641315594315528870e-02 6.559253204613924026e-03 5.054876208305358887e-03 8.130752481520175934e-03 1.967964693903923035e-02 3.082253504544496536e-03 1.213075220584869385e-02 1.722169574350118637e-03 1.101498305797576904e-02 2.278695069253444672e-02 2.775363996624946594e-02 2.189279906451702118e-02 1.745725609362125397e-02 1.737805083394050598e-02 1.152105722576379776e-02 1.344116777181625366e-02 1.535783521831035614e-02 1.561279594898223877e-02 6.076961755752563477e-03 7.760050706565380096e-03 1.287793833762407303e-02 2.967636566609144211e-03 6.820902694016695023e-03 1.088554598391056061e-02 7.380369585007429123e-03 4.567635711282491684e-03 6.623290944844484329e-03 4.825362470000982285e-03 2.552620600908994675e-03 1.131101138889789581e-02 2.699576131999492645e-02 1.014980021864175797e-02 2.378027513623237610e-02 3.045483492314815521e-02 4.201116971671581268e-03 8.337108884006738663e-04 2.238367870450019836e-02 1.496740616858005524e-02 1.001826860010623932e-02 9.141665650531649590e-04 2.124304324388504028e-02 8.377441205084323883e-03 5.313519854098558426e-03 9.932077489793300629e-03 2.296027028933167458e-03 1.006558630615472794e-02 1.975037902593612671e-02 1.079959888011217117e-02
5.274938419461250305e-02 6.531868875026702881e-02 1.785346306860446930e-02 2.183571830391883850e-02 1.616066880524158478e-02 8.212692290544509888e-02 8.137415051460266113e-01 6.144545041024684906e-03 1.233645621687173843e-02 3.751716390252113342e-02 4.448089748620986938e-02 1.238616835325956345e-02 2.887423895299434662e-02 2.480215765535831451e-02 5.981216207146644592e-03 2.308623678982257843e-02 1.187765155918896198e-03 3.031443804502487183e-03 1.748492382466793060e-02 1.413540076464414597e-02 5.254168994724750519e-03 7.244468666613101959e-03 2.802117960527539253e-04 5.563743878155946732e-03 9.414656087756156921e-03 6.449961569160223007e-03 4.183813463896512985e-03 1.714059337973594666e-02 1.349244732409715652e-02 1.124246325343847275e-02 8.255422115325927734e-03 1.594415679574012756e-02 2.892004698514938354e-02 1.140430476516485214e-02 3.687449917197227478e-02 1.937883906066417694e-02 2.339770086109638214e-02 1.123908441513776779e-02 1.883743703365325928e-02 1.253492664545774460e-02 2.295190840959548950e-02 6.555070169270038605e-03 2.154713682830333710e-02 1.969733420992270112e-04 2.904755994677543640e-02 3.919951990246772766e-02 3.720197826623916626e-02 5.470724776387214661e-02 7.683260831981897354e-03 9.133923798799514771e-03 7.045512553304433823e-03 2.987930784001946449e-03 2.566142007708549500e-02 1.285749208182096481e-02 1.766848959960043430e-03 7.298291660845279694e-03 7.185617578215897083e-04 2.488372474908828735e-02 2.245477959513664246e-02 9.236943908035755157e-03 8.894735015928745270e-03 1.827593892812728882e-02 1.522380113601684570e-02 3.419761732220649719e-02 5.953018553555011749e-03 1.982126384973526001e-02 1.090216566808521748e-03 7.165655493736267090e-03 9.715765714645385742e-03 1.115419552661478519e-03 1.322870701551437378e-02 2.586927451193332672e-02 1.998392120003700256e-02 7.641542702913284302e-03 1.214721333235502243e-02 7.792071439325809479e-03 2.475939691066741943e-03 3.134942054748535156e-02 3.026174940168857574e-02 1.815897412598133087e-02 3.010438941419124603e-02 2.064659260213375092e-02 1.436290610581636429e-02 2.287503564730286598e-03 1.837949268519878387e-02 3.336481284350156784e-03 1.655351743102073669e-02 3.717170562595129013e-03 1.443887595087289810e-02 8.191985543817281723e-04 2.867545746266841888e-02 2.723075682297348976e-03 2.928487025201320648e-02 8.595921099185943604e-03 6.030587945133447647e-03 7.038376759737730026e-03 1.530061382800340652e-02 3.168646013364195824e-03 2.494151331484317780e-02 2.240982139483094215e-03 1.898418925702571869e-02 2.576695382595062256e-02 1.310484576970338821e-02 1.385140046477317810e-02 4.625468980520963669e-03 5.385938100516796112e-03 2.281320048496127129e-03 7.103753276169300079e-03 2.644181810319423676e-02 2.161212265491485596e-02 1.293481141328811646e-02 1.028032507747411728e-02 1.777962408959865570e-02 1.343464013189077377e-02 2.483199723064899445e-02 2.855597622692584991e-02
1.641237060539424419e-03 4.267284646630287170e-03 5.241729691624641418e-02 1.582032814621925354e-02 1.135826483368873596e-02 6.642139982432126999e-03 6.144545041024684906e-03 8.137415051460266113e-01 2.263777516782283783e-02 7.970612496137619019e-03 5.510029848664999008e-03 2.466482482850551605e-02 1.680889353156089783e-02 4.616373684257268906e-03 4.969741776585578918e-02 1.376021932810544968e-02 1.705977879464626312e-02 4.023257177323102951e-03 9.625674225389957428e-03 2.041191048920154572e-02 1.981014944612979889e-02 4.413032904267311096e-02 1.599792623892426491e-03 5.245693493634462357e-03 3.196845995262265205e-03 8.321985951624810696e-04 3.120391443371772766e-02 4.399754106998443604e-04 8.624922484159469604e-03 2.830886747688055038e-03 2.259004116058349609e-02 1.022066862788051367e-04 1.392738707363605499e-02 2.064293995499610901e-02 2.007885836064815521e-02 1.375478599220514297e-02 1.107275020331144333e-02 4.707689955830574036e-02 7.493898156099021435e-04 7.237592246383428574e-03 4.186980426311492920e-02 4.091379698365926743e-03 5.757975741289556026e-04 3.993304073810577393e-02 1.136803999543190002e-03 1.872829534113407135e-02 6.569337099790573120e-03 5.962869618088006973e-03 8.979284320957958698e-04 3.190851071849465370e-03 1.162512507289648056e-02 1.612321101129055023e-02 7.941159419715404510e-03 2.678378298878669739e-02 6.181091303005814552e-04 2.212496940046548843e-03 7.957467809319496155e-03 5.422197282314300537e-03 4.273579269647598267e-02 2.102737687528133392e-02 7.535585667937994003e-03 1.072514802217483521e-02 1.221311092376708984e-02 1.002523861825466156e-02 4.607934504747390747e-03 1.836140826344490051e-02 1.987494155764579773e-02 1.952259428799152374e-02 1.701191999018192291e-02 1.577166467905044556e-02 1.428932510316371918e-02 2.286219596862792969e-02 3.894685767590999603e-03 2.577938325703144073e-02 2.223012037575244904e-02 2.259637415409088135e-02 9.525282657705247402e-04 3.060000017285346985e-03 2.392749069258570671e-03 1.741193234920501709e-02 7.036927342414855957e-02 6.916872411966323853e-02 8.407844230532646179e-03 2.231845818459987640e-02 3.814314492046833038e-03 5.832211580127477646e-03 7.058026641607284546e-02 5.169533938169479370e-02 2.631605602800846100e-02 1.641489006578922272e-02 1.140591222792863846e-02 1.717876829206943512e-02 2.086867950856685638e-02 3.647056594491004944e-02 3.637504298239946365e-03 7.244894281029701233e-03 1.180450245738029480e-02 2.652940340340137482e-02 6.107331253588199615e-03 5.656891502439975739e-03 3.084675874561071396e-03 1.942289993166923523e-02 1.584478467702865601e-02 1.639458350837230682e-02 1.741713657975196838e-02 1.707829535007476807e-02 7.076003588736057281e-03 1.092337910085916519e-02 6.047748494893312454e-03 6.485368125140666962e-03 9.456258267164230347e-03 2.080161124467849731e-02 1.847824454307556152e-02 1.111838780343532562e-02 9.920556098222732544e-03 1.041864138096570969e-02
2.028655819594860077e-02 1.754710264503955841e-02 7.157769519835710526e-03 1.434903405606746674e-02 1.022576726973056793e-02 1.434433367103338242e-02 1.233645621687173843e-02 2.263777516782283783e-02 8.137415051460266113e-01 2.893572114408016205e-02 1.183860469609498978e-02 2.841395884752273560e-02 9.912391193211078644e-03 2.375557320192456245e-03 1.181159354746341705e-02 3.188564628362655640e-02 1.717847585678100586e-02 2.680944651365280151e-02 7.906464859843254089e-03 9.147190488874912262e-03 1.436052192002534866e-02 1.422835886478424072e-02 7.150411140173673630e-03 4.992241505533456802e-03 1.543063670396804810e-02 1.470690127462148666e-02 1.147255208343267441e-02 4.489403683692216873e-03 9.568206034600734711e-03 1.690180157311260700e-03 6.785926409065723419e-03 5.911534652113914490e-03 2.197595313191413879e-02 2.106205746531486511e-02 2.556024305522441864e-02 4.939917940646409988e-03 3.280834062024950981e-03 3.709291107952594757e-03 1.544502563774585724e-03 3.338067233562469482e-02 2.526029711589217186e-03 6.043247506022453308e-02 2.766398154199123383e-02 7.964807562530040741e-03 2.211713045835494995e-02 4.742559976875782013e-03 6.837923545390367508e-03 6.364728789776563644e-03 4.015341028571128845e-02 3.328885417431592941e-03 1.297695003449916840e-02 7.607468403875827789e-03 1.571625471115112305e-02 8.109650574624538422e-03 3.668048977851867676e-02 1.663793809711933136e-03 1.790530607104301453e-02 7.705358322709798813e-03 4.484586883336305618e-03 9.288237430155277252e-03 1.886850222945213318e-02 1.093010324984788895e-02 4.565971903502941132e-03 9.668732993304729462e-03 1.542975846678018570e-02 1.785132102668285370e-02 6.525591481477022171e-03 7.065774407237768173e-04 1.477356068789958954e-02 1.722386479377746582e-02 4.522996023297309875e-04 4.160402342677116394e-02 3.817218588665127754e-03 9.038946591317653656e-03 1.226343121379613876e-02 3.881336748600006104e-02 6.336949765682220459e-02 2.881622314453125000e-02 6.160481274127960205e-02 2.106600068509578705e-02 8.746889419853687286e-03 2.409293502569198608e-02 2.064513601362705231e-02 1.087076729163527489e-03 1.742889732122421265e-02 1.866574957966804504e-02 1.824918016791343689e-02 4.311189800500869751e-02 4.898495972156524658e-02 1.462421286851167679e-02 6.515065208077430725e-03 1.871513575315475464e-02 5.675226449966430664e-03 3.711444139480590820e-02 6.918406579643487930e-03 7.536374963819980621e-03 7.371183950453996658e-03 3.256776556372642517e-02 2.495427057147026062e-02 2.104124799370765686e-02 1.271765772253274918e-02 8.975565433502197266e-03 1.498932979302480817e-04 1.467206282541155815e-03 6.155369803309440613e-03 1.628801226615905762e-02 1.098826993256807327e-02 2.492585405707359314e-02 1.533753355033695698e-03 1.745166443288326263e-02 2.109928289428353310e-03 8.592156693339347839e-03 4.500540718436241150e-02 1.254179794341325760e-02 1.764498464763164520e-02 4.815649706870317459e-03
2.144554443657398224e-02 1.533617451786994934e-02 5.893408320844173431e-03 1.649906300008296967e-02 4.155603237450122833e-03 4.151280969381332397e-02 3.751716390252113342e-02 7.970612496137619019e-03 2.893572114408016205e-02 8.137415051460266113e-01 2.295025996863842010e-02 2.281967736780643463e-02 1.463508699089288712e-02 3.105055540800094604e-02 8.248557336628437042e-03 2.813081070780754089e-02 1.235486473888158798e-02 1.382387150079011917e-02 4.764971882104873657e-02 9.710970334708690643e-03 3.113276325166225433e-02 1.634831540286540985e-02 8.627984789200127125e-04 2.693993411958217621e-02 1.488817576318979263e-02 1.931424997746944427e-02 1.186683680862188339e-02 9.850134374573826790e-04 1.267583295702934265e-02 2.643911913037300110e-02 1.057321671396493912e-03 1.828097924590110779e-02 3.544864803552627563e-02 1.531320996582508087e-02 4.172277450561523438e-02 2.540210634469985962e-02 8.836369030177593231e-03 3.669411176815629005e-03 3.214575350284576416e-02 1.900000870227813721e-02 1.507766544818878174e-02 1.212061382830142975e-02 7.647220976650714874e-03 2.335046045482158661e-02 1.756291091442108154e-02 3.592221438884735107e-02 2.946497686207294464e-02 9.562731720507144928e-03 2.309239003807306290e-03 2.809382975101470947e-02 1.746829226613044739e-02 1.204944867640733719e-02 3.855663537979125977e-02 6.782384123653173447e-03 2.310669794678688049e-02 1.554182637482881546e-02 3.614008054137229919e-02 6.059490144252777100e-03 1.892339624464511871e-02 4.469497594982385635e-03 2.241156250238418579e-02 5.588065367192029953e-03 4.165409505367279053e-02 4.061451926827430725e-02 9.328732267022132874e-03 1.906048879027366638e-02 8.509421721100807190e-03 1.205501705408096313e-02 2.362354472279548645e-02 4.678987711668014526e-02 3.214608877897262573e-02 7.665771059691905975e-03 3.638444468379020691e-02 3.340109437704086304e-02 7.161977700889110565e-03 4.264329094439744949e-03 9.320956654846668243e-03 5.713003873825073242e-02 2.528431080281734467e-02 5.734320729970932007e-02 9.185876697301864624e-03 9.373026899993419647e-03 1.091445982456207275e-02 2.538857422769069672e-02 1.457969192415475845e-03 3.608604893088340759e-02 1.513705775141716003e-02 1.692556217312812805e-02 9.343281388282775879e-03 3.873739391565322876e-02 1.534532848745584488e-02 4.614395648241043091e-02 7.155777711886912584e-05 2.373765222728252411e-02 1.206036098301410675e-02 5.409575998783111572e-03 3.048197366297245026e-02 4.773084539920091629e-03 1.365447067655622959e-03 1.223682612180709839e-02 1.229679211974143982e-02 1.100550685077905655e-02 1.355102844536304474e-02 3.835827228613197803e-04 2.289663627743721008e-02 1.457036752253770828e-02 1.814457401633262634e-02 1.234777458012104034e-02 6.592841818928718567e-03 1.823121868073940277e-02 1.008693035691976547e-02 1.359931007027626038e-02 1.589687168598175049e-02 1.763279549777507782e-02 2.192525193095207214e-03 1.383558753877878189e-02
6.819978356361389160e-02 6.165679171681404114e-02 1.941968314349651337e-02 2.472767047584056854e-02 3.467958420515060425e-02 3.599830716848373413e-02 4.448089748620986938e-02 5.510029848664999008e-03 1.183860469609498978e-02 2.295025996863842010e-02 8.137415051460266113e-01 3.037469577975571156e-04 8.218864351511001587e-02 1.344396034255623817e-03 1.285526901483535767e-02 9.252788498997688293e-03 9.399527916684746742e-04 1.475279219448566437e-02 3.166072070598602295e-02 3.918132744729518890e-03 5.515331402420997620e-03 3.990263212472200394e-03 1.016135793179273605e-02 2.933723153546452522e-03 1.918623968958854675e-02 1.675486098974943161e-03 4.298469051718711853e-03 9.312621317803859711e-03 5.623044818639755249e-02 1.411975361406803131e-02 4.535788297653198242e-02 1.887011714279651642e-02 5.529925227165222168e-03 1.283791661262512207e-02 1.401120517402887344e-02 2.132388763129711151e-02 9.063194505870342255e-03 6.461565382778644562e-03 1.696357503533363342e-02 3.110953234136104584e-02 7.764567621052265167e-03 6.982349441386759281e-04 2.788474317640066147e-03 3.742969827726483345e-03 1.178769767284393311e-02 2.114709652960300446e-02 3.103743121027946472e-02 3.932316601276397705e-02 2.529950626194477081e-02 1.897972263395786285e-02 8.632037788629531860e-03 1.497218571603298187e-02 9.559327154420316219e-04 5.044578108936548233e-03 2.257779054343700409e-02 2.436440251767635345e-02 9.451238438487052917e-04 6.718493532389402390e-04 1.060529705137014389e-02 8.192775771021842957e-03 4.021880682557821274e-03 1.022267155349254608e-02 2.886328380554914474e-03 1.630480401217937469e-02 5.908583104610443115e-02 4.581485688686370850e-02 4.855588544160127640e-03 6.125201471149921417e-03 2.712251618504524231e-03 1.463120616972446442e-02 1.469348277896642685e-02 1.448119431734085083e-02 1.012693159282207489e-02 3.308690851554274559e-03 3.543661907315254211e-02 1.644348958507180214e-03 4.118874203413724899e-03 1.729649305343627930e-02 2.291192486882209778e-02 1.653772220015525818e-02 1.778840087354183197e-02 9.760905988514423370e-03 8.473774418234825134e-03 2.715387754142284393e-02 1.071287505328655243e-02 5.426216404885053635e-03 5.241283681243658066e-03 4.167241975665092468e-03 1.833237335085868835e-02 5.877427756786346436e-04 2.898626402020454407e-02 1.689566858112812042e-02 2.021710760891437531e-02 1.217631157487630844e-02 3.452846081927418709e-03 8.934389799833297729e-03 1.683686673641204834e-02 1.404925528913736343e-02 2.709797024726867676e-02 1.557851582765579224e-02 4.785494878888130188e-03 3.511143149808049202e-03 1.702930778264999390e-02 1.493986975401639938e-02 1.012179185636341572e-03 3.201737301424145699e-03 7.079333998262882233e-03 2.001718245446681976e-02 1.426565647125244141e-02 1.772814616560935974e-02 1.424435526132583618e-02 3.115929896011948586e-03 3.575988812372088432e-04 5.717900115996599197e-03 3.452069312334060669e-02 2.056125365197658539e-02
7.931770524010062218e-04 2.633508993312716484e-03 1.657215319573879242e-02 9.295974159613251686e-04 4.514561034739017487e-03 3.279592096805572510e-02 1.238616835325956345e-02 2.466482482850551605e-02 2.841395884752273560e-02 2.281967736780643463e-02 3.037469577975571156e-04 8.137415051460266113e-01 1.336890179663896561e-02 8.214658498764038086e-02 1.899600028991699219e-02 1.197881717234849930e-02 1.055190712213516235e-02 2.964531444013118744e-02 1.775192469358444214e-02 2.803954761475324631e-03 1.665366068482398987e-02 2.349436841905117035e-02 4.034227505326271057e-02 5.297879129648208618e-02 3.496419172734022141e-03 1.581226475536823273e-02 2.175856940448284149e-02 8.096320182085037231e-02 1.490059215575456619e-02 5.445397645235061646e-02 2.249126508831977844e-02 1.814826019108295441e-02 7.168001495301723480e-03 6.636647041887044907e-03 1.814681850373744965e-02 2.918549440801143646e-02 2.284284681081771851e-02 1.243384834378957748e-02 3.039017552509903908e-03 6.676721386611461639e-04 9.396834298968315125e-03 1.221723947674036026e-02 3.884487319737672806e-03 4.434683825820684433e-03 4.940193891525268555e-02 1.198926288634538651e-02 5.318410228937864304e-03 7.430870085954666138e-03 1.319543179124593735e-02 6.888607051223516464e-03 2.077024057507514954e-02 1.773405587300658226e-03 2.500741509720683098e-03 7.694526575505733490e-03 9.326236322522163391e-04 1.152456365525722504e-02 3.307764418423175812e-03 2.060695923864841461e-02 6.573736667633056641e-03 1.303740218281745911e-02 2.098345197737216949e-02 2.204331383109092712e-02 2.119703590869903564e-02 4.583775997161865234e-03 2.486803941428661346e-02 1.467459369450807571e-02 7.869426161050796509e-03 6.777213886380195618e-03 2.335205860435962677e-02 1.250574085861444473e-02 5.228435155004262924e-03 8.264228235930204391e-04 3.484727581962943077e-03 1.005288586020469666e-02 2.350876107811927795e-03 8.457544259727001190e-03 9.555920958518981934e-03 1.815264485776424408e-02 2.588475495576858521e-02 2.167020179331302643e-02 8.462392725050449371e-03 1.358504220843315125e-02 1.478892285376787186e-02 1.445186324417591095e-02 8.630653843283653259e-03 2.307364717125892639e-02 1.812469214200973511e-02 1.835832558572292328e-02 2.985388785600662231e-02 3.512590751051902771e-02 3.732330398634076118e-03 1.205164752900600433e-02 8.130647242069244385e-03 1.756970211863517761e-02 1.028035487979650497e-02 1.205304544419050217e-02 1.233116537332534790e-02 2.121417969465255737e-02 7.809368427842855453e-03 6.740213371813297272e-03 1.119336113333702087e-02 2.888474264182150364e-04 1.612864062190055847e-02 1.347235869616270065e-02 4.549022391438484192e-02 3.795671090483665466e-02 1.502178702503442764e-02 1.851460337638854980e-02 5.692564300261437893e-04 1.134489104151725769e-02 1.087233517318964005e-02 1.390710473060607910e-02 1.060948241502046585e-02 3.854731563478708267e-03 3.233041614294052124e-03 1.709643006324768066e-02
4.435022920370101929e-02 6.290606409311294556e-02 1.940746419131755829e-02 1.286461204290390015e-02 1.483302563428878784e-02 2.512900158762931824e-03 2.887423895299434662e-02 1.680889353156089783e-02 9.912391193211078644e-03 1.463508699089288712e-02 8.218864351511001587e-02 1.336890179663896561e-02 8.137415051460266113e-01 2.902056148741394281e-04 1.681837812066078186e-02 7.644248194992542267e-03 4.590902943164110184e-03 4.608177114278078079e-03 2.911507152020931244e-02 2.516501210629940033e-02 2.553744614124298096e-02 6.037813145667314529e-03 9.002961218357086182e-03 1.835073810070753098e-03 8.076084777712821960e-03 7.887339219450950623e-03 1.750027947127819061e-02 1.804576371796429157e-03 6.097906827926635742e-02 1.920304261147975922e-02 6.687053292989730835e-02 1.745393499732017517e-03 7.868438027799129486e-03 5.993822123855352402e-03 4.245318414177745581e-04 8.007958531379699707e-03 9.504863992333412170e-03 8.315156213939189911e-03 1.102782692760229111e-02 1.103915832936763763e-02 3.695564344525337219e-03 2.741756103932857513e-02 1.972507499158382416e-02 1.599421957507729530e-03 7.355162408202886581e-03 1.595840789377689362e-02 1.969668641686439514e-02 4.671159759163856506e-02 3.130640601739287376e-03 3.660023910924792290e-03 1.142703555524349213e-02 2.512115612626075745e-02 1.153837889432907104e-02 1.906146295368671417e-02 2.049213508144021034e-03 3.345309989526867867e-03 2.300690975971519947e-04 1.262642908841371536e-02 1.454685907810926437e-02 3.073340654373168945e-02 5.955170374363660812e-03 2.267624717205762863e-03 1.934362691827118397e-03 1.024941727519035339e-02 5.476902052760124207e-02 6.647314131259918213e-02 2.716216258704662323e-02 1.380874495953321457e-02 3.283380297943949699e-03 9.369980543851852417e-04 7.396737579256296158e-03 2.549738995730876923e-02 7.598185446113348007e-03 4.875157959759235382e-03 2.653961814939975739e-02 9.732626378536224365e-03 4.177165101282298565e-04 2.141707390546798706e-02 1.068609114736318588e-02 1.443632692098617554e-02 1.707472652196884155e-02 8.451316505670547485e-03 5.931605584919452667e-03 2.842672169208526611e-02 1.100164279341697693e-02 9.356617927551269531e-03 1.330842915922403336e-02 1.744050532579421997e-02 7.186715025454759598e-03 5.183356697671115398e-04 3.979849070310592651e-02 3.531040856614708900e-04 3.658673167228698730e-02 1.846671849489212036e-02 4.323095548897981644e-03 3.505624597892165184e-03 2.032464928925037384e-02 1.768308505415916443e-02 3.366537159308791161e-03 1.248888112604618073e-02 5.133656319230794907e-03 3.533553099259734154e-03 2.194325067102909088e-02 1.279458776116371155e-02 9.035436436533927917e-03 1.432155258953571320e-02 4.155851900577545166e-03 7.192939985543489456e-03 1.724490709602832794e-02 1.149599160999059677e-02 2.247971715405583382e-03 9.002935141324996948e-03 2.523212879896163940e-02 2.776529453694820404e-02 2.780524082481861115e-02 1.930604688823223114e-02
