8.480408191680908203e-01 6.658466160297393799e-02 3.577307099476456642e-03 1.531425223220139742e-04 8.687782683409750462e-04 6.732935458421707153e-02 6.125472113490104675e-02 7.969799335114657879e-04 1.956395432353019714e-02 2.317163906991481781e-02 5.305448919534683228e-02 1.527523994445800781e-02 5.141598731279373169e-02 2.351892925798892975e-02 2.590476162731647491e-02 1.751579530537128448e-02 2.631931379437446594e-02 1.695599779486656189e-02 4.561832174658775330e-03 1.643945649266242981e-02 1.410427782684564590e-02 2.753524854779243469e-02 2.756469883024692535e-03 5.723669659346342087e-03 1.451637782156467438e-02 2.812999859452247620e-02 2.164228446781635284e-02 1.692316494882106781e-02 4.637445788830518723e-03 2.321265265345573425e-02 2.143887337297201157e-03 2.588422782719135284e-02 7.643584627658128738e-03 2.349785761907696724e-03 2.190556563436985016e-02 3.735778620466589928e-03 1.869049109518527985e-02 1.385072013363242149e-03 2.953698858618736267e-02 1.445205271011218429e-04 2.080352744087576866e-03 1.192483468912541866e-04 2.881170995533466339e-02 1.878145150840282440e-02 2.364706061780452728e-02 2.661060728132724762e-02 5.769829079508781433e-02 5.225392803549766541e-02 2.385926246643066406e-02 1.903790980577468872e-02 3.549351589754223824e-03 3.302691970020532608e-03 2.245579846203327179e-03 9.584971703588962555e-03 2.991527691483497620e-02 1.336484588682651520e-02 3.856486827135086060e-02 2.155110612511634827e-02 8.152273483574390411e-03 1.436448935419321060e-02 2.983746677637100220e-02 9.631459601223468781e-03 7.058130577206611633e-03 1.593710482120513916e-02 2.997996844351291656e-02 1.921704411506652832e-02 3.887685947120189667e-03 1.566857472062110901e-02 2.525606565177440643e-02 1.677898690104484558e-02 8.501909673213958740e-03 3.004000755026936531e-04 1.502309553325176239e-02 1.542977150529623032e-02 7.145265582948923111e-03 1.273020543158054352e-02 2.139678224921226501e-02 1.278595346957445145e-02 1.930693723261356354e-02 1.626424491405487061e-03 3.702609799802303314e-03 8.886327035725116730e-03 2.237612009048461914e-02 1.260824967175722122e-03 3.760581463575363159e-02 7.457371801137924194e-03 1.333650480955839157e-02 2.053249394521117210e-03 1.173313241451978683e-03 2.127509098500013351e-03 3.527957946062088013e-02 3.128702938556671143e-02 4.256175085902214050e-02 1.047477941028773785e-03 2.616334822960197926e-04 6.556436885148286819e-03 1.161662768572568893e-02 9.310010820627212524e-03 1.407758705317974091e-02 4.024304915219545364e-03 1.677535008639097214e-03 9.968880563974380493e-03 3.849122673273086548e-03 2.071879059076309204e-02 1.028438471257686615e-02 1.617545448243618011e-02 9.633122943341732025e-03 6.789611652493476868e-03 8.593360893428325653e-03 1.210603769868612289e-02 1.660027168691158295e-02 4.026229027658700943e-03 7.236998528242111206e-03 5.411889287643134594e-04 1.096163783222436905e-02 7.888339459896087646e-03
6.658466160297393799e-02 8.480408191680908203e-01 2.538630971685051918e-03 1.306216232478618622e-02 8.458522148430347443e-03 6.401617825031280518e-02 6.334884464740753174e-02 1.019240240566432476e-03 2.418138086795806885e-02 1.698974333703517914e-02 4.655611142516136169e-02 2.058908902108669281e-02 5.043386667966842651e-02 2.581265009939670563e-02 2.398565597832202911e-02 2.358773350715637207e-02 3.072774037718772888e-02 1.520432159304618835e-02 1.554258633404970169e-03 1.485132891684770584e-02 2.277049422264099121e-02 2.149846963584423065e-02 3.530535905156284571e-04 4.468938801437616348e-03 1.535512413829565048e-02 2.460945770144462585e-02 1.336692273616790771e-02 2.062194980680942535e-02 6.747469305992126465e-04 2.547030895948410034e-02 2.323698485270142555e-03 2.246790938079357147e-02 1.116438116878271103e-02 1.483296859078109264e-03 1.625609956681728363e-02 3.659632988274097443e-03 2.290377952158451080e-02 2.866521943360567093e-03 2.854768931865692139e-02 1.896524045150727034e-04 5.951600149273872375e-03 1.537120668217539787e-03 3.201282769441604614e-02 1.122605521231889725e-02 2.968300692737102509e-02 2.096328139305114746e-02 5.422432720661163330e-02 5.004271119832992554e-02 2.271048352122306824e-02 1.175275538116693497e-02 3.493395168334245682e-03 7.174657192081212997e-03 4.963842220604419708e-03 8.246788755059242249e-03 2.924624830484390259e-02 1.084849890321493149e-02 2.689883671700954437e-02 2.764705382287502289e-02 5.335571710020303726e-03 1.133723929524421692e-02 2.778648957610130310e-02 7.235785480588674545e-03 6.729113403707742691e-03 9.994859807193279266e-03 2.367994934320449829e-02 1.815764792263507843e-02 2.996032126247882843e-03 1.974173635244369507e-02 3.210511058568954468e-02 5.416966043412685394e-03 4.780952818691730499e-03 1.208630390465259552e-02 1.090924721211194992e-02 6.331481970846652985e-03 1.762151950970292091e-03 2.172936126589775085e-02 2.102405577898025513e-02 1.167081668972969055e-02 1.203108020126819611e-02 4.946824628859758377e-04 4.478062968701124191e-03 1.077107340097427368e-02 1.849330961704254150e-02 1.921952236443758011e-03 3.354549407958984375e-02 8.212163113057613373e-03 9.003931656479835510e-03 2.104385523125529289e-03 9.037160314619541168e-03 2.030072547495365143e-02 3.795278072357177734e-02 2.108987607061862946e-02 3.713710978627204895e-02 5.512588657438755035e-03 5.570428445935249329e-03 7.236367091536521912e-04 3.428405616432428360e-03 1.453702989965677261e-02 1.391321700066328049e-02 1.296600326895713806e-03 1.255715731531381607e-03 1.135758869349956512e-02 4.496500827372074127e-03 2.302020974457263947e-02 1.542510557919740677e-02 1.771642267704010010e-02 1.544757862575352192e-03 9.131149272434413433e-04 9.811932221055030823e-03 8.981892839074134827e-03 1.572049036622047424e-02 5.623876582831144333e-03 1.038490701466798782e-02 1.218243385665118694e-03 8.928042836487293243e-03 1.367179211229085922e-03
3.577307099476456642e-03 2.538630971685051918e-03 8.480408191680908203e-01 3.244862705469131470e-02 3.578342497348785400e-02 1.057008281350135803e-03 9.978890419006347656e-03 4.574481397867202759e-02 2.001064084470272064e-02 2.350879088044166565e-02 1.339576113969087601e-02 1.775220036506652832e-02 1.310525741428136826e-02 1.989138545468449593e-03 1.720708236098289490e-02 5.977682885713875294e-04 2.221039263531565666e-03 3.215871006250381470e-02 3.142666071653366089e-02 1.620232313871383667e-02 1.518160756677389145e-02 7.740872912108898163e-03 7.116498891264200211e-03 1.407959125936031342e-02 6.082085892558097839e-04 1.857001101598143578e-03 1.599880051799118519e-04 2.964204922318458557e-02 2.378620766103267670e-02 2.273072116076946259e-02 1.097505632787942886e-02 7.887824438512325287e-03 1.703423634171485901e-02 1.316184736788272858e-02 1.184153649955987930e-02 1.127265859395265579e-03 9.541300125420093536e-03 5.791364703327417374e-03 1.420995034277439117e-02 8.292092010378837585e-03 1.152076292783021927e-02 3.095498774200677872e-03 5.035588052123785019e-03 4.455538466572761536e-02 1.939281448721885681e-02 1.041794288903474808e-02 1.629928685724735260e-02 1.778046227991580963e-02 1.368922367691993713e-02 3.034929104615002871e-04 6.940183811821043491e-04 6.986833177506923676e-03 2.683198254089802504e-04 5.560135003179311752e-03 1.034784317016601562e-02 1.250632759183645248e-02 1.647814735770225525e-02 1.462579425424337387e-02 7.103674113750457764e-03 1.066224556416273117e-02 1.654718630015850067e-02 1.216432917863130569e-02 1.280792523175477982e-02 2.208773232996463776e-02 8.445006795227527618e-03 1.342699490487575531e-02 1.027728430926799774e-02 6.427046842873096466e-03 2.631291747093200684e-03 1.369808334857225418e-02 3.080881759524345398e-02 8.550687343813478947e-04 9.222961030900478363e-03 1.920724101364612579e-02 2.100262558087706566e-03 1.137353200465440750e-02 2.214352041482925415e-02 2.897888608276844025e-02 2.807282470166683197e-02 1.315235393121838570e-03 5.800830945372581482e-02 3.361136093735694885e-02 3.362607955932617188e-02 3.205581009387969971e-02 2.071280032396316528e-03 5.443076137453317642e-03 2.791391313076019287e-02 1.605904474854469299e-02 5.778776016086339951e-03 5.095710512250661850e-03 2.063031867146492004e-02 2.106531057506799698e-03 1.774924620985984802e-02 9.998007677495479584e-03 1.904238946735858917e-02 2.641399949789047241e-02 2.051883563399314880e-02 2.272599749267101288e-02 2.564056310802698135e-03 9.366894140839576721e-03 5.538064055144786835e-03 9.642889723181724548e-03 1.757388189435005188e-02 4.936450161039829254e-03 7.515353150665760040e-03 3.568232059478759766e-03 8.553034625947475433e-03 2.976326271891593933e-02 9.363492019474506378e-03 1.979153044521808624e-02 2.330754324793815613e-02 8.219929412007331848e-03 3.281537909060716629e-03 8.365710265934467316e-03 3.934042062610387802e-03 1.700518280267715454e-02
1.531425223220139742e-04 1.306216232478618622e-02 3.244862705469131470e-02 8.480408191680908203e-01 8.393800258636474609e-02 2.425358863547444344e-03 2.544217975810170174e-03 2.155978977680206299e-02 2.435686439275741577e-02 3.261841367930173874e-03 1.415753969922661781e-03 1.923460140824317932e-02 4.611963871866464615e-03 1.741321571171283722e-02 1.514251157641410828e-02 3.087331308051943779e-03 1.181482919491827488e-03 2.323769032955169678e-02 2.004011347889900208e-02 7.413852494210004807e-03 3.276971634477376938e-03 7.798902224749326706e-03 2.437937445938587189e-02 2.192486450076103210e-02 1.061580609530210495e-02 1.182138826698064804e-02 3.091887943446636200e-02 2.363894693553447723e-02 5.271538160741329193e-03 1.505389250814914703e-02 5.068366415798664093e-03 1.491365605033934116e-03 9.461460285820066929e-04 1.221886835992336273e-02 4.818042740225791931e-03 4.184946883469820023e-03 2.556389663368463516e-03 3.753623738884925842e-02 1.979913562536239624e-02 2.208989113569259644e-02 9.808746166527271271e-03 4.446973092854022980e-03 6.864094641059637070e-03 2.465314930304884911e-03 1.521564833819866180e-02 7.322322344407439232e-04 2.373173600062727928e-03 2.317992504686117172e-03 1.084978412836790085e-02 3.618716821074485779e-02 2.628187835216522217e-02 3.082218579947948456e-03 6.311920937150716782e-03 1.977208012249320745e-04 4.415806848555803299e-03 1.717769354581832886e-02 2.390614524483680725e-02 5.996130872517824173e-03 4.849766264669597149e-04 2.367421519011259079e-03 1.962679252028465271e-02 3.346915822476148605e-03 4.574336856603622437e-02 9.179344400763511658e-03 5.047106649726629257e-03 1.163489883765578270e-03 2.695783274248242378e-03 2.098852023482322693e-02 4.770556930452585220e-03 1.252133399248123169e-02 3.035953454673290253e-02 2.236000634729862213e-02 3.758323192596435547e-02 5.752651020884513855e-03 2.727684192359447479e-02 6.384924985468387604e-03 3.153944760560989380e-02 2.816224098205566406e-02 1.391795836389064789e-02 3.644831478595733643e-02 1.609181240200996399e-02 1.762680895626544952e-02 5.152151733636856079e-02 3.736308589577674866e-02 4.843935836106538773e-03 1.119334995746612549e-02 9.664900600910186768e-03 3.724349895492196083e-03 1.265281159430742264e-02 6.765772588551044464e-03 5.465849535539746284e-04 1.285626832395792007e-02 1.012295950204133987e-03 2.033378742635250092e-02 6.856424733996391296e-03 6.005880277371034026e-05 9.127772646024823189e-04 1.131578348577022552e-02 5.815899465233087540e-03 2.315859869122505188e-02 6.464548408985137939e-03 1.816256553865969181e-03 1.771360519342124462e-03 8.482893928885459900e-03 3.972264006733894348e-03 1.003029290586709976e-02 1.162553951144218445e-02 2.357509732246398926e-02 8.890198543667793274e-03 2.749394858255982399e-03 6.963335908949375153e-03 1.413057744503021240e-02 2.305097505450248718e-02 1.069509144872426987e-02 1.878136768937110901e-02 2.929899282753467560e-02
8.687782683409750462e-04 8.458522148430347443e-03 3.578342497348785400e-02 8.393800258636474609e-02 8.480408191680908203e-01 2.135150134563446045e-03 4.379414021968841553e-03 2.040792256593704224e-02 1.682004146277904510e-02 8.327837102115154266e-03 9.537100791931152344e-03 1.973381079733371735e-02 3.208082402125000954e-03 2.356276474893093109e-02 1.575386966578662395e-03 7.111039012670516968e-03 1.260396558791399002e-02 1.445696037262678146e-02 3.409798070788383484e-02 1.336008193902671337e-03 1.658203639090061188e-02 1.411695778369903564e-02 3.243005275726318359e-02 2.687782794237136841e-02 1.356876175850629807e-02 1.199773792177438736e-02 2.326421625912189484e-02 2.353057498112320900e-03 1.535219326615333557e-02 8.061286062002182007e-03 2.172987908124923706e-03 6.334244273602962494e-03 1.071868580766022205e-03 4.287127405405044556e-03 1.817677984945476055e-03 1.895701698958873749e-02 3.472124924883246422e-03 2.272634208202362061e-02 3.266764059662818909e-02 4.246655479073524475e-02 4.026263952255249023e-03 1.985526178032159805e-03 2.129921503365039825e-02 2.378753153607249260e-03 2.586800605058670044e-02 5.591657478362321854e-03 5.763236898928880692e-03 6.898944266140460968e-04 1.137522608041763306e-02 2.961036935448646545e-02 1.503311283886432648e-02 9.336856193840503693e-03 1.552159525454044342e-02 1.094980817288160324e-02 1.916230097413063049e-02 1.877550408244132996e-02 8.672872558236122131e-03 1.221447903662919998e-02 4.423362202942371368e-03 1.475063851103186607e-03 1.422230806201696396e-02 1.674886420369148254e-02 1.127504371106624603e-02 1.327676232904195786e-02 2.340080915018916130e-03 2.768836449831724167e-03 3.577206050977110863e-03 9.362836368381977081e-03 4.139174707233905792e-03 5.308076273649930954e-03 4.503277689218521118e-02 1.313477382063865662e-02 3.387248888611793518e-02 6.958279293030500412e-03 3.620826452970504761e-02 7.036831229925155640e-04 2.809890918433666229e-02 3.523568063974380493e-02 6.190126761794090271e-03 2.236338332295417786e-02 1.502220798283815384e-02 2.169319987297058105e-02 2.479785680770874023e-02 4.722353816032409668e-02 4.634100012481212616e-03 1.173488516360521317e-02 4.936641547828912735e-03 9.149148128926753998e-03 3.744278568774461746e-03 7.364084478467702866e-03 2.766906516626477242e-03 1.161648146808147430e-02 2.771617379039525986e-03 1.194580551236867905e-02 2.194432308897376060e-03 1.202151179313659668e-02 1.288394350558519363e-02 1.922185905277729034e-02 9.050401858985424042e-03 3.006293065845966339e-02 1.453582663089036942e-02 4.711743444204330444e-03 1.436668820679187775e-02 1.687092520296573639e-02 1.018739305436611176e-02 1.496345829218626022e-02 1.134841702878475189e-02 1.827614381909370422e-02 1.071819476783275604e-02 5.286758299916982651e-03 1.857243292033672333e-02 1.851071417331695557e-02 9.120737202465534210e-03 1.288980594836175442e-03 7.133028469979763031e-03 2.594810165464878082e-02
6.732935458421707153e-02 6.401617825031280518e-02 1.057008281350135803e-03 2.425358863547444344e-03 2.135150134563446045e-03 8.480408191680908203e-01 6.437338143587112427e-02 1.362900715321302414e-03 7.264899089932441711e-03 2.042255550622940063e-02 5.183145776391029358e-02 2.554972469806671143e-02 4.523776844143867493e-02 2.889695577323436737e-02 1.822172105312347412e-02 2.334205247461795807e-02 3.050334565341472626e-02 1.629388518631458282e-02 3.499000333249568939e-03 1.809288375079631805e-02 1.046999730169773102e-02 2.183824218809604645e-02 1.175637007690966129e-03 3.619592403993010521e-03 1.829920150339603424e-02 2.141840569674968719e-02 1.773882098495960236e-02 2.240534685552120209e-02 3.018316347151994705e-03 2.639831043779850006e-02 1.447412837296724319e-02 2.807137370109558105e-02 1.570073142647743225e-02 3.247454296797513962e-03 1.745838299393653870e-02 9.107874706387519836e-03 1.125881262123584747e-02 8.026223513297736645e-04 3.239126503467559814e-02 3.912539687007665634e-03 5.263357423245906830e-03 8.308234624564647675e-03 3.639673814177513123e-02 1.681564562022686005e-02 2.389698661863803864e-02 1.914152316749095917e-02 6.161577627062797546e-02 5.327242240309715271e-02 2.117350511252880096e-02 1.195992156863212585e-02 1.123087946325540543e-02 2.856722334399819374e-03 3.510560607537627220e-03 5.751603748649358749e-04 2.103382535278797150e-02 8.812069892883300781e-03 3.697803989052772522e-02 1.459920499473810196e-02 2.479452639818191528e-03 8.985850028693675995e-03 2.636495418846607208e-02 5.900235380977392197e-03 9.147049277089536190e-04 2.184226177632808685e-02 2.730410732328891754e-02 1.380859967321157455e-02 6.926163099706172943e-03 1.405354402959346771e-02 2.814569510519504547e-02 1.185789052397012711e-02 6.727671716362237930e-03 1.740789739415049553e-03 1.762823015451431274e-02 9.004289284348487854e-03 1.065680570900440216e-02 1.296459883451461792e-02 1.186819933354854584e-02 1.438151765614748001e-02 1.069095917046070099e-02 6.344656925648450851e-03 6.003192625939846039e-03 1.229514461010694504e-02 1.995793730020523071e-02 2.449838444590568542e-03 3.522797673940658569e-02 1.119887828826904297e-02 1.048885844647884369e-02 9.442350710742175579e-05 1.276385039091110229e-02 8.375511504709720612e-03 3.293127194046974182e-02 2.964073605835437775e-02 4.009965062141418457e-02 4.179672803729772568e-03 1.712706172838807106e-03 3.788343165069818497e-04 5.957890767604112625e-03 1.086345594376325607e-02 5.854185670614242554e-03 6.067943759262561798e-03 1.626531127840280533e-03 4.918841645121574402e-03 5.292555782943964005e-03 2.685127966105937958e-02 4.844830371439456940e-03 1.201043464243412018e-02 1.086441520601511002e-02 9.423884563148021698e-03 5.675471387803554535e-03 5.929608363658189774e-03 1.539409719407558441e-02 5.886651109904050827e-03 1.115171145647764206e-02 3.385880729183554649e-03 1.352352462708950043e-02 1.144601497799158096e-03
6.125472113490104675e-02 6.334884464740753174e-02 9.978890419006347656e-03 2.544217975810170174e-03 4.379414021968841553e-03 6.437338143587112427e-02 8.480408191680908203e-01 3.228520508855581284e-03 1.341675408184528351e-02 2.762030996382236481e-02 5.038245767354965210e-02 1.895392313599586487e-02 4.917162284255027771e-02 3.223905712366104126e-02 2.347641251981258392e-02 2.117832750082015991e-02 2.659170143306255341e-02 7.339961826801300049e-03 1.198755577206611633e-02 9.624314494431018829e-03 2.311000972986221313e-02 2.814183197915554047e-02 9.079579031094908714e-04 2.219020534539595246e-04 9.687244892120361328e-03 3.312993794679641724e-02 2.318216487765312195e-02 7.158123422414064407e-03 8.697028271853923798e-03 1.182575244456529617e-02 1.999370055273175240e-03 2.023506350815296173e-02 6.804747506976127625e-03 8.593559265136718750e-03 2.240098640322685242e-02 1.524815888842567801e-04 1.803585514426231384e-02 6.817602552473545074e-03 2.775653079152107239e-02 5.819912999868392944e-03 6.998353637754917145e-03 9.235407225787639618e-03 3.357580676674842834e-02 1.394579093903303146e-02 2.773678489029407501e-02 2.781892940402030945e-02 5.956371873617172241e-02 5.718104541301727295e-02 1.186472270637750626e-02 1.949376612901687622e-02 7.997890934348106384e-03 1.757290097884833813e-03 2.449191641062498093e-03 4.643136169761419296e-03 1.660840027034282684e-02 1.950583606958389282e-02 2.849425747990608215e-02 3.012014739215373993e-02 5.275247618556022644e-03 1.178975217044353485e-02 2.054635807871818542e-02 1.307731401175260544e-02 2.755070105195045471e-03 1.704098843038082123e-02 2.691229991614818573e-02 2.429690770804882050e-02 2.865702845156192780e-03 1.428014039993286133e-02 2.810550667345523834e-02 1.755138486623764038e-02 8.415013551712036133e-03 2.198261674493551254e-03 1.976692304015159607e-02 1.547434832900762558e-02 1.350891403853893280e-02 9.205173701047897339e-03 1.511378306895494461e-02 1.841828972101211548e-02 1.355742197483778000e-02 5.662078503519296646e-03 2.962047699838876724e-03 5.827274173498153687e-03 1.457050628960132599e-02 5.389425437897443771e-03 2.979400940239429474e-02 4.018197301775217056e-03 1.417154911905527115e-02 1.302811596542596817e-02 1.858005649410188198e-03 1.034008059650659561e-02 4.156396538019180298e-02 3.010019101202487946e-02 4.562568292021751404e-02 8.402969688177108765e-03 9.449413046240806580e-04 2.696830779314041138e-03 1.456660125404596329e-02 6.319869309663772583e-03 5.523305386304855347e-03 6.077367346733808517e-03 1.348522142507135868e-03 1.333146169781684875e-02 9.830499067902565002e-03 1.534394361078739166e-02 1.512264460325241089e-02 1.821071654558181763e-02 2.558410866186022758e-03 2.548760734498500824e-03 1.177971344441175461e-02 1.559367310255765915e-02 2.588095143437385559e-02 1.987028867006301880e-03 1.136939693242311478e-02 1.717950217425823212e-03 2.216486074030399323e-02 8.915558457374572754e-03
7.969799335114657879e-04 1.019240240566432476e-03 4.574481397867202759e-02 2.155978977680206299e-02 2.040792256593704224e-02 1.362900715321302414e-03 3.228520508855581284e-03 8.480408191680908203e-01 2.809772267937660217e-02 2.112132124602794647e-02 2.163450419902801514e-02 1.185017637908458710e-02 2.159700356423854828e-02 2.055864594876766205e-02 3.376625478267669678e-02 1.662166230380535126e-02 1.438289880752563477e-02 3.582640364766120911e-02 2.541301958262920380e-02 3.071469254791736603e-02 2.410159073770046234e-02 1.848522573709487915e-02 1.960244588553905487e-02 2.809579484164714813e-03 1.700397394597530365e-02 7.328544277697801590e-03 1.548033487051725388e-02 1.435642037540674210e-02 2.406030148267745972e-02 1.703753881156444550e-02 1.034268271178007126e-02 2.627060189843177795e-02 1.929347962141036987e-02 2.063747681677341461e-02 1.871078275144100189e-02 3.519823402166366577e-02 2.704752236604690552e-02 1.883972436189651489e-02 1.968470215797424316e-02 3.438215469941496849e-03 1.356444600969552994e-02 8.035886101424694061e-03 4.251041449606418610e-03 1.740491017699241638e-02 1.037701265886425972e-03 7.871881127357482910e-03 1.344230305403470993e-02 1.058658957481384277e-02 2.500374615192413330e-02 7.834348827600479126e-03 2.004045248031616211e-02 7.774420548230409622e-03 1.590560376644134521e-02 1.714375056326389313e-02 1.541638281196355820e-02 9.646407328546047211e-03 2.655340172350406647e-02 9.576152078807353973e-03 1.633599586784839630e-02 1.511781010776758194e-02 1.631385274231433868e-02 1.648770086467266083e-02 1.321661286056041718e-03 9.205369278788566589e-03 2.323062531650066376e-02 2.350748144090175629e-02 3.000785224139690399e-02 2.859880216419696808e-02 1.768780872225761414e-02 2.174717187881469727e-02 1.543233171105384827e-02 1.805635541677474976e-02 1.270596310496330261e-02 2.587066218256950378e-02 4.087930545210838318e-03 2.638208493590354919e-02 2.035847678780555725e-02 5.962979514151811600e-03 4.880092572420835495e-03 4.887002520263195038e-03 4.401012510061264038e-02 3.362233936786651611e-02 4.031937569379806519e-02 2.675583586096763611e-02 8.775546215474605560e-03 1.027002185583114624e-02 3.934719040989875793e-02 2.195378765463829041e-02 1.198918651789426804e-02 2.420974522829055786e-02 1.376808993518352509e-02 2.050215378403663635e-02 1.324631273746490479e-02 2.285846509039402008e-02 2.370814606547355652e-02 2.489099837839603424e-02 2.855595014989376068e-02 3.701349347829818726e-02 1.424785703420639038e-03 1.471759867854416370e-03 6.646038498729467392e-03 1.857839152216911316e-02 3.190902248024940491e-02 2.411069907248020172e-02 7.946292869746685028e-03 2.910860814154148102e-03 3.607716411352157593e-03 3.464271500706672668e-02 1.629681698977947235e-02 2.296342514455318451e-02 1.745128072798252106e-02 1.203488465398550034e-02 3.731944598257541656e-03 6.684976164251565933e-03 6.141835183370858431e-05 3.407026873901486397e-03
1.956395432353019714e-02 2.418138086795806885e-02 2.001064084470272064e-02 2.435686439275741577e-02 1.682004146277904510e-02 7.264899089932441711e-03 1.341675408184528351e-02 2.809772267937660217e-02 8.480408191680908203e-01 1.792371459305286407e-02 2.037459518760442734e-03 8.298330008983612061e-03 1.124384999275207520e-02 2.942796563729643822e-03 9.893964044749736786e-03 1.714606583118438721e-02 1.801889203488826752e-02 4.185877740383148193e-02 1.973280124366283417e-02 2.327230013906955719e-02 3.750113304704427719e-03 2.959913108497858047e-04 2.707783691585063934e-02 6.289978628046810627e-04 8.426055312156677246e-03 1.421881560236215591e-02 3.403532900847494602e-04 2.138728508725762367e-03 1.288563013076782227e-03 2.019929885864257812e-02 9.856856428086757660e-03 2.498655021190643311e-02 5.436692852526903152e-03 7.243456784635782242e-03 9.596400894224643707e-03 2.518585650250315666e-03 1.352154277265071869e-02 9.504173882305622101e-03 9.287584573030471802e-03 1.929948921315371990e-03 2.541698515415191650e-03 2.200758829712867737e-02 5.631541367620229721e-03 5.846305284649133682e-03 1.079670898616313934e-02 9.578242897987365723e-03 6.115625146776437759e-03 3.776764729991555214e-03 4.026475921273231506e-02 5.601438693702220917e-03 2.075133472681045532e-02 1.241418905556201935e-02 2.486527338624000549e-02 2.083775959908962250e-02 5.226227641105651855e-02 9.972094558179378510e-03 3.635282441973686218e-02 1.840614341199398041e-02 1.451541110873222351e-02 1.585439406335353851e-02 3.991297632455825806e-02 7.437191437929868698e-03 7.381811883533373475e-05 5.191121250391006470e-03 2.985306782647967339e-03 2.833344507962465286e-03 1.389732211828231812e-02 1.719241263344883919e-03 3.678935393691062927e-02 9.266069158911705017e-03 1.038426533341407776e-02 9.477120824158191681e-03 6.893929094076156616e-03 6.038749590516090393e-03 2.989639295265078545e-03 2.017787843942642212e-02 6.766812503337860107e-02 3.375788778066635132e-02 3.361651673913002014e-02 9.978595189750194550e-03 1.432674750685691833e-02 5.722730886191129684e-03 4.353607818484306335e-02 2.122179046273231506e-02 4.311516508460044861e-02 6.894392427057027817e-03 1.303036790341138840e-02 7.485950365662574768e-03 1.398624014109373093e-02 2.204728126525878906e-02 8.493277244269847870e-03 1.146979909390211105e-02 3.392105223610997200e-03 2.318242937326431274e-02 1.958174444735050201e-02 1.196602545678615570e-02 1.477180700749158859e-02 3.111477568745613098e-02 3.639641031622886658e-02 2.863741107285022736e-02 2.308123745024204254e-02 7.918037474155426025e-03 3.506384789943695068e-02 1.176642905920743942e-02 2.575212158262729645e-02 2.648892439901828766e-02 2.846294641494750977e-02 1.206843554973602295e-02 1.149865984916687012e-02 7.845698855817317963e-03 5.490622948855161667e-03 4.158981610089540482e-04 4.651627503335475922e-03 1.093386579304933548e-02 1.890475302934646606e-02 1.058288943022489548e-02
2.317163906991481781e-02 1.698974333703517914e-02 2.350879088044166565e-02 3.261841367930173874e-03 8.327837102115154266e-03 2.042255550622940063e-02 2.762030996382236481e-02 2.112132124602794647e-02 1.792371459305286407e-02 8.480408191680908203e-01 2.352836355566978455e-02 8.610002696514129639e-03 2.664560265839099884e-02 1.028630882501602173e-02 1.138008665293455124e-02 4.953184630721807480e-03 8.063547313213348389e-03 1.985605247318744659e-02 3.780072927474975586e-02 1.644339645281434059e-03 1.253128051757812500e-02 2.913241088390350342e-02 9.542301297187805176e-03 6.412165821529924870e-04 3.651579376310110092e-03 2.592031098902225494e-02 2.850431390106678009e-02 2.583956718444824219e-02 2.772108092904090881e-02 2.141844667494297028e-02 8.502817712724208832e-03 5.983528681099414825e-03 1.504684053361415863e-02 2.456511184573173523e-02 2.598669566214084625e-02 1.982034591492265463e-04 1.538179907947778702e-02 6.130892317742109299e-03 1.546495221555233002e-02 2.323168300790712237e-04 1.421961840242147446e-02 1.205455232411623001e-02 2.136569842696189880e-02 3.342052176594734192e-02 1.900467905215919018e-03 3.811778500676155090e-02 3.220027312636375427e-02 3.557075932621955872e-02 4.566522315144538879e-03 4.014904424548149109e-02 1.259351521730422974e-02 1.089062448590993881e-02 1.238812692463397980e-02 1.530264853499829769e-03 1.029574498534202576e-02 3.144055232405662537e-02 1.351290661841630936e-02 3.225382417440414429e-02 6.229514721781015396e-03 8.913455531001091003e-03 1.868225261569023132e-02 3.770805895328521729e-02 4.264338873326778412e-03 2.582737617194652557e-02 1.748334802687168121e-02 2.445074543356895447e-02 8.670303039252758026e-03 4.866841714829206467e-03 1.709746196866035461e-03 3.505785390734672546e-02 1.917013339698314667e-02 9.270401671528816223e-03 2.331958897411823273e-02 3.719759732484817505e-02 1.186812203377485275e-02 4.194833803921937943e-03 7.605505175888538361e-03 4.567570984363555908e-02 1.146948989480733871e-02 3.068493865430355072e-02 2.290423773229122162e-02 1.023875176906585693e-02 4.853351041674613953e-03 3.938296809792518616e-02 4.539838526397943497e-03 2.938849478960037231e-02 1.503284275531768799e-02 7.653366308659315109e-03 2.693773619830608368e-02 1.035457104444503784e-02 2.963739074766635895e-02 3.110494464635848999e-02 3.494239971041679382e-02 2.693426422774791718e-02 1.377603132277727127e-02 2.529382705688476562e-02 4.269284754991531372e-02 1.770698465406894684e-02 1.758374460041522980e-02 1.752844266593456268e-02 1.148783136159181595e-02 2.657105773687362671e-02 3.118031285703182220e-02 1.625048555433750153e-02 9.531026706099510193e-03 4.354544449597597122e-03 2.835155755747109652e-04 1.499194186180830002e-02 2.108370885252952576e-02 3.446465730667114258e-02 2.185122855007648468e-02 4.531760234385728836e-03 9.948657825589179993e-03 3.022431163117289543e-03 1.623985730111598969e-02 1.165574602782726288e-02
5.305448919534683228e-02 4.655611142516136169e-02 1.339576113969087601e-02 1.415753969922661781e-03 9.537100791931152344e-03 5.183145776391029358e-02 5.038245767354965210e-02 2.163450419902801514e-02 2.037459518760442734e-03 2.352836355566978455e-02 8.480408191680908203e-01 4.153521731495857239e-03 5.417032167315483093e-02 9.139969013631343842e-03 4.272519424557685852e-02 1.289618387818336487e-02 1.856837049126625061e-02 1.832430949434638023e-03 6.559553090482950211e-03 7.834464311599731445e-03 2.592261321842670441e-02 3.713538870215415955e-02 8.949764072895050049e-03 6.039293017238378525e-03 1.239475910551846027e-03 2.873497270047664642e-02 3.183954209089279175e-02 4.351200070232152939e-03 2.174478769302368164e-02 4.099760670214891434e-03 1.715996116399765015e-02 1.931354589760303497e-02 3.534374758601188660e-03 9.315800853073596954e-03 2.503954805433750153e-02 1.380818150937557220e-02 2.143831178545951843e-02 2.093073725700378418e-02 2.852043509483337402e-02 1.722577586770057678e-02 1.476468332111835480e-02 4.379777237772941589e-03 9.945653378963470459e-03 1.971126534044742584e-03 1.492139883339405060e-02 2.238282002508640289e-02 5.255408957600593567e-02 4.753394052386283875e-02 3.911132458597421646e-03 1.937032304704189301e-02 1.397935207933187485e-03 5.086386809125542641e-04 9.286902844905853271e-03 1.771683245897293091e-02 7.736549247056245804e-03 1.851356774568557739e-02 1.639332994818687439e-02 2.354408800601959229e-02 9.769822470843791962e-03 1.744603365659713745e-02 1.888966001570224762e-02 5.928233265876770020e-03 3.507045796141028404e-03 1.806231029331684113e-02 4.179315268993377686e-02 3.137574717402458191e-02 1.037142425775527954e-02 1.817001961171627045e-02 1.160641107708215714e-02 2.905328385531902313e-02 4.668084438890218735e-03 2.058779820799827576e-02 1.532585173845291138e-02 2.359904535114765167e-02 2.210172824561595917e-02 1.176477223634719849e-02 1.023228745907545090e-02 6.393146235495805740e-03 2.105083130300045013e-02 2.627813373692333698e-04 1.086943596601486206e-02 2.920127473771572113e-03 4.977697972208261490e-03 3.729841264430433512e-04 2.613375894725322723e-02 5.494913086295127869e-03 3.067058138549327850e-02 2.648820914328098297e-02 5.275057628750801086e-03 1.661235094070434570e-02 3.757524117827415466e-02 4.299561679363250732e-02 4.455171898007392883e-02 1.797029748558998108e-02 7.459304295480251312e-03 7.701472379267215729e-03 2.072939462959766388e-02 7.147437427192926407e-03 1.144575141370296478e-02 6.772639229893684387e-03 3.563377773389220238e-03 1.125441398471593857e-02 1.845173351466655731e-02 7.111135870218276978e-03 6.989147514104843140e-03 1.721305958926677704e-02 9.734510444104671478e-03 2.822795417159795761e-03 1.022109854966402054e-02 2.023277245461940765e-02 1.818919926881790161e-02 6.703355349600315094e-03 2.540373243391513824e-03 8.304805494844913483e-03 1.450349204242229462e-02 1.036593783646821976e-02
1.527523994445800781e-02 2.058908902108669281e-02 1.775220036506652832e-02 1.923460140824317932e-02 1.973381079733371735e-02 2.554972469806671143e-02 1.895392313599586487e-02 1.185017637908458710e-02 8.298330008983612061e-03 8.610002696514129639e-03 4.153521731495857239e-03 8.480408191680908203e-01 5.009560845792293549e-03 8.017995953559875488e-02 2.467132639139890671e-03 9.502668865025043488e-03 7.664138916879892349e-03 2.737404033541679382e-02 1.550431828945875168e-02 1.052744104526937008e-03 4.172026645392179489e-03 1.713387295603752136e-02 4.944994673132896423e-02 3.512331843376159668e-02 4.748983774334192276e-03 1.087258453480899334e-03 1.350107789039611816e-02 6.266354024410247803e-02 1.807729154825210571e-02 4.914200305938720703e-02 7.941019721329212189e-03 1.035548939398722723e-05 2.802819199860095978e-02 1.041085273027420044e-02 4.184338729828596115e-03 6.023984751664102077e-04 9.617949835956096649e-03 1.060385815799236298e-02 1.071953400969505310e-02 4.929071292281150818e-03 2.212000265717506409e-02 8.764305151998996735e-03 1.185759156942367554e-02 1.173869147896766663e-02 5.083737894892692566e-02 4.778944887220859528e-03 8.579148910939693451e-03 6.887801457196474075e-03 9.122279472649097443e-03 2.848535217344760895e-02 1.869026012718677521e-02 3.630900755524635315e-02 4.463849123567342758e-03 2.378769917413592339e-03 2.038211934268474579e-02 2.296253293752670288e-02 2.618330530822277069e-03 1.948301121592521667e-02 1.250018947757780552e-03 9.179931948892772198e-04 3.374559432268142700e-02 1.569606922566890717e-02 8.851299993693828583e-03 1.110768318176269531e-02 1.124777831137180328e-02 1.024213735945522785e-03 1.929054385982453823e-03 1.121234428137540817e-02 1.659475150518119335e-03 1.307487022131681442e-02 4.993221722543239594e-03 1.188482437282800674e-02 2.463686466217041016e-02 2.899661473929882050e-02 2.074365504086017609e-02 2.712051942944526672e-02 2.077911980450153351e-03 9.833905845880508423e-03 7.626096252351999283e-03 2.809544093906879425e-02 2.873112447559833527e-02 5.929659586399793625e-03 1.340357493609189987e-02 1.129827089607715607e-02 8.225372992455959320e-03 1.462820265442132950e-02 8.062559179961681366e-03 7.568395696580410004e-03 1.957382820546627045e-02 2.135774306952953339e-02 1.308397762477397919e-02 4.953343886882066727e-03 2.888468094170093536e-03 1.381075195968151093e-02 2.100636251270771027e-02 1.687153056263923645e-02 2.869517356157302856e-02 2.246065996587276459e-02 2.923580119386315346e-03 1.391774602234363556e-02 4.181431606411933899e-03 1.731559983454644680e-03 7.622495759278535843e-03 2.310144528746604919e-02 9.685659897513687611e-04 4.491861909627914429e-03 6.941448897123336792e-03 1.919287722557783127e-03 2.969866036437451839e-04 2.087945491075515747e-02 2.250835485756397247e-02 3.279495611786842346e-02 5.463619250804185867e-03 3.951206337660551071e-03 7.395239081233739853e-04 2.583311311900615692e-02
5.141598731279373169e-02 5.043386667966842651e-02 1.310525741428136826e-02 4.611963871866464615e-03 3.208082402125000954e-03 4.523776844143867493e-02 4.917162284255027771e-02 2.159700356423854828e-02 1.124384999275207520e-02 2.664560265839099884e-02 5.417032167315483093e-02 5.009560845792293549e-03 8.480408191680908203e-01 1.131945196539163589e-02 4.340765252709388733e-02 1.202890370041131973e-02 1.759588904678821564e-02 4.243720322847366333e-03 1.122128497809171677e-02 2.023020060732960701e-04 3.022579103708267212e-02 3.756503760814666748e-02 1.542378449812531471e-04 6.772208726033568382e-04 9.217920596711337566e-04 3.188906237483024597e-02 2.912541851401329041e-02 3.680885070934891701e-03 2.107970230281352997e-02 4.290648736059665680e-03 1.856687478721141815e-02 1.322507113218307495e-02 5.350432824343442917e-03 1.372471451759338379e-02 2.872769348323345184e-02 1.712957955896854401e-02 3.036885708570480347e-02 1.295328419655561447e-02 2.416692674160003662e-02 1.075870543718338013e-02 1.197747699916362762e-02 7.927786558866500854e-03 1.704855263233184814e-02 2.382947597652673721e-03 2.455677464604377747e-02 2.581911534070968628e-02 4.807101562619209290e-02 4.617033526301383972e-02 7.815051823854446411e-03 2.262545377016067505e-02 5.034446716308593750e-03 4.133876413106918335e-03 1.646779291331768036e-02 2.614935487508773804e-02 1.436469983309507370e-02 2.249347418546676636e-02 1.691707968711853027e-02 3.172423318028450012e-02 1.657365076243877411e-02 2.479352429509162903e-02 1.627105288207530975e-02 1.358016766607761383e-02 4.090320318937301636e-03 2.039628103375434875e-02 3.811504319310188293e-02 3.733380511403083801e-02 9.914309717714786530e-03 2.090739272534847260e-02 1.453341264277696609e-02 2.574159950017929077e-02 6.398951634764671326e-03 1.672373898327350616e-02 1.488188933581113815e-02 2.417496033012866974e-02 1.438796147704124451e-02 7.113603875041007996e-03 1.768874935805797577e-02 6.053293123841285706e-03 1.672260463237762451e-02 7.435681298375129700e-03 1.093452610075473785e-02 7.535643875598907471e-03 2.405632520094513893e-03 8.776430971920490265e-03 2.566425129771232605e-02 8.514856919646263123e-03 2.768935635685920715e-02 2.416486293077468872e-02 1.002509985119104385e-02 7.482076063752174377e-03 3.832913935184478760e-02 3.603249788284301758e-02 4.270512610673904419e-02 1.894378103315830231e-02 7.256025914102792740e-03 1.246614940464496613e-02 2.035124227404594421e-02 8.717134594917297363e-03 1.328905764967203140e-02 8.216886781156063080e-03 3.832521382719278336e-03 1.786074787378311157e-02 1.330389361828565598e-02 4.775364941451698542e-04 1.893134973943233490e-02 2.500830590724945068e-02 9.748879820108413696e-03 1.242994982749223709e-02 1.874163188040256500e-02 2.350383065640926361e-02 2.054911106824874878e-02 8.143092505633831024e-03 1.753266667947173119e-03 7.615772075951099396e-03 7.498030550777912140e-03 1.039234828203916550e-02
