8.209223151206970215e-01 3.924293071031570435e-02 7.233359385281801224e-03 3.415786102414131165e-02 1.015861146152019501e-02 4.730829596519470215e-02 1.763112470507621765e-02 1.607759483158588409e-02 2.048786915838718414e-02 5.183921661227941513e-03 5.211344361305236816e-02 7.895984686911106110e-03 3.792808204889297485e-02 1.657466962933540344e-02 2.937572821974754333e-02 9.111123159527778625e-03 4.231817089021205902e-03 3.143912553787231445e-02 3.979466110467910767e-02 2.033057808876037598e-02 3.180377185344696045e-02 4.501135647296905518e-02 3.462513536214828491e-02 1.895989850163459778e-02 2.753227017819881439e-02 8.669091388583183289e-03 4.594002291560173035e-02 1.133776921778917313e-02 3.024397976696491241e-02 9.105210192501544952e-03 1.911594532430171967e-02 1.724382117390632629e-02 8.831252343952655792e-03 2.164972759783267975e-02 3.448826260864734650e-03 1.736521534621715546e-02 1.166083198040723801e-02 4.942240659147500992e-03 1.533329766243696213e-02 1.310510933399200439e-02 2.783555723726749420e-02 2.120110392570495605e-02 1.309691183269023895e-02 1.748505607247352600e-02 3.401132998988032341e-03 8.221700787544250488e-03 4.475063085556030273e-02 2.430219016969203949e-02 2.770413272082805634e-02 8.185622282326221466e-04 7.442982867360115051e-03 2.690437948331236839e-03 2.004070393741130829e-02 1.153314299881458282e-02 2.676007337868213654e-02 2.375831827521324158e-02 5.584049969911575317e-03 2.546106651425361633e-02 6.991942878812551498e-03 1.097470335662364960e-02 2.720369026064872742e-02 2.738086879253387451e-02 5.783523432910442352e-03 1.937901414930820465e-02 1.602655393071472645e-03 2.208154182881116867e-03 1.899590902030467987e-02 1.807560399174690247e-02 1.787197031080722809e-02 1.203766185790300369e-02 1.035303436219692230e-02 3.549650683999061584e-02 2.615334466099739075e-02 2.328035794198513031e-02 6.053535733371973038e-03 3.758795931935310364e-02 7.926642894744873047e-03 1.179265044629573822e-02 6.813851185142993927e-03 1.951373554766178131e-02 1.658854447305202484e-02 1.918057538568973541e-02 3.662484139204025269e-02 2.993476763367652893e-02 2.977846423164010048e-03 1.420900877565145493e-02 3.421313315629959106e-02 2.599827200174331665e-02 2.392159588634967804e-02 1.766515709459781647e-02 4.649209603667259216e-02 2.603765390813350677e-02 1.995572447776794434e-02 3.534694388508796692e-02 2.820310369133949280e-02 1.586984656751155853e-02 5.453004967421293259e-03 2.263212949037551880e-02 2.240942046046257019e-02 8.771064691245555878e-03 2.032423950731754303e-02 2.293159626424312592e-02 5.478374660015106201e-03 9.604331105947494507e-03 1.349906995892524719e-02 1.120323501527309418e-02 1.078645605593919754e-02 1.115745771676301956e-02 2.313891984522342682e-02 4.895384772680699825e-04 1.733264327049255371e-02 5.260265432298183441e-03 2.075985539704561234e-03 9.399786591529846191e-03 1.812946423888206482e-02 3.094080369919538498e-03
3.924293071031570435e-02 8.209223151206970215e-01 1.157421432435512543e-02 2.418708801269531250e-02 5.654720007441937923e-04 5.961460992693901062e-02 3.232231363654136658e-02 2.486585080623626709e-02 1.488638389855623245e-02 1.525024790316820145e-02 1.474318373948335648e-02 1.422568410634994507e-02 6.357493251562118530e-02 2.830947982147336006e-03 1.865671575069427490e-02 9.045171551406383514e-03 1.765056140720844269e-02 2.171934582293033600e-02 2.682563289999961853e-02 7.481500040739774704e-03 2.183780819177627563e-02 7.875883020460605621e-03 2.683937735855579376e-02 6.590641103684902191e-03 2.029745839536190033e-02 4.522823728621006012e-03 8.325595408678054810e-03 1.544157043099403381e-03 1.371391955763101578e-02 1.839471980929374695e-03 4.184464365243911743e-02 1.604702323675155640e-02 1.929446868598461151e-02 1.588261313736438751e-02 8.567251265048980713e-03 2.155783213675022125e-02 2.111764997243881226e-02 2.128999866545200348e-02 1.001594588160514832e-02 5.603674799203872681e-03 3.644413873553276062e-02 1.582337915897369385e-02 2.017115056514739990e-02 3.151100501418113708e-02 2.920107357203960419e-02 5.420444067567586899e-03 4.029577970504760742e-02 2.609401941299438477e-03 2.819143608212471008e-02 6.808715872466564178e-03 1.265244558453559875e-02 1.726207695901393890e-02 2.143958210945129395e-02 1.692882180213928223e-02 2.841248735785484314e-02 1.688869297504425049e-02 7.771194912493228912e-03 2.291502989828586578e-02 6.723176222294569016e-03 1.775530911982059479e-02 2.995398826897144318e-02 1.443680375814437866e-02 5.226463545113801956e-03 1.380289532244205475e-02 1.761033758521080017e-02 5.100573599338531494e-02 1.675282232463359833e-02 1.421033218502998352e-02 4.909153562039136887e-03 1.664592325687408447e-02 1.184704247862100601e-02 4.065094888210296631e-02 1.639779470860958099e-02 1.495140884071588516e-02 5.586067214608192444e-03 1.213151309639215469e-02 2.211032435297966003e-03 5.322402343153953552e-03 2.063878066837787628e-02 1.341180037707090378e-02 2.726041153073310852e-02 2.141934633255004883e-02 3.342306986451148987e-02 1.663849689066410065e-02 1.291313488036394119e-02 2.500478178262710571e-03 2.205303683876991272e-02 3.691600635647773743e-02 8.572134189307689667e-03 1.856894232332706451e-02 1.503777876496315002e-02 1.266645919531583786e-02 1.296167355030775070e-02 5.757182091474533081e-02 1.130836177617311478e-02 3.214488504454493523e-03 1.177923753857612610e-02 3.919324837625026703e-03 3.313760459423065186e-02 1.706521771848201752e-02 6.235733628273010254e-03 4.001467023044824600e-03 8.931823074817657471e-03 7.089616730809211731e-03 1.344989053905010223e-02 7.324349135160446167e-03 4.415600560605525970e-03 1.593023911118507385e-02 6.829599849879741669e-03 5.562811158597469330e-03 2.310576476156711578e-02 5.330041516572237015e-03 1.504890155047178268e-03 7.464811671525239944e-03 3.057730942964553833e-02 2.750960178673267365e-03
7.233359385281801224e-03 1.157421432435512543e-02 8.209223151206970215e-01 3.106749383732676506e-03 3.748830780386924744e-02 4.217470064759254456e-03 1.188564579933881760e-02 6.359504908323287964e-02 1.321503985673189163e-02 7.165092043578624725e-03 9.774546138942241669e-03 3.234036639332771301e-02 1.121811289340257645e-02 2.772954665124416351e-02 2.301235496997833252e-02 1.196166779845952988e-02 1.813964918255805969e-02 1.843040622770786285e-02 1.523382682353258133e-02 1.708387280814349651e-03 9.544130414724349976e-03 2.247866010293364525e-03 1.105051208287477493e-02 8.006979711353778839e-03 1.571125118061900139e-03 1.519057713449001312e-02 1.446465728804469109e-03 1.964829489588737488e-02 7.042490411549806595e-03 2.690110355615615845e-02 5.688671022653579712e-03 5.015308968722820282e-03 2.913727425038814545e-02 5.746803712099790573e-03 1.116362679749727249e-02 1.839281991124153137e-02 7.963527925312519073e-03 2.713915891945362091e-02 7.305235136300325394e-03 5.626662448048591614e-02 2.640727674588561058e-03 1.482008304446935654e-02 1.615255139768123627e-02 1.286060828715562820e-02 6.274988409131765366e-03 8.462863042950630188e-03 1.635988056659698486e-02 1.185742020606994629e-02 2.307245694100856781e-02 7.590738125145435333e-03 2.794224768877029419e-03 1.531700976192951202e-02 1.354206167161464691e-02 3.142333775758743286e-02 1.447910536080598831e-02 3.200607839971780777e-03 2.728507295250892639e-02 3.976836160290986300e-04 2.299058716744184494e-03 1.682933606207370758e-02 8.892781916074454784e-04 1.367964595556259155e-02 1.238228566944599152e-02 1.344216708093881607e-02 6.610207259654998779e-03 9.210485033690929413e-03 2.493988256901502609e-03 4.833598155528306961e-03 2.314903400838375092e-02 8.060494437813758850e-03 1.936387643218040466e-02 1.592892967164516449e-02 1.154505740851163864e-02 4.362998064607381821e-03 2.465164847671985626e-02 2.924920991063117981e-03 2.484924905002117157e-02 2.408440783619880676e-02 1.160468067973852158e-02 9.256757795810699463e-03 4.816332831978797913e-02 3.072830848395824432e-02 3.355757100507616997e-03 2.710783295333385468e-02 2.490032091736793518e-02 1.111569814383983612e-02 2.548682317137718201e-02 3.141269460320472717e-02 1.471864897757768631e-02 2.409048564732074738e-02 5.522605497390031815e-03 1.986339129507541656e-02 1.100176107138395309e-02 3.021693788468837738e-02 3.051696810871362686e-03 1.252675894647836685e-02 6.582157686352729797e-03 1.880796044133603573e-03 1.207255851477384567e-02 9.700451977550983429e-03 2.391817048192024231e-02 8.318961597979068756e-03 2.268392592668533325e-02 1.159474998712539673e-02 1.677701063454151154e-02 5.088411737233400345e-03 2.476211637258529663e-03 7.445942610502243042e-03 6.223472766578197479e-03 4.101325292140245438e-03 1.077144499868154526e-02 2.970748767256736755e-02 1.395095605403184891e-02 7.687111385166645050e-03 2.591671422123908997e-02 1.159080024808645248e-02
3.415786102414131165e-02 2.418708801269531250e-02 3.106749383732676506e-03 8.209223151206970215e-01 1.112939417362213135e-02 2.960950136184692383e-02 1.537397620268166065e-03 4.908140283077955246e-03 3.352599963545799255e-02 2.213544584810733795e-02 2.984696440398693085e-02 4.257378168404102325e-03 3.211512044072151184e-02 2.254127711057662964e-02 2.392638474702835083e-02 1.288328785449266434e-03 7.010223343968391418e-03 2.769521251320838928e-02 1.524190325289964676e-02 8.354818448424339294e-03 1.631816662847995758e-02 1.831814274191856384e-02 3.377461060881614685e-02 8.612869423814117908e-04 2.468595514073967934e-03 7.394406013190746307e-03 2.282496541738510132e-02 4.957519471645355225e-03 1.017531286925077438e-02 8.702194318175315857e-03 3.030321327969431877e-03 1.873593777418136597e-02 2.941667847335338593e-02 1.287694368511438370e-02 1.953243091702461243e-02 2.810226380825042725e-02 1.067942567169666290e-02 1.234239432960748672e-02 4.849560186266899109e-02 1.312092877924442291e-02 1.958369743078947067e-03 2.153430692851543427e-02 3.681920701637864113e-03 1.460622157901525497e-02 3.606826299801468849e-03 2.390486188232898712e-02 2.790598571300506592e-02 7.744089234620332718e-03 2.796880342066287994e-02 1.495942939072847366e-02 7.509842980653047562e-03 2.601675922051072121e-03 3.321835398674011230e-02 1.505132578313350677e-02 3.092106245458126068e-02 1.060215174220502377e-03 1.892296713776886463e-03 3.525906801223754883e-02 1.218924112617969513e-02 3.355784807354211807e-03 2.384012378752231598e-02 1.441010087728500366e-02 1.880753785371780396e-02 9.243617765605449677e-03 1.619732938706874847e-02 6.136843003332614899e-03 1.457082200795412064e-02 1.376897748559713364e-02 1.285813469439744949e-02 1.546265743672847748e-02 8.644983172416687012e-03 3.059273585677146912e-02 4.412017762660980225e-02 1.665266603231430054e-02 1.450812723487615585e-02 3.549402952194213867e-02 1.654383540153503418e-02 8.910872973501682281e-03 2.034078817814588547e-03 2.421627566218376160e-02 1.044060755521059036e-02 1.623169402591884136e-03 3.355595842003822327e-02 1.886713504791259766e-02 1.057888846844434738e-02 1.624244451522827148e-02 2.615426853299140930e-02 1.432069856673479080e-02 1.902643963694572449e-02 2.514295466244220734e-02 3.252641856670379639e-02 2.817053720355033875e-02 2.390793897211551666e-02 3.075849078595638275e-02 3.707301616668701172e-02 1.904640719294548035e-02 5.718417465686798096e-03 3.296225145459175110e-02 2.623879164457321167e-02 1.381355710327625275e-02 2.106560207903385162e-02 2.636532299220561981e-02 8.802624419331550598e-03 1.665497198700904846e-02 3.252570703625679016e-02 2.154868096113204956e-02 2.371605299413204193e-02 1.442167535424232483e-02 1.557888276875019073e-02 1.440556813031435013e-02 4.407041706144809723e-03 8.481314405798912048e-03 2.695224015042185783e-03 3.593597328290343285e-03 1.118820719420909882e-02 3.643190721049904823e-03
1.015861146152019501e-02 5.654720007441937923e-04 3.748830780386924744e-02 1.112939417362213135e-02 8.209223151206970215e-01 6.746450904756784439e-03 6.644908804446458817e-03 3.279912099242210388e-02 3.102836012840270996e-02 3.489886224269866943e-02 1.772120967507362366e-02 1.904152147471904755e-02 2.115795388817787170e-03 2.038151957094669342e-02 2.167670242488384247e-02 6.188393570482730865e-03 3.516770899295806885e-02 1.917438209056854248e-02 3.093673661351203918e-02 1.000045705586671829e-02 1.734358258545398712e-02 9.476977284066379070e-04 1.313753798604011536e-02 8.220613934099674225e-03 1.748663373291492462e-02 3.758414881303906441e-03 2.979587297886610031e-03 6.175130605697631836e-03 1.452370081096887589e-02 5.389382131397724152e-03 2.066981047391891479e-03 2.054528449662029743e-04 1.743074133992195129e-02 1.334830652922391891e-02 1.458200532943010330e-02 1.309585757553577423e-02 8.386690169572830200e-03 2.010625600814819336e-02 8.240573108196258545e-03 4.790120571851730347e-02 5.972266535536618903e-06 1.311296783387660980e-02 8.244483731687068939e-03 1.440136134624481201e-02 1.151077263057231903e-02 1.899013295769691467e-03 2.082673273980617523e-02 6.691196933388710022e-03 5.765265785157680511e-03 1.615478843450546265e-02 2.365216054022312164e-02 2.921259263530373573e-03 1.248500123620033264e-02 4.453580768313258886e-04 1.938056387007236481e-02 1.222616061568260193e-03 8.863543160259723663e-03 1.260022167116403580e-02 3.877532109618186951e-02 2.061007171869277954e-02 1.998131349682807922e-02 1.863978244364261627e-02 1.213935110718011856e-02 1.135636772960424423e-02 1.914854347705841064e-02 1.982116373255848885e-03 1.218954380601644516e-02 9.187243878841400146e-03 1.910535059869289398e-02 3.709526732563972473e-02 4.429343342781066895e-02 1.620235998416319489e-04 2.061394974589347839e-02 3.570525720715522766e-02 4.664304107427597046e-02 2.593846060335636139e-03 2.838881127536296844e-02 3.537358343601226807e-02 3.448958974331617355e-03 1.949452608823776245e-02 2.237471565604209900e-02 1.400315761566162109e-02 1.345363445580005646e-02 4.414369165897369385e-02 1.413986366242170334e-02 1.325289485976099968e-04 2.344571240246295929e-02 5.609869025647640228e-03 1.207714900374412537e-02 3.066005744040012360e-02 1.137257739901542664e-02 3.669622913002967834e-02 2.266135998070240021e-03 1.184213208034634590e-03 1.217618491500616074e-02 1.799616403877735138e-02 1.693319529294967651e-02 3.737413324415683746e-03 1.229436509311199188e-02 1.297138445079326630e-02 2.101146429777145386e-02 2.311929129064083099e-02 1.694713532924652100e-02 1.054161321371793747e-02 6.523461546748876572e-03 4.407740663737058640e-03 1.771028339862823486e-02 1.843301393091678619e-02 2.233861573040485382e-02 2.998062036931514740e-02 1.613541319966316223e-02 2.118623815476894379e-02 5.380999296903610229e-03 1.595688238739967346e-02 1.429230906069278717e-02 2.111292444169521332e-02
4.730829596519470215e-02 5.961460992693901062e-02 4.217470064759254456e-03 2.960950136184692383e-02 6.746450904756784439e-03 8.209223151206970215e-01 2.540171705186367035e-02 1.645061373710632324e-02 9.122755378484725952e-03 2.401978150010108948e-02 3.482303768396377563e-02 9.594558738172054291e-03 4.905411973595619202e-02 1.742517575621604919e-02 1.514578331261873245e-02 2.710874378681182861e-02 2.936792373657226562e-02 3.187885507941246033e-02 2.185900881886482239e-02 1.195574086159467697e-02 2.171167731285095215e-02 2.059537544846534729e-02 2.346164919435977936e-02 8.798746392130851746e-03 2.043121866881847382e-02 2.134569920599460602e-03 2.718088589608669281e-02 1.718236133456230164e-02 4.603121895343065262e-03 2.508985344320535660e-03 2.172941528260707855e-02 6.333224009722471237e-03 1.850965246558189392e-02 9.654789231717586517e-03 6.222893483936786652e-03 1.536733470857143402e-02 3.818562254309654236e-03 1.024377183057367802e-03 5.610703025013208389e-03 2.556362655013799667e-03 2.550426498055458069e-02 2.285649441182613373e-02 2.468313463032245636e-02 2.767658606171607971e-02 3.058538772165775299e-02 1.264915801584720612e-03 6.797774136066436768e-02 5.059412214905023575e-03 2.354047633707523346e-02 1.948144845664501190e-02 8.717419579625129700e-03 1.349003892391920090e-02 9.611786343157291412e-03 1.433679135516285896e-03 2.635268867015838623e-02 4.302388115320354700e-04 3.470703959465026855e-03 3.628690168261528015e-02 6.756979972124099731e-03 5.357330664992332458e-03 3.411165997385978699e-02 7.015379611402750015e-03 8.158594369888305664e-03 5.890268832445144653e-03 4.843928385525941849e-03 3.099586069583892822e-02 1.505722757428884506e-02 1.331522595137357712e-02 2.631486160680651665e-03 5.560356657952070236e-03 1.802204735577106476e-02 3.994214162230491638e-02 1.168013922870159149e-02 8.986255154013633728e-03 2.479670010507106781e-02 2.298090234398841858e-02 5.723989102989435196e-03 1.183515763841569424e-03 2.888760529458522797e-02 1.995927467942237854e-02 7.669364567846059799e-03 4.086750559508800507e-03 3.808658570051193237e-02 1.729946583509445190e-02 1.627332903444766998e-02 1.910164486616849899e-03 2.136237546801567078e-02 3.037315979599952698e-02 2.231103740632534027e-02 2.021931484341621399e-02 3.491058573126792908e-02 1.150201912969350815e-02 1.306620519608259201e-02 4.933687299489974976e-02 3.473030170425772667e-03 6.958529818803071976e-03 1.306458655744791031e-02 2.878780011087656021e-03 1.875097118318080902e-02 2.603236353024840355e-03 8.500587427988648415e-04 4.354287739261053503e-05 4.468155559152364731e-03 5.665572360157966614e-03 1.063963863998651505e-02 4.467327962629497051e-04 3.203359898179769516e-03 1.944517344236373901e-02 1.221549604088068008e-02 2.652542199939489365e-03 8.825879544019699097e-03 7.540478836745023727e-03 1.264450047165155411e-02 1.655890792608261108e-02 2.848807349801063538e-02 1.457373797893524170e-02
1.763112470507621765e-02 3.232231363654136658e-02 1.188564579933881760e-02 1.537397620268166065e-03 6.644908804446458817e-03 2.540171705186367035e-02 8.209223151206970215e-01 2.525494061410427094e-02 4.565872251987457275e-03 1.822915859520435333e-02 8.969583548605442047e-03 8.436936885118484497e-03 2.858645655214786530e-02 7.566987071186304092e-03 6.351790507324039936e-04 1.930663175880908966e-02 4.124561324715614319e-02 6.918225903064012527e-03 9.330606088042259216e-03 6.334626115858554840e-03 1.626412267796695232e-03 4.484595730900764465e-02 1.470269635319709778e-02 3.881666064262390137e-02 2.134156413376331329e-03 1.518897898495197296e-02 3.578010201454162598e-02 2.469511143863201141e-02 5.241146776825189590e-03 1.050486578606069088e-03 7.427849620580673218e-02 2.999059390276670456e-03 2.200780808925628662e-02 1.161122228950262070e-02 2.334795519709587097e-02 2.212014608085155487e-02 1.182955224066972733e-02 2.284697955474257469e-03 6.318617961369454861e-04 7.111077429726719856e-04 1.838294044137001038e-02 1.323814690113067627e-02 2.049412578344345093e-02 2.628523670136928558e-02 3.610939905047416687e-02 8.684561587870121002e-03 4.524793475866317749e-03 6.975293904542922974e-02 1.669186912477016449e-02 7.594523485749959946e-03 1.968884654343128204e-02 1.557869091629981995e-02 6.844652816653251648e-03 3.124582581222057343e-03 1.729709282517433167e-02 5.339925177395343781e-03 3.004045784473419189e-02 5.746402312070131302e-03 1.172605250030755997e-02 4.271340090781450272e-03 1.909911073744297028e-02 1.501999649917706847e-04 4.875842947512865067e-03 1.016268134117126465e-02 2.055103890597820282e-02 5.244958028197288513e-02 8.329210802912712097e-03 1.305621955543756485e-02 1.649505831301212311e-02 1.902186498045921326e-02 3.307994082570075989e-02 1.072916574776172638e-02 3.664702177047729492e-03 1.125967502593994141e-02 1.865224912762641907e-02 2.235253527760505676e-02 3.939530346542596817e-03 2.115565724670886993e-02 4.110934585332870483e-02 1.242161449044942856e-02 1.422570832073688507e-02 5.792752839624881744e-03 3.498979203868657351e-04 5.747116170823574066e-03 1.640274375677108765e-02 3.125186637043952942e-02 5.399864166975021362e-03 1.408149674534797668e-02 1.927371695637702942e-02 3.957808949053287506e-03 6.822345312684774399e-03 4.932114854454994202e-03 4.967902973294258118e-02 1.677469909191131592e-02 2.171398513019084930e-02 3.067752532660961151e-02 3.067993326112627983e-03 1.413173694163560867e-02 2.037524804472923279e-02 1.277426071465015411e-02 5.785774905234575272e-03 7.182897999882698059e-03 2.814583247527480125e-03 1.576853799633681774e-03 7.953042164444923401e-03 6.661602295935153961e-03 5.303390789777040482e-03 2.207244746387004852e-02 1.619635708630084991e-02 1.589957252144813538e-02 5.746158785768784583e-05 6.139303091913461685e-03 2.217846922576427460e-02 1.394621003419160843e-02 2.498489059507846832e-02 7.531649898737668991e-04
1.607759483158588409e-02 2.486585080623626709e-02 6.359504908323287964e-02 4.908140283077955246e-03 3.279912099242210388e-02 1.645061373710632324e-02 2.525494061410427094e-02 8.209223151206970215e-01 2.023371495306491852e-02 1.234082225710153580e-02 1.555244438350200653e-02 1.100899558514356613e-02 3.032109886407852173e-02 1.231370028108358383e-02 3.557433933019638062e-02 9.865466505289077759e-03 1.979024382308125496e-03 6.770620122551918030e-03 1.436927635222673416e-02 7.252641022205352783e-03 2.263139374554157257e-02 9.508538991212844849e-03 1.134063303470611572e-02 2.674134681001305580e-03 1.826946064829826355e-02 2.342684008181095123e-02 1.652224920690059662e-02 1.616570912301540375e-02 1.948728039860725403e-02 1.307491399347782135e-02 2.643125131726264954e-02 3.320571035146713257e-03 1.921115070581436157e-02 2.076216042041778564e-02 6.422011938411742449e-05 4.690748639404773712e-03 1.202390808612108231e-02 1.111046038568019867e-02 3.298417432233691216e-04 3.893898800015449524e-02 2.091172896325588226e-02 2.894792472943663597e-03 1.514535117894411087e-02 3.014218062162399292e-03 6.769093684852123260e-03 4.003391659352928400e-04 8.571622893214225769e-04 1.692227646708488464e-02 6.482725962996482849e-03 7.887270185165107250e-04 3.479775786399841309e-02 1.453257538378238678e-02 3.588624531403183937e-03 1.389397867023944855e-02 5.276773590594530106e-03 1.886282302439212799e-02 2.095210179686546326e-02 1.124533731490373611e-02 6.359457038342952728e-04 1.001495309174060822e-02 5.661661853082478046e-04 2.876225858926773071e-02 1.507992710685357451e-04 8.219617418944835663e-03 1.079829409718513489e-02 2.805444598197937012e-02 1.487623620778322220e-02 1.413457281887531281e-02 2.154552377760410309e-02 3.522525355219841003e-02 2.199995331466197968e-02 1.834079995751380920e-02 1.325360499322414398e-02 2.466557919979095459e-02 1.820879802107810974e-02 9.223255328834056854e-03 1.611199043691158295e-02 1.798517256975173950e-02 1.744782365858554840e-02 1.519906986504793167e-02 5.933826044201850891e-02 5.790861323475837708e-02 1.663839793764054775e-03 1.376390736550092697e-02 1.696813385933637619e-03 1.663411781191825867e-02 3.787387534976005554e-02 3.753603994846343994e-02 1.488010748289525509e-03 1.561115868389606476e-02 1.534883305430412292e-02 3.502966091036796570e-02 1.232941541820764542e-02 3.082631342113018036e-02 3.556681564077734947e-03 6.148849148303270340e-03 2.181791467592120171e-03 1.035995688289403915e-02 2.534756623208522797e-02 1.949546858668327332e-02 2.040790207684040070e-02 1.658162847161293030e-02 7.031865417957305908e-03 9.209956973791122437e-03 3.877899609506130219e-03 4.202975891530513763e-03 1.424945704638957977e-02 1.536950562149286270e-02 1.302419137209653854e-02 1.185602787882089615e-02 5.907695274800062180e-03 2.504197508096694946e-02 2.352293953299522400e-02 1.425271760672330856e-02 3.354298695921897888e-02 1.580233871936798096e-02
2.048786915838718414e-02 1.488638389855623245e-02 1.321503985673189163e-02 3.352599963545799255e-02 3.102836012840270996e-02 9.122755378484725952e-03 4.565872251987457275e-03 2.023371495306491852e-02 8.209223151206970215e-01 2.922326698899269104e-02 1.526102609932422638e-02 6.152035668492317200e-03 1.741727627813816071e-02 1.292118988931179047e-02 2.445339597761631012e-02 3.585245867725461721e-04 2.047084271907806396e-02 3.385888785123825073e-02 3.516933694481849670e-02 2.426001057028770447e-02 6.341805681586265564e-03 1.149033941328525543e-02 3.477863222360610962e-02 1.199437398463487625e-02 8.434571325778961182e-03 1.134850434027612209e-03 2.501823566854000092e-02 1.802033372223377228e-02 5.633903201669454575e-03 4.435694776475429535e-03 2.983840415254235268e-03 8.571941405534744263e-03 6.483797915279865265e-03 1.060910802334547043e-02 1.231619808822870255e-02 4.825051873922348022e-04 1.672384329140186310e-02 1.374035049229860306e-02 1.940335892140865326e-02 6.668932270258665085e-03 8.385371416807174683e-03 7.521574385464191437e-03 1.049698912538588047e-03 3.750770702026784420e-04 1.075471169315278530e-03 2.148223109543323517e-02 4.121372010558843613e-03 1.130431611090898514e-02 1.567330211400985718e-02 1.741932518780231476e-02 5.573083180934190750e-03 1.761852391064167023e-02 1.074696425348520279e-02 1.628032070584595203e-03 7.329724729061126709e-03 6.175311282277107239e-03 1.433159597218036652e-02 5.488849245011806488e-03 7.538811303675174713e-03 2.631708281114697456e-03 3.656823420897126198e-03 1.738571189343929291e-02 1.832987554371356964e-02 1.111094653606414795e-02 2.708201995119452477e-03 8.592418394982814789e-03 1.208382006734609604e-02 4.970291629433631897e-03 4.287972673773765564e-02 2.636859938502311707e-02 3.471671044826507568e-02 3.265278786420822144e-02 1.704632118344306946e-02 3.200162574648857117e-02 3.044128231704235077e-02 2.890899777412414551e-02 6.844002008438110352e-02 3.896116837859153748e-02 3.194694174453616142e-03 4.257375374436378479e-03 2.097697742283344269e-02 1.193351391702890396e-02 2.818346954882144928e-02 3.134665638208389282e-02 3.062779456377029419e-02 1.313740108162164688e-02 1.782247051596641541e-02 4.180950578302145004e-03 3.661176934838294983e-02 2.368631772696971893e-02 1.385057810693979263e-02 3.026880510151386261e-02 1.355468295514583588e-02 1.263820845633745193e-02 2.849686704576015472e-02 1.362526603043079376e-02 5.362413823604583740e-03 2.827464416623115540e-02 3.031730093061923981e-02 1.544662658125162125e-02 6.941949948668479919e-03 7.568485103547573090e-03 1.462884712964296341e-02 3.440373344346880913e-03 6.582568865269422531e-03 1.373140141367912292e-02 2.610010839998722076e-02 8.596626110374927521e-03 1.692091301083564758e-02 5.804270040243864059e-03 2.289171330630779266e-02 2.564721368253231049e-02 4.246343392878770828e-03 1.139343949034810066e-03 4.340931773185729980e-03 1.909615844488143921e-02
5.183921661227941513e-03 1.525024790316820145e-02 7.165092043578624725e-03 2.213544584810733795e-02 3.489886224269866943e-02 2.401978150010108948e-02 1.822915859520435333e-02 1.234082225710153580e-02 2.922326698899269104e-02 8.209223151206970215e-01 2.508359029889106750e-03 4.566397983580827713e-03 1.183812320232391357e-02 2.718226425349712372e-02 2.193052554503083229e-03 4.903351888060569763e-03 4.070039838552474976e-02 7.783471141010522842e-03 2.527477033436298370e-02 1.755371317267417908e-02 1.031766552478075027e-02 1.639355160295963287e-02 1.660942565649747849e-03 3.714713826775550842e-02 3.229961963370442390e-03 2.751414850354194641e-02 8.014054037630558014e-03 1.102774776518344879e-02 1.101777702569961548e-02 1.461863238364458084e-02 1.409349124878644943e-02 2.012866921722888947e-02 3.727161511778831482e-02 3.572953399270772934e-03 4.688311833888292313e-03 2.413185127079486847e-02 1.988907158374786377e-02 3.443191759288311005e-03 2.082898467779159546e-02 6.246421486139297485e-03 2.109785331413149834e-03 4.099985118955373764e-03 1.148232910782098770e-02 7.068132050335407257e-03 1.549531985074281693e-02 5.539013538509607315e-03 2.899767458438873291e-02 7.937879301607608795e-03 1.886903122067451477e-02 5.087496712803840637e-02 1.131635811179876328e-02 1.542196725495159626e-03 6.023086607456207275e-03 3.985974006354808807e-03 2.082468941807746887e-02 3.255437687039375305e-02 5.248642526566982269e-03 5.315435677766799927e-02 3.105923999100923538e-03 9.546881541609764099e-03 4.035185277462005615e-02 2.097277157008647919e-02 5.756288766860961914e-03 1.092492975294589996e-02 8.463326841592788696e-03 2.549595199525356293e-02 1.971587538719177246e-02 1.273855660110712051e-02 8.082625456154346466e-03 2.583664283156394958e-02 5.755075439810752869e-02 1.200690679252147675e-02 1.027928479015827179e-02 3.803003206849098206e-02 2.508472651243209839e-02 1.104382425546646118e-02 2.384885214269161224e-02 6.541121751070022583e-02 2.034234814345836639e-02 2.728733420372009277e-02 1.142130699008703232e-02 4.839509725570678711e-03 4.160647280514240265e-03 2.131902799010276794e-02 2.062498591840267181e-02 6.657331716269254684e-03 7.737314794212579727e-03 1.070731878280639648e-02 4.119933117181062698e-03 5.433534458279609680e-02 4.578249529004096985e-03 1.937884837388992310e-02 8.490943349897861481e-03 2.190548181533813477e-02 1.584373414516448975e-02 6.350827170535922050e-04 3.587178140878677368e-02 8.479430340230464935e-03 9.484634210821241140e-05 1.849648728966712952e-02 1.286379713565111160e-02 1.275854650884866714e-03 5.704485811293125153e-04 3.472546581178903580e-03 8.653072640299797058e-03 7.700392510741949081e-03 1.257727388292551041e-03 1.193613838404417038e-02 1.258020102977752686e-02 1.801528409123420715e-02 5.557287018746137619e-03 1.788828708231449127e-02 5.100123584270477295e-03 1.462068466935306787e-04 9.148328565061092377e-03 2.501877956092357635e-02
5.211344361305236816e-02 1.474318373948335648e-02 9.774546138942241669e-03 2.984696440398693085e-02 1.772120967507362366e-02 3.482303768396377563e-02 8.969583548605442047e-03 1.555244438350200653e-02 1.526102609932422638e-02 2.508359029889106750e-03 8.209223151206970215e-01 1.972158625721931458e-02 2.351068519055843353e-02 1.977012306451797485e-02 2.165430411696434021e-02 1.056001428514719009e-02 2.549672266468405724e-03 2.951611764729022980e-02 2.974651381373405457e-02 1.859813369810581207e-02 3.261400014162063599e-02 4.295288026332855225e-02 2.508951164782047272e-02 1.977158710360527039e-02 3.013670630753040314e-02 1.273028831928968430e-02 4.067389667034149170e-02 8.414928801357746124e-03 6.140604615211486816e-02 9.656757116317749023e-03 2.646412327885627747e-02 1.923558861017227173e-02 1.138079445809125900e-02 2.682156488299369812e-02 1.456409785896539688e-02 2.394033595919609070e-02 1.196948345750570297e-02 2.081484161317348480e-02 6.097133271396160126e-03 1.571075990796089172e-02 7.724227383732795715e-03 3.665929287672042847e-02 3.083461895585060120e-02 1.077066827565431595e-02 4.231007769703865051e-04 6.727697327733039856e-03 2.660774812102317810e-02 3.609531326219439507e-03 2.206672541797161102e-02 7.762876339256763458e-03 1.184065453708171844e-02 2.783918287605047226e-03 1.083862315863370895e-02 4.063727334141731262e-03 1.591107808053493500e-02 1.566643454134464264e-02 2.569648902863264084e-03 1.631068065762519836e-02 2.891265787184238434e-03 9.449128992855548859e-03 1.984425075352191925e-02 2.113063260912895203e-02 1.088847965002059937e-02 1.042918115854263306e-02 3.416899219155311584e-02 1.038167718797922134e-02 2.181889116764068604e-02 2.485643699765205383e-02 1.747036166489124298e-02 2.388560958206653595e-02 1.125193573534488678e-02 2.425422891974449158e-02 2.400476671755313873e-02 1.119884010404348373e-02 4.668723791837692261e-03 3.219881653785705566e-02 1.785241439938545227e-02 6.733088288456201553e-03 6.739300442859530449e-04 2.847638912498950958e-03 1.574071869254112244e-02 1.154903788119554520e-02 2.723252959549427032e-02 3.707673400640487671e-02 1.122349174693226814e-03 3.720709064509719610e-04 4.330842941999435425e-02 1.912863552570343018e-02 1.808690093457698822e-02 4.712440539151430130e-03 5.708089470863342285e-02 4.223997890949249268e-02 1.188059709966182709e-02 1.940236426889896393e-02 1.839667186141014099e-02 5.541717633605003357e-03 1.425710506737232208e-02 2.362467162311077118e-02 2.124445885419845581e-02 8.444773964583873749e-03 1.873761788010597229e-02 2.330161444842815399e-02 4.979442339390516281e-03 1.851236261427402496e-02 6.945031695067882538e-03 1.353070698678493500e-02 1.034765224903821945e-02 1.562697626650333405e-02 1.777086406946182251e-02 1.281344890594482422e-02 3.039486007764935493e-03 2.359246282139793038e-04 2.029918506741523743e-02 2.984401024878025055e-02 1.271155197173357010e-02 3.348817350342869759e-03
7.895984686911106110e-03 1.422568410634994507e-02 3.234036639332771301e-02 4.257378168404102325e-03 1.904152147471904755e-02 9.594558738172054291e-03 8.436936885118484497e-03 1.100899558514356613e-02 6.152035668492317200e-03 4.566397983580827713e-03 1.972158625721931458e-02 8.209223151206970215e-01 9.198233485221862793e-03 6.122890859842300415e-02 9.762211702764034271e-03 1.820166781544685364e-02 1.829705317504703999e-03 3.635079041123390198e-02 3.241217881441116333e-02 1.100322883576154709e-02 2.835491672158241272e-03 7.509686052799224854e-03 1.991385407745838165e-02 2.474197000265121460e-02 1.160849537700414658e-02 2.415095642209053040e-02 1.705128327012062073e-02 1.342184562236070633e-02 2.776998095214366913e-02 2.808266691863536835e-02 7.612537592649459839e-03 1.674498617649078369e-02 6.180818192660808563e-03 7.411197759211063385e-03 8.552311337552964687e-04 2.744429372251033783e-02 1.835794933140277863e-02 9.613540954887866974e-03 4.660520789911970496e-05 1.677669584751129150e-02 2.041410421952605247e-03 9.476714767515659332e-03 1.442444976419210434e-02 2.881753258407115936e-03 5.083899572491645813e-02 3.068515285849571228e-02 1.581216976046562195e-02 5.054002162069082260e-03 4.653567913919687271e-03 1.232358720153570175e-02 3.321136161684989929e-02 4.802539199590682983e-02 1.407576166093349457e-02 1.118032634258270264e-02 1.628569327294826508e-02 2.910541184246540070e-02 8.750168606638908386e-03 4.008620977401733398e-03 5.660310853272676468e-03 1.309094205498695374e-02 2.131019718945026398e-02 3.221089253202080727e-03 5.576500203460454941e-03 6.536060012876987457e-03 8.756537921726703644e-03 1.947060227394104004e-02 1.530849747359752655e-02 1.333904825150966644e-02 1.569205522537231445e-02 1.086788624525070190e-02 1.056770235300064087e-02 1.008889451622962952e-02 1.220628432929515839e-02 2.428802847862243652e-02 1.835093571571633220e-04 1.734272204339504242e-02 1.161890686489641666e-03 6.179707590490579605e-03 2.059094980359077454e-02 1.169553957879543304e-02 7.629854138940572739e-03 1.219006162136793137e-02 1.580655016005039215e-02 2.626939862966537476e-02 3.756518289446830750e-02 4.338971152901649475e-02 1.226427592337131500e-02 7.090962026268243790e-03 2.270416170358657837e-02 2.631786838173866272e-02 1.325206737965345383e-02 6.023357622325420380e-03 1.480874605476856232e-02 1.482190191745758057e-02 1.389035116881132126e-02 2.652411349117755890e-02 8.323277346789836884e-03 2.370039746165275574e-02 1.650732010602951050e-02 3.760707005858421326e-02 3.573570866137742996e-04 3.646077355369925499e-03 3.254466876387596130e-02 3.362814709544181824e-02 1.478761993348598480e-02 6.700221449136734009e-03 1.506285089999437332e-02 1.007770560681819916e-02 1.253641094081103802e-03 2.160394098609685898e-03 6.456803530454635620e-03 2.062620595097541809e-02 2.286575734615325928e-02 2.277463860809803009e-02 1.765795424580574036e-02 1.631293818354606628e-02
3.792808204889297485e-02 6.357493251562118530e-02 1.121811289340257645e-02 3.211512044072151184e-02 2.115795388817787170e-03 4.905411973595619202e-02 2.858645655214786530e-02 3.032109886407852173e-02 1.741727627813816071e-02 1.183812320232391357e-02 2.351068519055843353e-02 9.198233485221862793e-03 8.209223151206970215e-01 2.291047712787985802e-03 3.050163388252258301e-02 9.199276682920753956e-04 1.252422202378511429e-02 2.614564634859561920e-02 2.432614006102085114e-02 1.119316462427377701e-02 3.125072643160820007e-02 1.365894358605146408e-02 2.728031575679779053e-02 1.026356010697782040e-03 2.384348958730697632e-02 6.109757348895072937e-03 1.606024987995624542e-02 4.671386908739805222e-03 1.050876337103545666e-03 7.127275224775075912e-03 3.333175927400588989e-02 1.814337261021137238e-02 1.347139943391084671e-02 1.915193907916545868e-02 2.303190296515822411e-03 2.109428681433200836e-02 2.022097073495388031e-02 1.311274152249097824e-02 2.296145074069499969e-02 9.597878903150558472e-03 2.902694232761859894e-02 2.685634419322013855e-02 2.431280352175235748e-02 2.575767599046230316e-02 2.467417903244495392e-02 2.323190448805689812e-03 3.929675370454788208e-02 6.253199186176061630e-03 2.933950908482074738e-02 8.950198069214820862e-03 1.993883959949016571e-02 2.224789559841156006e-02 2.648691087961196899e-02 1.660514622926712036e-02 2.796547859907150269e-02 1.715502515435218811e-02 7.803519722074270248e-03 2.259878814220428467e-02 1.145995687693357468e-02 1.544729527086019516e-02 2.731404453516006470e-02 1.388563029468059540e-02 1.161885540932416916e-02 1.906323805451393127e-02 4.143537022173404694e-03 4.555263742804527283e-02 2.107402123510837555e-02 2.152300812304019928e-02 1.094178948551416397e-02 1.880737394094467163e-02 8.851842023432254791e-03 4.207627475261688232e-02 2.766534686088562012e-02 1.630956865847110748e-02 2.422805177047848701e-03 1.514198724180459976e-02 1.317735482007265091e-02 7.591363973915576935e-03 2.286769449710845947e-02 6.063272710889577866e-03 3.537747263908386230e-02 2.973858825862407684e-02 2.930757217109203339e-02 1.441029272973537445e-02 1.076911482959985733e-02 8.298423141241073608e-03 3.274684771895408630e-02 4.450533166527748108e-02 7.258889731019735336e-03 1.843218132853507996e-02 2.494070865213871002e-02 1.762275025248527527e-02 7.526127155870199203e-03 5.394496768712997437e-02 1.571938768029212952e-02 6.407011300325393677e-03 5.321647040545940399e-03 2.473294036462903023e-03 3.920071572065353394e-02 2.187694795429706573e-02 8.253498002886772156e-03 4.745291545987129211e-03 3.288486273959279060e-03 4.336382262408733368e-03 1.274411752820014954e-02 8.853971958160400391e-03 1.458282675594091415e-02 1.999408192932605743e-02 4.916992969810962677e-03 8.541313931345939636e-03 7.244176696985960007e-03 9.051477536559104919e-03 1.486582681536674500e-02 1.629810966551303864e-02 2.757761627435684204e-02 3.130129305645823479e-03
