8.480930924415588379e-01 6.094717234373092651e-02 7.123721763491630554e-03 6.259606219828128815e-03 1.085694786161184311e-02 2.868969365954399109e-02 2.920815721154212952e-02 4.364607855677604675e-03 8.553701452910900116e-03 7.681934628635644913e-03 5.928759649395942688e-02 2.943105623126029968e-02 5.126779899001121521e-02 3.127536037936806679e-03 1.065126061439514160e-02 6.654670927673578262e-03 7.179124746471643448e-03 9.413609514012932777e-04 1.163113396614789963e-02 1.147165708243846893e-02 1.177481096237897873e-02 2.375768870115280151e-02 6.831688806414604187e-03 9.968827478587627411e-03 9.046400664374232292e-04 1.006422378122806549e-02 6.018334068357944489e-03 4.074291139841079712e-02 2.696533873677253723e-02 3.190682083368301392e-02 1.342745963484048843e-02 2.020479924976825714e-02 8.476383052766323090e-03 2.579486183822154999e-02 8.232332766056060791e-03 1.329991314560174942e-02 2.866491861641407013e-02 9.630418382585048676e-03 9.452165104448795319e-03 9.211651980876922607e-03 2.469224156811833382e-03 1.403907313942909241e-02 1.594948349520564079e-03 3.081333450973033905e-02 3.354501351714134216e-02 1.401964295655488968e-02 2.954238466918468475e-02 2.259867638349533081e-02 8.198409341275691986e-03 3.651331737637519836e-02 1.926817186176776886e-02 1.989967748522758484e-02 2.105663344264030457e-02 2.546049840748310089e-02 5.556656979024410248e-03 1.479059271514415741e-02 1.440707966685295105e-02 1.388137787580490112e-02 1.869153790175914764e-02 2.590705640614032745e-02 2.498744428157806396e-02 1.189646776765584946e-02 1.589363999664783478e-02 4.032461438328027725e-03 2.502537705004215240e-02 2.761489897966384888e-02 2.168506011366844177e-02 1.783581264317035675e-02 2.284687710925936699e-03 1.468991395086050034e-02 6.383963860571384430e-03 2.669647149741649628e-02 3.318765899166464806e-03 3.149801865220069885e-02 2.265889896079897881e-03 1.274187583476305008e-02 1.495950482785701752e-02 1.622352935373783112e-02 1.089655049145221710e-02 6.466652266681194305e-04 3.910946659743785858e-03 5.069282371550798416e-03 3.192697837948799133e-02 2.609394676983356476e-02 5.707358010113239288e-03 1.218117773532867432e-02 4.505604971200227737e-03 1.330906641669571400e-03 1.703041372820734978e-03 1.886098086833953857e-02 1.595852524042129517e-02 1.623867079615592957e-02 1.028394885361194611e-02 5.263845901936292648e-03 2.265685237944126129e-02 5.483219865709543228e-03 1.908294856548309326e-02 1.724956370890140533e-02 1.592996343970298767e-02 1.570586301386356354e-02 1.164551451802253723e-02 1.070950739085674286e-02 2.482612244784832001e-02 2.139636315405368805e-02 6.968249566853046417e-03 1.928033679723739624e-02 1.315466780215501785e-02 1.270444318652153015e-02 1.222474034875631332e-03 1.519716996699571609e-02 1.387290935963392258e-02 1.661413908004760742e-02 7.324290461838245392e-03 1.586008002050220966e-03 2.616332145407795906e-03 2.294653560966253281e-03
6.094717234373092651e-02 8.480930924415588379e-01 1.012499094940721989e-03 1.158000342547893524e-02 1.957591809332370758e-02 2.428313158452510834e-02 2.923913113772869110e-02 1.793478731997311115e-03 1.401790603995323181e-02 1.201289705932140350e-02 5.631621927022933960e-02 2.956738881766796112e-02 4.774639382958412170e-02 3.288706066086888313e-03 2.309626527130603790e-02 6.674158386886119843e-03 8.308651857078075409e-03 5.023829173296689987e-03 5.779604893177747726e-03 1.073663029819726944e-02 1.347109861671924591e-02 2.691711485385894775e-02 7.737412117421627045e-03 9.930223226547241211e-03 4.577022264129482210e-05 1.115488447248935699e-02 6.436299066990613937e-03 4.333427920937538147e-02 2.293745987117290497e-02 3.518912196159362793e-02 7.911291904747486115e-03 2.155369147658348083e-02 8.685287088155746460e-03 2.502507343888282776e-02 7.957071065902709961e-03 1.595079153776168823e-02 2.674764394760131836e-02 1.325263269245624542e-02 3.340830560773611069e-03 1.897303201258182526e-02 1.203435007482767105e-02 1.082848478108644485e-02 2.808290533721446991e-03 3.364190086722373962e-02 3.347650542855262756e-02 1.821319013833999634e-02 2.589175663888454437e-02 2.196406014263629913e-02 7.119143381714820862e-03 3.368704020977020264e-02 2.449270151555538177e-02 2.334070578217506409e-02 1.962121576070785522e-02 2.214500680565834045e-02 8.331393823027610779e-03 1.385449897497892380e-02 1.111829560250043869e-02 1.814832165837287903e-02 1.759490743279457092e-02 2.191448025405406952e-02 2.476642467081546783e-02 1.267653051763772964e-02 1.480124425143003464e-02 8.695102296769618988e-03 2.178348414599895477e-02 2.142897248268127441e-02 1.946354098618030548e-02 1.893311925232410431e-02 2.888436662033200264e-03 1.518035959452390671e-02 6.971606519073247910e-03 2.813540771603584290e-02 6.879463791847229004e-03 3.726284205913543701e-02 4.085063934326171875e-03 1.443591900169849396e-02 2.193299867212772369e-02 1.295815873891115189e-02 1.178199704736471176e-02 1.487447181716561317e-03 3.338037524372339249e-03 1.622104464331641793e-04 2.727004513144493103e-02 2.160901203751564026e-02 7.221850100904703140e-03 9.558524936437606812e-03 6.776613183319568634e-03 2.288472140207886696e-03 3.982535097748041153e-03 1.782991178333759308e-02 1.261336356401443481e-02 1.892887242138385773e-02 8.284287527203559875e-03 7.414344232529401779e-03 2.039654552936553955e-02 5.578954587690532207e-04 1.631785742938518524e-02 1.407315302640199661e-02 1.684075035154819489e-02 1.465484034270048141e-02 1.745602674782276154e-02 1.536318100988864899e-02 2.235389128327369690e-02 1.937327347695827484e-02 7.551269140094518661e-03 1.929465122520923615e-02 2.156538702547550201e-02 1.890959776937961578e-02 4.546918906271457672e-03 1.271626073867082596e-02 2.155730128288269043e-02 2.303055301308631897e-02 1.261531654745340347e-02 3.193187061697244644e-03 1.892746076919138432e-03 2.465256722643971443e-03
7.123721763491630554e-03 1.012499094940721989e-03 8.480930924415588379e-01 2.326895855367183685e-02 7.506942376494407654e-03 3.950015641748905182e-03 8.582033216953277588e-03 3.439147397875785828e-02 6.426367908716201782e-03 2.353750541806221008e-02 3.632456064224243164e-03 7.669086568057537079e-03 7.970002479851245880e-03 2.003518398851156235e-03 2.626027911901473999e-02 2.689188811928033829e-03 6.184629630297422409e-03 4.759320523589849472e-03 1.877476088702678680e-02 3.261173516511917114e-02 2.251128666102886200e-02 1.141135673969984055e-02 2.798876026645302773e-03 4.437980707734823227e-03 2.267350070178508759e-02 2.083326876163482666e-02 1.447626156732439995e-03 1.933766878210008144e-03 2.419407665729522705e-02 7.443365175276994705e-03 2.701403945684432983e-02 1.827243901789188385e-02 2.127128094434738159e-02 1.367235742509365082e-02 2.408248186111450195e-02 1.754202134907245636e-02 3.648933256044983864e-03 4.975659307092428207e-03 2.462852187454700470e-02 4.038293845951557159e-03 5.369160324335098267e-03 1.513923425227403641e-02 1.740957237780094147e-02 1.021620631217956543e-02 1.276425179094076157e-02 1.784183271229267120e-02 1.367546617984771729e-02 2.026939205825328827e-02 1.372137386351823807e-02 1.258964184671640396e-02 9.766936302185058594e-03 9.935109876096248627e-03 1.585480570793151855e-02 2.026019059121608734e-02 1.178125734440982342e-03 6.149053573608398438e-03 2.854771213605999947e-03 9.968323633074760437e-03 1.713444478809833527e-02 2.185138873755931854e-02 4.871169570833444595e-03 2.400120487436652184e-03 5.313389003276824951e-03 9.758222848176956177e-03 2.377790585160255432e-02 2.249905094504356384e-02 3.071348182857036591e-02 2.217837423086166382e-02 1.446773111820220947e-02 6.325008347630500793e-03 1.320409867912530899e-02 5.211979150772094727e-03 2.127695269882678986e-02 2.153461985290050507e-02 2.550801262259483337e-02 2.151472494006156921e-02 1.195245608687400818e-02 1.760476082563400269e-02 7.017951924353837967e-03 1.978321559727191925e-02 4.664951190352439880e-02 4.695319756865501404e-02 1.821067743003368378e-02 1.101100700907409191e-03 1.696514524519443512e-02 7.684764452278614044e-03 4.228440672159194946e-02 3.723668307065963745e-02 1.726672053337097168e-02 1.621284335851669312e-02 2.951465174555778503e-02 1.579101569950580597e-02 2.808371745049953461e-02 2.025430649518966675e-02 3.045098856091499329e-02 3.558557853102684021e-02 4.969802685081958771e-04 6.532117258757352829e-03 2.548024244606494904e-02 1.331460196524858475e-02 2.314168401062488556e-02 1.546744350343942642e-02 8.466691360808908939e-05 1.495531760156154633e-02 5.021392833441495895e-03 1.189406029880046844e-02 2.379060909152030945e-02 2.226178161799907684e-02 9.961471892893314362e-03 1.697373203933238983e-02 1.325433421880006790e-02 1.083603873848915100e-02 1.424905937165021896e-02 6.099758669734001160e-03 3.918159287422895432e-03 3.975081257522106171e-03
6.259606219828128815e-03 1.158000342547893524e-02 2.326895855367183685e-02 8.480930924415588379e-01 3.863513097167015076e-02 4.534949082881212234e-03 4.059874452650547028e-03 7.995902560651302338e-03 1.391434948891401291e-02 1.051986310631036758e-02 4.766783094964921474e-04 1.311103068292140961e-02 4.346148110926151276e-03 5.310168024152517319e-03 4.985749837942421436e-04 9.007610380649566650e-03 1.080912817269563675e-02 2.278926596045494080e-02 3.085539676249027252e-02 2.002625912427902222e-02 2.039584331214427948e-02 3.035235218703746796e-03 1.639996841549873352e-02 2.210011333227157593e-02 4.043941444251686335e-04 9.476409293711185455e-03 8.068815805017948151e-05 1.774084009230136871e-02 3.246970102190971375e-02 2.576536871492862701e-02 2.111106552183628082e-02 8.671032264828681946e-03 2.793741039931774139e-02 1.593663357198238373e-02 9.051206521689891815e-03 2.804430760443210602e-02 2.617672085762023926e-02 2.229205146431922913e-02 4.420633241534233093e-02 4.485854506492614746e-02 2.498241700232028961e-02 1.060314569622278214e-02 8.578619919717311859e-03 3.462422266602516174e-02 4.215205088257789612e-03 1.232114620506763458e-02 1.114690490067005157e-02 8.476150222122669220e-03 7.523079402744770050e-03 5.928013008087873459e-03 1.946509815752506256e-02 4.772935062646865845e-03 6.879126653075218201e-03 1.776925660669803619e-02 1.949549280107021332e-02 1.636658422648906708e-02 2.634730422869324684e-03 2.169975638389587402e-02 1.567512378096580505e-02 2.520661614835262299e-02 2.684476040303707123e-02 1.119876373559236526e-02 1.293487101793289185e-02 1.818729378283023834e-02 2.992641367018222809e-02 2.044156938791275024e-02 3.864088095724582672e-03 2.135574072599411011e-02 9.405945427715778351e-03 2.020226325839757919e-03 2.742276526987552643e-02 1.017702277749776840e-02 4.613554477691650391e-02 2.049949020147323608e-02 4.317342489957809448e-02 2.799866488203406334e-04 1.188828423619270325e-02 1.369750406593084335e-02 9.995424188673496246e-03 7.636020425707101822e-03 4.009181633591651917e-03 1.945106312632560730e-02 2.892809361219406128e-02 1.891682669520378113e-02 1.730074174702167511e-02 3.307000920176506042e-02 1.441655028611421585e-02 6.657805643044412136e-04 1.703993417322635651e-02 1.289358083158731461e-02 1.880926825106143951e-02 6.298411637544631958e-03 1.710099726915359497e-02 5.629394669085741043e-03 1.039944309741258621e-02 4.544547991827130318e-04 6.255686748772859573e-03 2.329754456877708435e-02 2.864640904590487480e-03 1.329697016626596451e-02 1.809418946504592896e-02 2.435349673032760620e-02 2.359647862613201141e-02 2.440555486828088760e-03 2.416703104972839355e-02 1.180359534919261932e-02 2.126315608620643616e-02 1.798674836754798889e-02 3.085489198565483093e-02 2.626912482082843781e-02 1.295849774032831192e-02 1.013076305389404297e-02 6.744103971868753433e-03 1.195200905203819275e-02 2.595090772956609726e-03 1.051931059919297695e-03
1.085694786161184311e-02 1.957591809332370758e-02 7.506942376494407654e-03 3.863513097167015076e-02 8.480930924415588379e-01 1.130171585828065872e-02 2.072027884423732758e-02 2.516438998281955719e-02 1.377170998603105545e-02 2.045407891273498535e-02 7.486806251108646393e-03 1.823538541793823242e-02 1.318479422479867935e-02 2.684362605214118958e-02 2.514939010143280029e-02 4.117373842746019363e-03 2.982792444527149200e-03 4.778915084898471832e-03 2.675818465650081635e-02 3.853756934404373169e-03 2.284923568367958069e-02 1.099844276905059814e-02 2.885320689529180527e-03 8.516895584762096405e-03 2.781743556261062622e-02 2.508904039859771729e-02 5.756645463407039642e-03 2.855761162936687469e-02 6.374924443662166595e-03 3.052867576479911804e-02 4.117561038583517075e-03 2.129219844937324524e-02 1.385089010000228882e-02 1.816739700734615326e-02 5.530355032533407211e-03 2.851329557597637177e-02 1.446961145848035812e-02 2.987092919647693634e-02 1.317362394183874130e-02 3.152921795845031738e-02 4.661851376295089722e-02 2.520037256181240082e-02 3.135056421160697937e-02 1.421973574906587601e-02 3.864004975184798241e-03 5.659361369907855988e-03 2.701433259062469006e-04 8.934338111430406570e-04 1.468995213508605957e-02 1.769626885652542114e-02 1.129600871354341507e-02 9.076934307813644409e-03 1.229237578809261322e-02 4.190470557659864426e-03 1.644530566409230232e-04 6.630305666476488113e-03 5.020819138735532761e-03 3.492029383778572083e-03 1.881486503407359123e-03 7.433031219989061356e-03 1.030423305928707123e-02 9.223900735378265381e-03 1.733790151774883270e-02 2.059996873140335083e-02 3.015005262568593025e-03 1.473736949265003204e-03 1.672908104956150055e-02 2.421041205525398254e-02 4.650059156119823456e-03 1.113012526184320450e-02 8.025646209716796875e-03 1.315463986247777939e-02 1.982567459344863892e-02 2.007759176194667816e-02 2.477572672069072723e-02 1.737834699451923370e-02 2.839244157075881958e-02 1.459515537135303020e-03 1.029216311872005463e-02 1.261174399405717850e-02 2.102095633745193481e-02 1.116113178431987762e-02 1.534161996096372604e-02 3.583355620503425598e-02 2.645994536578655243e-02 3.093416802585124969e-02 8.821292780339717865e-03 2.248567342758178711e-02 2.727704308927059174e-02 1.689831726253032684e-02 1.169115304946899414e-03 1.808489300310611725e-02 7.324876263737678528e-03 2.421662397682666779e-02 8.093968965113162994e-03 8.130531758069992065e-03 5.027855746448040009e-03 3.211233392357826233e-02 2.331755682826042175e-02 2.654721774160861969e-02 2.049268223345279694e-02 2.680312097072601318e-02 1.578808017075061798e-02 3.526192391291260719e-03 3.893022425472736359e-03 4.680201876908540726e-03 3.623206913471221924e-02 6.607998162508010864e-03 3.240369632840156555e-02 2.328483620658516884e-03 1.233275420963764191e-02 1.100511197000741959e-02 1.215731352567672729e-02 2.206858992576599121e-02 1.760927215218544006e-02 6.616041529923677444e-03
2.868969365954399109e-02 2.428313158452510834e-02 3.950015641748905182e-03 4.534949082881212234e-03 1.130171585828065872e-02 8.480930924415588379e-01 6.437114626169204712e-02 1.331073604524135590e-02 2.679249085485935211e-02 7.054761052131652832e-03 2.110486477613449097e-02 3.332713618874549866e-02 3.317774459719657898e-02 5.686067976057529449e-03 1.555861160159111023e-02 2.033867873251438141e-02 2.698749117553234100e-02 6.369153968989849091e-03 8.568848483264446259e-03 1.298849191516637802e-02 1.080293953418731689e-02 1.523118000477552414e-02 2.692428976297378540e-02 3.158947452902793884e-02 1.829757355153560638e-02 1.326307747513055801e-02 3.492878004908561707e-02 5.095418542623519897e-03 2.417835779488086700e-02 5.873305490240454674e-04 2.271207235753536224e-02 1.106036920100450516e-02 1.499217119999229908e-03 2.206732332706451416e-02 1.013475656509399414e-02 1.693214476108551025e-02 7.951457053422927856e-03 1.046475302428007126e-02 1.114980410784482956e-02 6.047145929187536240e-03 2.573868446052074432e-02 9.873345494270324707e-03 4.244843497872352600e-03 2.115760557353496552e-02 4.680291167460381985e-04 1.298658456653356552e-02 3.500089049339294434e-02 3.104540891945362091e-02 9.250219911336898804e-03 3.351404890418052673e-02 3.438653657212853432e-03 2.210760954767465591e-03 7.568085566163063049e-03 1.352415792644023895e-02 6.671581417322158813e-03 3.226539865136146545e-02 2.609512023627758026e-02 2.232269756495952606e-02 1.247774157673120499e-02 7.181569468230009079e-03 7.129899691790342331e-03 1.883040741086006165e-02 9.269837290048599243e-03 2.409210614860057831e-02 1.060225907713174820e-02 2.909364365041255951e-02 1.438827719539403915e-02 9.154265746474266052e-03 2.081456966698169708e-02 3.537768870592117310e-02 2.587766014039516449e-02 1.530917175114154816e-02 3.285493003204464912e-03 2.582836337387561798e-02 2.261569723486900330e-03 1.797017827630043030e-02 2.217818796634674072e-02 2.823638170957565308e-02 3.099579829722642899e-03 1.435853168368339539e-02 9.297565557062625885e-03 1.864556106738746166e-03 7.188591174781322479e-03 4.103451035916805267e-03 1.239110436290502548e-02 2.697221562266349792e-02 8.275740779936313629e-03 6.823557429015636444e-03 6.279355846345424652e-03 2.612873539328575134e-02 5.098947789520025253e-03 1.949783600866794586e-02 1.338299829512834549e-02 1.000434812158346176e-02 1.052135415375232697e-02 3.588701784610748291e-02 2.688531950116157532e-02 7.784056942909955978e-03 1.126979384571313858e-02 2.109072171151638031e-02 8.994125761091709137e-03 5.690009798854589462e-03 3.069954738020896912e-02 3.118039853870868683e-02 2.043349295854568481e-02 5.411291494965553284e-03 1.146077550947666168e-02 7.493302691727876663e-03 1.354453992098569870e-02 7.988431490957736969e-03 6.978422403335571289e-03 6.623849738389253616e-03 7.422835566103458405e-03 8.158057928085327148e-03 8.332571946084499359e-03 7.577839307487010956e-03
2.920815721154212952e-02 2.923913113772869110e-02 8.582033216953277588e-03 4.059874452650547028e-03 2.072027884423732758e-02 6.437114626169204712e-02 8.480930924415588379e-01 1.087085623294115067e-02 1.493377238512039185e-02 3.429051488637924194e-03 2.301092632114887238e-02 3.962047398090362549e-02 3.284163028001785278e-02 1.707474142313003540e-02 5.090715829282999039e-03 1.220554951578378677e-02 2.212584763765335083e-02 4.815410822629928589e-03 1.066240761429071426e-02 9.353570640087127686e-03 1.108766254037618637e-02 1.137779187411069870e-02 2.158251963555812836e-02 2.652336843311786652e-02 1.644087955355644226e-02 1.138973608613014221e-02 3.509768843650817871e-02 1.244062464684247971e-02 1.856772787868976593e-02 9.593226946890354156e-03 1.215475983917713165e-02 1.107495557516813278e-02 9.639539755880832672e-03 2.009519748389720917e-02 3.999566659331321716e-03 1.593181490898132324e-02 1.109186559915542603e-02 1.488565560430288315e-02 1.783796935342252254e-03 5.599967669695615768e-03 1.365598011761903763e-02 7.412737235426902771e-03 3.109250916168093681e-03 1.394908595830202103e-02 8.821932715363800526e-04 1.393163576722145081e-02 2.822303399443626404e-02 2.695157751441001892e-02 7.759106811136007309e-03 3.280109167098999023e-02 1.467910129576921463e-02 9.700240567326545715e-03 1.268832758069038391e-02 5.462247878313064575e-03 9.326294995844364166e-03 2.910735458135604858e-02 2.014965005218982697e-02 1.887454278767108917e-02 2.017357386648654938e-02 3.191379830241203308e-03 1.249138172715902328e-02 8.535705506801605225e-03 1.570664159953594208e-02 1.228206418454647064e-02 4.241733811795711517e-03 2.138257399201393127e-02 1.112338621169328690e-02 8.806079626083374023e-03 1.153958961367607117e-02 3.688482940196990967e-02 1.912407204508781433e-02 1.453920546919107437e-02 7.661911193281412125e-03 3.542175889015197754e-02 1.133712381124496460e-02 1.679818890988826752e-02 1.655511185526847839e-02 3.333516791462898254e-02 1.306240167468786240e-02 2.293191291391849518e-02 1.229274086654186249e-02 2.466288395226001740e-03 1.130074262619018555e-02 1.056247390806674957e-02 1.123687345534563065e-02 2.922531962394714355e-02 1.454921066761016846e-02 4.611621145159006119e-03 4.208176862448453903e-03 2.423107624053955078e-02 4.255211446434259415e-03 1.731973886489868164e-02 2.879856852814555168e-03 9.711208753287792206e-03 1.542464550584554672e-02 3.688229247927665710e-02 3.054517880082130432e-02 1.106130145490169525e-02 6.651288364082574844e-03 1.569962687790393829e-02 1.089861337095499039e-02 3.568639978766441345e-03 3.227400034666061401e-02 3.446076437830924988e-02 2.663269266486167908e-02 1.282080356031656265e-02 6.688381079584360123e-03 7.481844164431095123e-03 9.287565946578979492e-03 4.828098230063915253e-03 1.927766576409339905e-02 1.639477163553237915e-02 9.926433267537504435e-05 6.018870510160923004e-03 1.583346724510192871e-02 1.356182340532541275e-02
4.364607855677604675e-03 1.793478731997311115e-03 3.439147397875785828e-02 7.995902560651302338e-03 2.516438998281955719e-02 1.331073604524135590e-02 1.087085623294115067e-02 8.480930924415588379e-01 1.953402906656265259e-02 2.794188819825649261e-02 3.485645633190870285e-03 8.674412034451961517e-03 6.354547105729579926e-03 1.165124122053384781e-02 5.179883912205696106e-02 2.225241810083389282e-02 3.033355437219142914e-02 1.021802891045808792e-02 2.714912407100200653e-02 6.310843396931886673e-03 1.042524352669715881e-02 1.109931338578462601e-02 1.177083607763051987e-02 2.627953514456748962e-02 1.233812980353832245e-02 1.096558105200529099e-02 1.344739366322755814e-02 7.673756685107946396e-03 4.043763503432273865e-03 1.025864761322736740e-02 1.393158081918954849e-02 1.123445201665163040e-02 1.264022779650986195e-03 3.969440236687660217e-03 1.391885988414287567e-02 2.891162224113941193e-02 1.030936837196350098e-02 2.954584732651710510e-02 9.438730776309967041e-03 1.593929156661033630e-02 3.548356145620346069e-02 3.098862059414386749e-02 3.364582732319831848e-02 8.509819395840167999e-03 1.778942160308361053e-02 4.191817343235015869e-02 5.782736930996179581e-03 1.661197096109390259e-02 1.223812159150838852e-02 8.006628602743148804e-03 4.675736650824546814e-03 1.029519829899072647e-02 2.115352451801300049e-02 1.454370096325874329e-02 1.406005001626908779e-03 3.455533832311630249e-02 4.344464279711246490e-03 1.491817180067300797e-02 1.498858444392681122e-03 6.197491660714149475e-03 1.037990674376487732e-02 2.373223565518856049e-02 2.652519033290445805e-04 3.912633284926414490e-03 3.209875430911779404e-03 9.035930968821048737e-03 9.733383543789386749e-03 1.566770300269126892e-02 4.909873008728027344e-03 2.807776676490902901e-03 1.385123375803232193e-02 1.152232009917497635e-02 4.453855566680431366e-03 6.981369573622941971e-03 9.387593017891049385e-04 9.601622819900512695e-03 2.404549531638622284e-02 1.735737430863082409e-03 2.058810554444789886e-02 5.869264248758554459e-03 4.192541912198066711e-02 3.494182229042053223e-02 1.191082526929676533e-03 2.050297521054744720e-02 2.181029878556728363e-02 7.540985010564327240e-03 3.542682528495788574e-02 4.153114929795265198e-02 1.919210329651832581e-02 7.263603154569864273e-03 2.198416739702224731e-02 7.010560482740402222e-03 1.835473999381065369e-02 2.121118269860744476e-02 1.666462793946266174e-02 3.356977924704551697e-02 8.865774725563824177e-04 9.952811524271965027e-03 1.636119745671749115e-02 1.026920042932033539e-02 1.169868092983961105e-02 1.181649137288331985e-02 4.418124444782733917e-03 1.493437564931809902e-03 1.090248767286539078e-02 9.129537269473075867e-03 2.844624407589435577e-02 1.551128365099430084e-02 3.289268910884857178e-02 1.123375352472066879e-02 8.940836414694786072e-03 1.005986519157886505e-02 2.431070245802402496e-02 8.295985870063304901e-03 1.791116595268249512e-02 1.225447468459606171e-02
8.553701452910900116e-03 1.401790603995323181e-02 6.426367908716201782e-03 1.391434948891401291e-02 1.377170998603105545e-02 2.679249085485935211e-02 1.493377238512039185e-02 1.953402906656265259e-02 8.480930924415588379e-01 4.557742271572351456e-03 1.881619356572628021e-02 8.842064999043941498e-03 1.092732604593038559e-02 3.220761194825172424e-02 3.789890930056571960e-02 3.555692359805107117e-02 3.598668053746223450e-02 4.865083098411560059e-02 9.386125952005386353e-03 8.763965219259262085e-03 9.841088205575942993e-03 2.511191554367542267e-02 2.807879820466041565e-02 3.642340004444122314e-02 4.999688826501369476e-03 9.203925728797912598e-03 1.471604779362678528e-02 3.390199318528175354e-02 1.253715902566909790e-02 4.467587545514106750e-02 1.780110038816928864e-02 9.025994688272476196e-03 9.365609847009181976e-03 1.022797077894210815e-02 1.885111443698406219e-02 9.928653948009014130e-03 7.048644125461578369e-03 1.118919719010591507e-02 2.723029814660549164e-02 2.431918866932392120e-02 3.325609862804412842e-02 1.253522746264934540e-02 9.625882841646671295e-03 1.895679906010627747e-02 1.739827543497085571e-02 1.021632086485624313e-02 1.855127327144145966e-02 2.126962691545486450e-02 6.583099253475666046e-03 1.030649896711111069e-02 1.248111762106418610e-02 2.021109219640493393e-03 1.477669924497604370e-03 9.289174340665340424e-03 2.158842794597148895e-02 3.297487273812294006e-02 1.073285378515720367e-02 1.366279274225234985e-02 6.788977887481451035e-03 1.526054274290800095e-02 3.207876114174723625e-03 3.184543177485466003e-02 3.116276115179061890e-03 3.856314346194267273e-02 6.353999022394418716e-03 9.296930395066738129e-03 5.551462527364492416e-03 9.354458190500736237e-03 3.094712086021900177e-02 8.335800841450691223e-03 3.141303360462188721e-02 1.247567683458328247e-02 2.711822651326656342e-02 2.992950938642024994e-02 3.168375417590141296e-02 5.764118395745754242e-03 4.742223024368286133e-02 2.206631703302264214e-03 3.935298696160316467e-02 9.788518771529197693e-03 1.117792911827564240e-03 1.329380087554454803e-02 4.292096011340618134e-03 1.291754934936761856e-02 1.745826681144535542e-03 1.124084610637510195e-05 2.561125729698687792e-04 7.889275439083576202e-03 1.501662470400333405e-02 3.293335437774658203e-03 1.796274632215499878e-02 1.795177720487117767e-02 2.655196748673915863e-02 1.567450165748596191e-02 4.689444787800312042e-03 1.360941492021083832e-02 1.612364314496517181e-02 2.076391829177737236e-03 5.395993590354919434e-03 1.247527450323104858e-02 3.672736638691276312e-04 3.985697403550148010e-03 2.964709652587771416e-03 4.150422289967536926e-03 3.251110902056097984e-03 1.088118087500333786e-02 1.784860715270042419e-02 1.752668432891368866e-02 2.310166507959365845e-02 1.182872103527188301e-03 3.826478496193885803e-02 1.840859837830066681e-02 4.611763637512922287e-03 4.358787555247545242e-03 2.097736299037933350e-02 1.852501370012760162e-02
7.681934628635644913e-03 1.201289705932140350e-02 2.353750541806221008e-02 1.051986310631036758e-02 2.045407891273498535e-02 7.054761052131652832e-03 3.429051488637924194e-03 2.794188819825649261e-02 4.557742271572351456e-03 8.480930924415588379e-01 1.255115400999784470e-02 3.727396484464406967e-03 3.825489664450287819e-03 9.044047445058822632e-03 1.840506307780742645e-02 7.566036074422299862e-04 1.713222078979015350e-02 1.972034201025962830e-02 4.709104076027870178e-02 9.006045758724212646e-03 1.612969301640987396e-02 1.799498684704303741e-03 1.721581816673278809e-02 1.284747384488582611e-02 7.384618744254112244e-03 6.940379273146390915e-03 4.869712574873119593e-04 2.520138211548328400e-02 4.038398619741201401e-03 1.948150806128978729e-02 7.319977041333913803e-03 9.823981672525405884e-03 9.681365452706813812e-03 6.177600007504224777e-03 6.587360054254531860e-03 1.577385701239109039e-02 9.603205136954784393e-03 1.910913037136197090e-03 1.078586000949144363e-02 1.942306756973266602e-02 2.260255394503474236e-03 1.034224033355712891e-02 9.883944876492023468e-03 1.479604374617338181e-02 7.186301518231630325e-03 2.049608901143074036e-02 4.087164532393217087e-03 5.983408074826002121e-03 8.301630616188049316e-03 1.226320769637823105e-02 4.962386097759008408e-03 2.974404254928231239e-03 2.412656694650650024e-02 2.120480686426162720e-02 3.697506710886955261e-02 2.194523997604846954e-02 1.075576059520244598e-02 1.039406098425388336e-02 2.057201415300369263e-02 2.519777417182922363e-02 5.732444580644369125e-03 8.060590364038944244e-03 1.869032904505729675e-02 1.473563443869352341e-02 8.332109078764915466e-03 9.282235987484455109e-03 5.679458845406770706e-03 8.857889100909233093e-03 1.224636659026145935e-02 1.468586502596735954e-03 8.480222895741462708e-03 9.597400203347206116e-04 4.297429113648831844e-04 8.533540181815624237e-03 5.577650852501392365e-03 2.753541432321071625e-02 2.521429583430290222e-02 1.634621620178222656e-02 1.791271381080150604e-02 4.066140204668045044e-02 2.706236578524112701e-02 3.060673363506793976e-02 1.234523672610521317e-02 1.217216439545154572e-02 1.825536601245403290e-03 7.422219030559062958e-03 2.872117608785629272e-02 3.133109584450721741e-02 9.237491525709629059e-03 1.982891373336315155e-02 6.600827910006046295e-03 1.849292777478694916e-02 1.483674254268407822e-02 2.332676015794277191e-02 7.368235383182764053e-03 1.622968167066574097e-02 4.421729128807783127e-03 3.688427805900573730e-02 1.874774880707263947e-02 1.699583046138286591e-02 2.296205982565879822e-02 2.328713797032833099e-02 1.120916474610567093e-02 2.039731666445732117e-02 2.082411013543605804e-02 2.663532644510269165e-02 2.880173921585083008e-02 2.544880099594593048e-02 1.247871387749910355e-02 2.075333334505558014e-02 2.199342660605907440e-02 3.981951251626014709e-02 1.239526085555553436e-02 7.218385580927133560e-03 2.564241923391819000e-02 2.672644704580307007e-02
5.928759649395942688e-02 5.631621927022933960e-02 3.632456064224243164e-03 4.766783094964921474e-04 7.486806251108646393e-03 2.110486477613449097e-02 2.301092632114887238e-02 3.485645633190870285e-03 1.881619356572628021e-02 1.255115400999784470e-02 8.480930924415588379e-01 3.656867891550064087e-02 5.086318403482437134e-02 9.514382109045982361e-03 2.058834955096244812e-02 5.079925060272216797e-03 6.814771331846714020e-03 1.708581298589706421e-02 1.397667918354272842e-02 1.822998747229576111e-02 1.041896361857652664e-02 3.201336413621902466e-02 1.115166489034891129e-02 2.737208502367138863e-03 4.142292775213718414e-03 5.103031173348426819e-03 2.027831040322780609e-03 4.577673971652984619e-02 2.952282689511775970e-02 3.856825828552246094e-02 1.606535166501998901e-02 2.480131760239601135e-02 1.230880990624427795e-02 2.205240167677402496e-02 7.646963000297546387e-03 1.626197062432765961e-02 2.488402836024761200e-02 6.571272388100624084e-03 6.699837278574705124e-03 1.282554771751165390e-02 5.790280178189277649e-03 1.662644557654857635e-02 3.835768671706318855e-03 2.640661224722862244e-02 3.855049982666969299e-02 1.158782280981540680e-02 2.943584322929382324e-02 2.232571691274642944e-02 1.099946070462465286e-02 3.098305314779281616e-02 1.741817407310009003e-02 1.915251091122627258e-02 1.736664772033691406e-02 1.992208138108253479e-02 6.862526643089950085e-04 1.071312185376882553e-02 1.088953949511051178e-02 1.078625675290822983e-02 1.680182479321956635e-02 2.523387968540191650e-02 1.701681129634380341e-02 1.234899461269378662e-02 2.031396888196468353e-02 3.802271094173192978e-03 3.024245612323284149e-02 3.117397055029869080e-02 2.187252230942249298e-02 1.497042179107666016e-02 2.464852994307875633e-03 8.247523568570613861e-03 3.577916068024933338e-04 2.296112850308418274e-02 4.665176384150981903e-03 3.318540006875991821e-02 1.511459267931059003e-04 1.073609571903944016e-02 2.363890036940574646e-02 2.012899518013000488e-02 1.286384649574756622e-02 2.061611972749233246e-03 4.064398352056741714e-03 3.637806512415409088e-03 3.525876626372337341e-02 2.499080821871757507e-02 1.069771777838468552e-02 1.623653457500040531e-03 1.118534617125988007e-02 8.011399768292903900e-03 2.413963433355093002e-03 2.746384590864181519e-02 1.385479420423507690e-02 2.489295788109302521e-02 1.052933838218450546e-02 1.629068516194820404e-02 2.439643815159797668e-02 5.274558905512094498e-03 2.015071921050548553e-02 1.155736856162548065e-02 1.738561689853668213e-02 1.076632365584373474e-02 1.604747958481311798e-02 1.194242574274539948e-02 2.237337268888950348e-02 1.225877646356821060e-02 2.060838276520371437e-03 1.608832366764545441e-02 2.144194394350051880e-02 2.390160039067268372e-02 6.277248729020357132e-03 2.472651377320289612e-02 1.379916630685329437e-02 1.342733390629291534e-02 3.863277845084667206e-03 1.774009782820940018e-03 1.229630550369620323e-03 3.166925162076950073e-03
2.943105623126029968e-02 2.956738881766796112e-02 7.669086568057537079e-03 1.311103068292140961e-02 1.823538541793823242e-02 3.332713618874549866e-02 3.962047398090362549e-02 8.674412034451961517e-03 8.842064999043941498e-03 3.727396484464406967e-03 3.656867891550064087e-02 8.480930924415588379e-01 3.558604046702384949e-02 5.028582364320755005e-02 1.059463527053594589e-02 2.018981613218784332e-02 1.337341126054525375e-02 3.688354417681694031e-02 2.448073774576187134e-02 1.843257434666156769e-02 1.528485398739576340e-02 1.034955377690494061e-03 1.489059068262577057e-02 2.056966535747051239e-03 6.615339661948382854e-04 6.433513946831226349e-03 1.886136643588542938e-02 4.098460450768470764e-02 2.626459859311580658e-02 3.580823913216590881e-02 8.783492259681224823e-03 1.067687291651964188e-02 8.840264752507209778e-03 3.491308772936463356e-03 1.457951311022043228e-02 5.259986035525798798e-03 9.070010855793952942e-03 1.244832854717969894e-02 9.220471605658531189e-03 1.253536436706781387e-02 6.076816469430923462e-03 1.134054362773895264e-02 3.949607256799936295e-03 9.949716739356517792e-03 1.019866950809955597e-02 1.559164188802242279e-02 1.250476017594337463e-02 1.258758176118135452e-02 5.586749408394098282e-03 2.557217143476009369e-02 2.954184450209140778e-02 3.117240220308303833e-02 1.434398349374532700e-02 3.202975029125809669e-03 9.951464831829071045e-03 1.613674685359001160e-02 6.166523788124322891e-03 5.469176452606916428e-03 1.027794554829597473e-02 4.063403233885765076e-03 1.265963446348905563e-02 1.671506278216838837e-02 1.278977561742067337e-02 1.397733949124813080e-02 1.960369572043418884e-02 2.322918735444545746e-02 1.192842703312635422e-02 9.954315610229969025e-03 1.451005320996046066e-02 2.056382782757282257e-02 3.616848262026906013e-03 1.554349623620510101e-02 5.484926979988813400e-03 2.999262325465679169e-02 9.787987917661666870e-03 2.108781412243843079e-02 8.311371318995952606e-03 2.576722577214241028e-02 1.497383601963520050e-02 1.195907779037952423e-02 8.104785345494747162e-03 1.984415343031287193e-03 1.329669915139675140e-02 4.296937957406044006e-03 1.082862168550491333e-02 1.099555753171443939e-03 6.620489526540040970e-03 7.136273663491010666e-03 1.817118003964424133e-02 2.684120275080204010e-02 1.116131246089935303e-02 6.315630394965410233e-03 6.808509584516286850e-03 6.581319961696863174e-03 4.383196588605642319e-03 1.035748608410358429e-02 3.703382983803749084e-02 1.543225254863500595e-02 3.511505667120218277e-03 5.367330741137266159e-03 9.425418451428413391e-03 1.062551885843276978e-02 3.519890457391738892e-02 7.587536703795194626e-03 4.375656321644783020e-02 2.325215749442577362e-02 9.346107020974159241e-03 1.510162185877561569e-02 7.493380457162857056e-03 3.458282724022865295e-02 1.005371380597352982e-02 1.888247579336166382e-02 2.613262506201863289e-03 1.707327784970402718e-03 1.761812716722488403e-02 1.308948919177055359e-02
5.126779899001121521e-02 4.774639382958412170e-02 7.970002479851245880e-03 4.346148110926151276e-03 1.318479422479867935e-02 3.317774459719657898e-02 3.284163028001785278e-02 6.354547105729579926e-03 1.092732604593038559e-02 3.825489664450287819e-03 5.086318403482437134e-02 3.558604046702384949e-02 8.480930924415588379e-01 9.533246047794818878e-03 1.756156794726848602e-02 3.619559342041611671e-03 2.371894195675849915e-03 1.765898242592811584e-02 1.164286211133003235e-02 2.422402426600456238e-02 9.037572890520095825e-03 1.526773255318403244e-02 4.469851031899452209e-03 9.804237633943557739e-03 1.494441740214824677e-02 1.634906977415084839e-02 1.292982138693332672e-02 3.345987200736999512e-02 3.646363690495491028e-02 2.635920606553554535e-02 3.000004589557647705e-02 2.997375652194023132e-02 1.260123308748006821e-02 2.698781155049800873e-02 6.535100284963846207e-03 1.213551592081785202e-02 1.880496181547641754e-02 1.749226078391075134e-02 1.451167371124029160e-02 7.840013131499290466e-04 4.426432773470878601e-03 2.674949541687965393e-02 1.633393391966819763e-02 1.162549946457147598e-02 3.202927485108375549e-02 1.044997293502092361e-02 3.540041670203208923e-02 3.095742687582969666e-02 2.243465371429920197e-02 4.071120545268058777e-02 7.574723567813634872e-03 9.597916156053543091e-03 1.015397626906633377e-02 2.477531693875789642e-02 1.459105778485536575e-02 1.778764650225639343e-02 1.622755452990531921e-02 5.033712834119796753e-03 5.563667044043540955e-03 2.198280021548271179e-02 6.948810070753097534e-03 3.660289570689201355e-03 4.822404123842716217e-03 2.802979724947363138e-04 2.659025788307189941e-02 4.021063446998596191e-02 2.797709219157695770e-02 1.512102410197257996e-02 6.867059040814638138e-03 1.875966414809226990e-02 7.822657935321331024e-03 2.378593944013118744e-02 1.475325319916009903e-03 3.465851396322250366e-02 4.660223610699176788e-03 7.274433039128780365e-03 1.551062520593404770e-02 1.191866770386695862e-02 1.751239225268363953e-02 2.995074260979890823e-03 5.516516510397195816e-03 3.496536752209067345e-03 3.017901442945003510e-02 1.285735052078962326e-02 6.925918627530336380e-03 1.709124445915222168e-02 9.831013157963752747e-03 1.452870294451713562e-02 1.326366327702999115e-02 3.356650844216346741e-02 1.783510483801364899e-02 8.134886622428894043e-03 1.894313097000122070e-02 8.597055450081825256e-03 2.095532044768333435e-02 1.865725265815854073e-03 2.817007713019847870e-02 1.680456660687923431e-02 2.491479180753231049e-02 2.129923738539218903e-02 9.686384350061416626e-03 1.016883458942174911e-02 2.643225155770778656e-02 2.803033404052257538e-02 7.051470689475536346e-03 8.988626301288604736e-03 1.400413177907466888e-02 1.730458624660968781e-02 5.586016923189163208e-03 2.303606830537319183e-02 1.860330998897552490e-02 2.053152583539485931e-02 1.101023983210325241e-02 1.595792174339294434e-02 1.674301363527774811e-02 1.797446981072425842e-02
