8.476251363754272461e-01 6.917309761047363281e-02 6.059214938431978226e-03 2.221744321286678314e-02 1.438811072148382664e-03 3.794629126787185669e-02 3.663431480526924133e-02 5.413852632045745850e-03 1.966786198318004608e-02 1.776718534529209137e-02 6.207737699151039124e-02 3.645167872309684753e-02 4.891926050186157227e-02 4.395201802253723145e-02 3.490810468792915344e-02 7.541561964899301529e-03 5.930268205702304840e-03 7.320609409362077713e-03 7.140167523175477982e-03 9.913584217429161072e-03 1.551306620240211487e-02 3.215760365128517151e-02 1.129336189478635788e-02 2.758828224614262581e-03 4.976881667971611023e-03 6.593943573534488678e-03 2.322473190724849701e-02 4.512842744588851929e-02 1.072818599641323090e-02 3.967623040080070496e-02 1.247285678982734680e-02 2.679859101772308350e-02 2.842351095750927925e-03 1.553932018578052521e-02 1.943305321037769318e-02 1.091387309134006500e-02 4.226169548928737640e-03 1.493742782622575760e-02 1.428925711661577225e-02 5.867507774382829666e-03 7.704879390075802803e-04 2.770371269434690475e-03 1.161952596157789230e-02 1.812634058296680450e-02 2.752153947949409485e-02 1.265121717005968094e-02 4.003416374325752258e-02 1.119611971080303192e-02 2.116561308503150940e-02 1.079922448843717575e-02 2.768630534410476685e-02 3.660130128264427185e-02 1.189178507775068283e-02 7.665697485208511353e-03 4.605983849614858627e-03 1.507196389138698578e-02 4.098287783563137054e-03 1.859455485828220844e-03 1.853711158037185669e-02 7.831313647329807281e-03 1.280662789940834045e-02 7.410485763102769852e-03 1.196539402008056641e-02 3.608601633459329605e-03 6.980386679060757160e-04 6.319744512438774109e-03 1.520823501050472260e-02 1.563473232090473175e-02 1.342247333377599716e-02 2.061009779572486877e-02 1.425108779221773148e-02 2.269511483609676361e-02 2.271403931081295013e-02 1.200496964156627655e-02 1.162141654640436172e-02 1.405650936067104340e-02 6.172957946546375751e-04 3.779408987611532211e-03 1.385362818837165833e-02 1.195340231060981750e-02 1.574219577014446259e-02 1.140786614269018173e-02 1.929121441207826138e-03 2.003142377361655235e-03 1.013646833598613739e-02 1.807829923927783966e-02 1.119465101510286331e-02 9.142746217548847198e-03 2.705034427344799042e-02 2.435853891074657440e-02 3.001731261610984802e-02 2.028693817555904388e-02 9.075927548110485077e-03 3.079142794013023376e-02 5.526356864720582962e-03 1.790084177628159523e-03 7.693797233514487743e-04 7.547901477664709091e-03 2.875836507882922888e-04 1.070573739707469940e-02 1.309655886143445969e-02 1.263262983411550522e-02 1.640023314394056797e-03 1.143369916826486588e-02 1.926842331886291504e-02 1.098223775625228882e-02 1.737820915877819061e-02 2.107166871428489685e-02 2.710547298192977905e-03 5.910755600780248642e-03 1.104280445724725723e-02 1.965779997408390045e-02 1.520471647381782532e-02 2.228428237140178680e-02 2.051330916583538055e-02 1.456813793629407883e-02
6.917309761047363281e-02 8.476251363754272461e-01 1.264630444347858429e-02 1.755029894411563873e-02 9.752193465828895569e-03 3.548882529139518738e-02 4.364264011383056641e-02 7.508070208132266998e-03 2.920722961425781250e-02 3.427490964531898499e-02 5.193221569061279297e-02 2.639321237802505493e-02 4.296703636646270752e-02 3.585267812013626099e-02 3.306057676672935486e-02 1.136184297502040863e-02 9.222234599292278290e-03 9.647735394537448883e-03 3.643872682005167007e-03 1.693250611424446106e-02 2.470603212714195251e-02 3.029033541679382324e-02 1.159661449491977692e-02 5.675987806171178818e-03 5.731629673391580582e-03 5.886020953767001629e-04 2.476805448532104492e-02 3.788363188505172729e-02 4.079980717506259680e-04 3.272847086191177368e-02 1.018300652503967285e-02 2.844327874481678009e-02 9.614001959562301636e-03 2.111065015196800232e-02 8.735349401831626892e-03 8.403563871979713440e-03 9.690394625067710876e-03 1.408663112670183182e-02 1.943324133753776550e-02 1.161803770810365677e-02 2.212888095527887344e-03 2.116646384820342064e-03 3.094756742939352989e-03 1.130818109959363937e-02 1.886049285531044006e-02 4.191303160041570663e-03 3.719675913453102112e-02 1.441990863531827927e-02 2.241354249417781830e-02 1.518781483173370361e-02 2.354608476161956787e-02 3.042411617934703827e-02 1.865097321569919586e-02 1.506731752306222916e-02 9.625800885260105133e-03 1.526152715086936951e-02 2.360425423830747604e-03 1.889866543933749199e-03 2.809589169919490814e-02 1.492462400346994400e-02 1.456620078533887863e-02 2.916574012488126755e-03 4.980037454515695572e-03 5.199210252612829208e-03 9.763049893081188202e-03 2.981414319947361946e-03 1.692446507513523102e-02 1.736791431903839111e-02 8.413225412368774414e-03 2.425045333802700043e-02 1.154704671353101730e-02 2.387625165283679962e-02 2.624908089637756348e-02 1.547833532094955444e-02 1.547855697572231293e-02 1.667402125895023346e-02 3.009957727044820786e-03 1.416715793311595917e-02 1.449622306972742081e-02 1.765885390341281891e-02 2.023749798536300659e-02 2.103112079203128815e-02 3.959614783525466919e-03 2.071861876174807549e-03 6.913600955158472061e-03 1.265076175332069397e-02 9.742689318954944611e-03 6.044557318091392517e-03 2.011487819254398346e-02 2.145285345613956451e-02 2.481818944215774536e-02 2.272261120378971100e-02 8.655137382447719574e-03 2.493145689368247986e-02 8.173500187695026398e-03 2.918070182204246521e-03 4.204987082630395889e-03 2.029353752732276917e-03 2.708630636334419250e-03 1.144475489854812622e-02 1.568213291466236115e-02 1.816367916762828827e-02 6.629877723753452301e-03 8.122134953737258911e-03 2.456549182534217834e-02 1.624398492276668549e-02 1.639609038829803467e-02 2.511287480592727661e-02 1.009409409016370773e-02 1.125529594719409943e-02 1.861275231931358576e-04 1.116050314158201218e-02 1.151071023195981979e-02 1.465370040386915207e-02 9.390885010361671448e-03 4.614632111042737961e-03
6.059214938431978226e-03 1.264630444347858429e-02 8.476251363754272461e-01 1.076652109622955322e-02 8.077151142060756683e-03 3.960161935538053513e-03 1.543280109763145447e-02 5.035170912742614746e-02 3.966425079852342606e-03 1.571541838347911835e-02 6.073845084756612778e-03 1.701788976788520813e-03 8.879903703927993774e-03 1.290920469909906387e-02 6.744705606251955032e-03 1.471828552894294262e-03 3.943423274904489517e-03 1.145282178185880184e-03 1.010311581194400787e-02 1.820734515786170959e-02 7.904263213276863098e-03 1.388178113847970963e-02 1.038930099457502365e-02 8.916746824979782104e-03 1.436891872435808182e-02 8.466169238090515137e-03 2.068628557026386261e-02 1.405429095029830933e-02 3.290527092758566141e-04 1.829447783529758453e-02 4.240129201207309961e-04 6.888326257467269897e-03 1.713221333920955658e-02 8.057471364736557007e-03 1.452519372105598450e-02 1.183394808322191238e-02 4.285786766558885574e-03 2.531674224883317947e-03 1.336633320897817612e-02 3.878692165017127991e-03 2.478004619479179382e-02 2.324353717267513275e-02 1.706386171281337738e-02 1.186271570622920990e-02 2.946122363209724426e-02 6.518859299831092358e-04 3.590574720874428749e-03 1.483331155031919479e-02 9.940543211996555328e-03 1.226315274834632874e-03 4.672335926443338394e-03 7.746424060314893723e-03 5.083127412945032120e-03 1.096846815198659897e-02 1.494199130684137344e-02 6.887243362143635750e-04 1.547189988195896149e-02 2.085298858582973480e-02 2.845304086804389954e-02 1.992528140544891357e-02 7.774371653795242310e-03 5.023004952818155289e-03 2.045142464339733124e-02 7.862614467740058899e-03 3.060956671833992004e-02 2.113587968051433563e-02 1.517419144511222839e-02 1.950891315937042236e-02 1.811592606827616692e-03 1.539611443877220154e-02 9.633890353143215179e-03 1.962990127503871918e-02 1.679144427180290222e-02 1.262316200882196426e-02 6.118757650256156921e-03 2.872482873499393463e-03 1.364520192146301270e-02 2.301154425367712975e-03 1.440133992582559586e-02 1.680337451398372650e-02 5.161103606224060059e-02 4.405184462666511536e-02 1.093638408929109573e-02 8.118179626762866974e-03 1.356145367026329041e-02 1.023828051984310150e-02 2.015706151723861694e-02 1.393900532275438309e-02 6.705881562083959579e-03 1.559357158839702606e-02 6.269860896281898022e-04 1.651404425501823425e-02 1.503085484728217125e-03 4.329646937549114227e-03 2.548978663980960846e-02 2.356675453484058380e-03 2.663435647264122963e-03 8.898798376321792603e-03 1.477451995015144348e-02 8.330295793712139130e-03 7.828934118151664734e-03 7.972959429025650024e-03 1.965798251330852509e-02 1.423953007906675339e-02 1.214584428817033768e-02 8.648383431136608124e-03 7.385058794170618057e-03 1.325815729796886444e-02 5.452110897749662399e-03 1.378930266946554184e-02 2.403501048684120178e-02 3.075794503092765808e-02 3.465656936168670654e-02 2.304360456764698029e-02 2.264128066599369049e-03 7.620875257998704910e-03
2.221744321286678314e-02 1.755029894411563873e-02 1.076652109622955322e-02 8.476251363754272461e-01 3.774724900722503662e-02 1.545316819101572037e-02 2.356073446571826935e-02 1.018530130386352539e-02 1.382276043295860291e-02 1.539066154509782791e-02 1.535190176218748093e-02 6.284656701609492302e-04 2.030642703175544739e-02 2.522688731551170349e-02 2.336746267974376678e-02 6.862467154860496521e-03 2.105099847540259361e-03 3.452074155211448669e-02 1.203313749283552170e-02 8.851255290210247040e-03 7.964958203956484795e-04 1.925683952867984772e-02 3.704676404595375061e-03 1.546469610184431076e-02 6.008497439324855804e-04 3.854586975648999214e-03 1.216341089457273483e-02 6.868712138384580612e-03 2.550480328500270844e-02 1.294946856796741486e-02 2.004841528832912445e-02 5.514604505151510239e-03 7.514604367315769196e-03 5.063888616859912872e-03 6.876787170767784119e-03 1.293492410331964493e-02 2.593761682510375977e-02 2.725571952760219574e-02 3.207806870341300964e-02 3.316838294267654419e-02 2.338974550366401672e-02 1.139226806117221713e-04 2.931145019829273224e-03 7.182607892900705338e-03 2.426061220467090607e-02 1.478911843150854111e-03 1.636640541255474091e-02 1.491987798362970352e-02 9.321376681327819824e-03 2.931318990886211395e-02 9.911445900797843933e-03 4.910071380436420441e-03 2.812308026477694511e-03 8.856835775077342987e-03 2.298921579495072365e-03 2.257270552217960358e-02 7.675125263631343842e-03 3.103894647210836411e-03 8.534856140613555908e-03 7.200827822089195251e-03 1.737306080758571625e-02 1.608864217996597290e-02 1.749089546501636505e-02 8.701525628566741943e-03 3.541002050042152405e-03 6.431893445551395416e-03 5.378706380724906921e-03 3.305935533717274666e-03 1.195404678583145142e-02 1.210265699774026871e-02 1.128890365362167358e-02 3.181498497724533081e-02 5.876250937581062317e-02 3.074363060295581818e-02 4.639310017228126526e-02 4.372275620698928833e-02 2.704799547791481018e-02 6.842496339231729507e-03 1.490737590938806534e-02 2.925227209925651550e-02 4.487413913011550903e-03 6.350265350192785263e-03 4.975039884448051453e-02 2.073522284626960754e-02 3.125396557152271271e-03 1.766068115830421448e-02 1.232695416547358036e-03 2.219892293214797974e-02 1.194937806576490402e-02 9.427819401025772095e-03 2.280149050056934357e-02 7.676761131733655930e-03 1.565597392618656158e-02 3.515623742714524269e-03 2.346957288682460785e-02 2.325942553579807281e-02 3.519872948527336121e-02 4.583194479346275330e-02 3.558656666427850723e-03 3.256344469264149666e-03 4.576100036501884460e-03 7.631183136254549026e-03 3.673029690980911255e-02 4.080035910010337830e-02 7.919329218566417694e-04 8.423812687397003174e-03 3.662781789898872375e-03 2.263364754617214203e-02 1.559125725179910660e-02 3.543573198840022087e-03 3.731311857700347900e-02 3.256618604063987732e-02 1.021847780793905258e-02 2.675662981346249580e-03 7.864939048886299133e-03 2.935056202113628387e-02
1.438811072148382664e-03 9.752193465828895569e-03 8.077151142060756683e-03 3.774724900722503662e-02 8.476251363754272461e-01 5.894085392355918884e-03 2.304672636091709137e-02 9.455858729779720306e-03 6.297335494309663773e-04 2.901534177362918854e-02 3.523265011608600616e-03 6.120651494711637497e-03 5.772719625383615494e-03 2.261884277686476707e-03 1.462639775127172470e-02 1.325269509106874466e-02 1.530922483652830124e-02 3.142133355140686035e-02 2.203999087214469910e-02 1.087495684623718262e-02 7.846265216358006001e-04 1.480427291244268417e-02 7.279655430465936661e-03 6.494341650977730751e-04 5.564486607909202576e-03 3.631910542026162148e-03 8.570351637899875641e-03 2.949665533378720284e-03 7.485134527087211609e-03 3.436715109273791313e-03 5.017037037760019302e-03 1.311070192605257034e-02 2.853826992213726044e-02 5.987146403640508652e-03 2.960126101970672607e-02 1.139935478568077087e-02 4.440798889845609665e-03 1.976998150348663330e-02 4.037474840879440308e-02 5.399942398071289062e-02 3.171673044562339783e-02 3.123983740806579590e-03 1.049507502466440201e-02 2.141135558485984802e-02 2.254609018564224243e-03 2.475968189537525177e-02 3.583998419344425201e-03 1.141063682734966278e-02 4.341408144682645798e-03 1.101823803037405014e-02 2.724166261032223701e-03 1.290852110832929611e-02 2.115170657634735107e-02 2.024791948497295380e-02 1.061186380684375763e-02 6.492042448371648788e-04 2.799853682518005371e-03 1.921749790199100971e-03 2.917076088488101959e-02 2.264652214944362640e-02 3.075760602951049805e-02 2.099583670496940613e-02 3.530110418796539307e-02 4.146718606352806091e-02 1.925394311547279358e-02 1.466149464249610901e-02 3.263447433710098267e-03 4.285395145416259766e-03 1.914526335895061493e-02 9.970577666535973549e-04 3.098454885184764862e-02 2.613652497529983521e-02 3.116182796657085419e-02 1.580415666103363037e-02 5.099526792764663696e-02 2.613379806280136108e-02 1.290590129792690277e-02 1.493087504059076309e-02 3.400548174977302551e-02 2.960365079343318939e-02 5.609387997537851334e-03 6.331099197268486023e-03 5.094881355762481689e-02 3.624765947461128235e-02 1.065392233431339264e-02 2.350712753832340240e-02 5.510211922228336334e-03 1.444351300597190857e-02 6.315691396594047546e-03 5.392604507505893707e-03 8.544037118554115295e-03 9.457291162107139826e-05 4.873355850577354431e-03 9.523853077553212643e-04 2.916680090129375458e-02 3.313647210597991943e-02 2.221539616584777832e-02 2.391243353486061096e-02 1.126531697809696198e-02 3.567016683518886566e-03 1.237435452640056610e-02 4.030463285744190216e-03 2.844979614019393921e-02 3.414265438914299011e-02 1.976918801665306091e-02 1.761684753000736237e-02 1.895106211304664612e-02 1.837480813264846802e-02 4.747864324599504471e-03 7.799824699759483337e-03 3.823224455118179321e-02 3.316672146320343018e-02 8.437038399279117584e-03 3.472861647605895996e-02 3.317422419786453247e-02 3.464953601360321045e-02
3.794629126787185669e-02 3.548882529139518738e-02 3.960161935538053513e-03 1.545316819101572037e-02 5.894085392355918884e-03 8.476251363754272461e-01 5.535905808210372925e-02 2.059933915734291077e-02 2.033068053424358368e-02 1.423826254904270172e-02 4.486463963985443115e-02 4.660341143608093262e-02 3.978424891829490662e-02 3.694168850779533386e-02 1.260847132652997971e-02 2.999254968017339706e-03 1.053663715720176697e-02 2.299056574702262878e-02 2.655168063938617706e-02 1.510934345424175262e-02 1.377264130860567093e-02 2.232938073575496674e-02 8.349496871232986450e-03 9.783432818949222565e-03 1.643454469740390778e-02 8.401604369282722473e-03 2.101710438728332520e-02 3.598614409565925598e-02 1.135936006903648376e-02 2.431481704115867615e-02 1.304042618721723557e-02 1.484423596411943436e-02 3.646441735327243805e-03 6.468020845204591751e-03 1.039438415318727493e-02 1.769936829805374146e-02 2.286567538976669312e-02 7.050890009850263596e-03 1.874830760061740875e-02 1.312302704900503159e-02 8.962071500718593597e-03 5.328906234353780746e-03 5.117842461913824081e-03 1.733037456870079041e-02 1.706299744546413422e-02 1.422536093741655350e-02 7.124576717615127563e-02 2.290476486086845398e-02 1.493845880031585693e-02 1.621526293456554413e-02 4.250010941177606583e-03 1.020469330251216888e-02 2.034501917660236359e-02 2.661707811057567596e-03 1.510295551270246506e-03 1.480762101709842682e-02 3.492439631372690201e-03 1.200785301625728607e-02 2.368094399571418762e-02 9.178194217383861542e-03 9.843208827078342438e-03 1.435511279851198196e-02 7.173791062086820602e-03 2.374940318986773491e-03 1.468602847307920456e-02 3.570011118426918983e-03 6.479775533080101013e-03 9.613106958568096161e-03 1.620240695774555206e-02 1.858766935765743256e-02 5.922058597207069397e-03 1.473586633801460266e-02 9.689896367490291595e-03 2.256956882774829865e-03 1.139229908585548401e-02 1.931119477376341820e-03 1.318162959069013596e-02 1.692719943821430206e-02 2.093763835728168488e-02 9.985152631998062134e-03 1.089458726346492767e-02 2.350940834730863571e-03 5.011041183024644852e-03 3.858428681269288063e-03 1.045719813555479050e-02 9.383138240082189441e-05 2.919973619282245636e-02 2.979917917400598526e-03 2.359866537153720856e-02 1.174564356915652752e-03 1.107078045606613159e-03 2.652224712073802948e-02 1.144087500870227814e-02 2.981527522206306458e-02 8.889231830835342407e-03 9.887131163850426674e-04 9.267824701964855194e-03 1.065883692353963852e-02 2.184628695249557495e-02 6.003537215292453766e-03 1.172015536576509476e-02 1.538391318172216415e-02 1.543633174151182175e-03 2.785961609333753586e-03 2.695859223604202271e-02 2.427732013165950775e-02 1.539860107004642487e-02 2.314243093132972717e-02 1.390183065086603165e-02 3.012412413954734802e-02 9.176659397780895233e-03 1.457998878322541714e-03 1.411048043519258499e-02 2.396391332149505615e-02 9.992815321311354637e-04 6.589871831238269806e-03
3.663431480526924133e-02 4.364264011383056641e-02 1.543280109763145447e-02 2.356073446571826935e-02 2.304672636091709137e-02 5.535905808210372925e-02 8.476251363754272461e-01 2.659009210765361786e-02 1.034189760684967041e-02 2.624173089861869812e-02 4.113392904400825500e-02 2.213155478239059448e-02 3.667557612061500549e-02 3.137509152293205261e-02 6.081793108023703098e-04 1.019354164600372314e-02 1.910569518804550171e-02 2.734112925827503204e-02 5.422409623861312866e-03 1.964533515274524689e-02 2.236809022724628448e-02 3.265513852238655090e-02 4.707137588411569595e-03 1.923436881043016911e-03 1.249559805728495121e-03 4.435256589204072952e-03 3.193733841180801392e-02 2.980374358594417572e-02 5.793632473796606064e-03 2.392891421914100647e-02 2.874559024348855019e-03 1.811710186302661896e-02 7.047014776617288589e-03 1.286689471453428268e-02 2.158029237762093544e-03 1.530084758996963501e-02 1.431896630674600601e-02 3.014985471963882446e-03 2.467468567192554474e-02 2.078811451792716980e-02 6.110386457294225693e-03 9.533763863146305084e-03 5.572403781116008759e-03 3.949672915041446686e-03 1.455167029052972794e-02 8.320408873260021210e-03 5.810281634330749512e-02 4.453568905591964722e-02 2.078977599740028381e-02 8.277384564280509949e-03 1.050449348986148834e-02 1.560500264167785645e-02 2.759575843811035156e-02 2.002077549695968628e-02 1.331941317766904831e-02 1.467763353139162064e-02 7.208884228020906448e-03 1.385598443448543549e-02 3.563756495714187622e-02 2.445592172443866730e-02 1.727002486586570740e-02 1.000296510756015778e-02 4.017836414277553558e-03 1.143802888691425323e-02 2.156285569071769714e-02 1.349837705492973328e-02 8.671000599861145020e-03 1.350831892341375351e-02 1.200415354105643928e-04 2.045109681785106659e-02 2.835473045706748962e-03 3.338662907481193542e-03 2.436522953212261200e-02 1.230706693604588509e-03 2.646490745246410370e-02 9.955812245607376099e-03 8.770738728344440460e-03 9.508734568953514099e-03 1.468765363097190857e-02 2.644097432494163513e-02 1.739244349300861359e-02 8.542949333786964417e-03 1.568608917295932770e-02 8.341239765286445618e-03 2.076901961117982864e-03 1.272091176360845566e-03 2.683518826961517334e-02 8.671635761857032776e-03 1.181619148701429367e-02 1.020950824022293091e-02 2.472888864576816559e-02 2.560800872743129730e-02 1.943333074450492859e-02 1.677685603499412537e-02 1.778174750506877899e-02 1.961678080260753632e-02 9.567355737090110779e-03 1.635285280644893646e-02 3.422235022298991680e-04 4.564346279948949814e-03 2.295884303748607635e-02 2.274460159242153168e-02 1.473709661513566971e-02 1.629777811467647552e-02 2.662062831223011017e-02 2.476815693080425262e-02 1.426632516086101532e-02 3.023517504334449768e-02 1.812450774013996124e-02 2.004138939082622528e-02 2.407061681151390076e-02 1.367236394435167313e-02 2.397037856280803680e-02 2.068188227713108063e-02 1.524087972939014435e-02 1.650022342801094055e-02
5.413852632045745850e-03 7.508070208132266998e-03 5.035170912742614746e-02 1.018530130386352539e-02 9.455858729779720306e-03 2.059933915734291077e-02 2.659009210765361786e-02 8.476251363754272461e-01 6.237080320715904236e-03 6.911741103976964951e-03 4.681799095124006271e-03 2.055264636874198914e-02 6.170485168695449829e-03 1.764464378356933594e-02 2.122934535145759583e-02 4.055629018694162369e-03 1.387984678149223328e-02 7.911485619843006134e-03 3.806751628872007132e-04 1.205537281930446625e-02 1.093765720725059509e-02 2.256232686340808868e-02 7.627135608345270157e-03 8.241587318480014801e-03 1.032247114926576614e-02 2.822183305397629738e-03 2.740511484444141388e-02 2.188514545559883118e-02 1.926972530782222748e-02 2.357406541705131531e-02 1.683862647041678429e-03 1.564642600715160370e-02 1.314687728881835938e-02 1.203380059450864792e-02 1.583987288177013397e-02 1.863969676196575165e-02 1.767453737556934357e-02 3.732364159077405930e-03 1.989123970270156860e-02 8.997132070362567902e-03 1.029879692941904068e-02 1.890571042895317078e-02 1.036090403795242310e-02 2.481498010456562042e-02 8.376185782253742218e-03 1.697017997503280640e-02 2.315980382263660431e-02 3.202264755964279175e-02 1.229635439813137054e-02 1.911522448062896729e-02 4.760799929499626160e-03 5.671578459441661835e-03 2.442425861954689026e-02 3.182564675807952881e-02 1.341297663748264313e-02 5.463040433824062347e-03 1.541422912850975990e-03 2.108214655891060829e-03 3.046302869915962219e-02 3.657157346606254578e-02 4.831985570490360260e-03 3.888064529746770859e-03 9.192295372486114502e-03 1.341619342565536499e-02 2.506810985505580902e-02 1.485256850719451904e-02 1.008785236626863480e-02 1.575369201600551605e-02 1.293946843361482024e-04 2.446221373975276947e-02 7.438193075358867645e-03 2.401283755898475647e-02 2.447754144668579102e-02 2.378774993121623993e-02 4.506883211433887482e-03 1.204001996666193008e-02 6.668804679065942764e-03 8.822502568364143372e-03 8.010592311620712280e-03 1.214729342609643936e-02 4.892624914646148682e-02 3.593773022294044495e-02 7.179914042353630066e-03 3.627549158409237862e-03 4.732239525765180588e-03 2.637658733874559402e-03 3.738967701792716980e-02 2.655002847313880920e-02 2.101225033402442932e-02 1.235084142535924911e-02 3.471842268481850624e-03 1.291335187852382660e-02 2.046947926282882690e-02 1.800183951854705811e-02 2.413345873355865479e-02 1.148411910980939865e-02 1.319177541881799698e-02 1.472852937877178192e-02 1.671695150434970856e-02 1.344992965459823608e-02 2.019129693508148193e-02 1.495792623609304428e-02 5.281106103211641312e-03 5.780350416898727417e-03 2.244128100574016571e-02 2.590736560523509979e-02 1.116454880684614182e-02 1.114038284868001938e-02 1.360573992133140564e-02 1.753370743244886398e-03 7.109893951565027237e-03 4.306410439312458038e-03 1.916847378015518188e-02 9.918333962559700012e-03 6.155889015644788742e-03 6.852847989648580551e-03
1.966786198318004608e-02 2.920722961425781250e-02 3.966425079852342606e-03 1.382276043295860291e-02 6.297335494309663773e-04 2.033068053424358368e-02 1.034189760684967041e-02 6.237080320715904236e-03 8.476251363754272461e-01 4.154123365879058838e-02 3.214856144040822983e-03 1.019749045372009277e-02 3.083109157159924507e-03 7.503987755626440048e-03 2.454480389133095741e-03 1.326586678624153137e-02 1.092244405299425125e-02 2.381861582398414612e-02 1.886571198701858521e-02 4.256321582943201065e-03 1.327362749725580215e-02 6.742575671523809433e-03 2.017192170023918152e-02 6.735302507877349854e-03 1.247192732989788055e-03 9.496655315160751343e-03 6.711073219776153564e-03 5.040700547397136688e-03 3.665114566683769226e-02 1.603719405829906464e-02 1.717103272676467896e-02 5.304123740643262863e-03 1.392335537821054459e-02 5.707806441932916641e-03 1.446151919662952423e-02 8.814465254545211792e-04 2.365732006728649139e-02 1.671952777542173862e-03 4.662309773266315460e-03 3.039548639208078384e-03 6.442585960030555725e-03 2.695849351584911346e-02 1.972965896129608154e-02 6.596893072128295898e-03 1.094573177397251129e-02 2.244273573160171509e-02 1.535598468035459518e-02 2.129649743437767029e-02 2.562900539487600327e-03 5.418478976935148239e-03 2.293265797197818756e-02 1.482063904404640198e-02 9.022052399814128876e-03 8.168322965502738953e-03 2.639197930693626404e-02 1.962224021553993225e-02 7.768734358251094818e-04 1.318017672747373581e-02 1.383646391332149506e-02 5.448653828352689743e-03 2.972546406090259552e-02 3.807345777750015259e-02 1.709139160811901093e-02 1.495502609759569168e-02 2.915467321872711182e-02 1.382914558053016663e-02 1.037699519656598568e-03 1.636474917177110910e-05 2.792991138994693756e-02 1.177216786891222000e-02 1.257184147834777832e-02 3.121184743940830231e-02 3.879467549268156290e-04 1.496168971061706543e-02 2.409827895462512970e-03 4.520321637392044067e-02 4.558235034346580505e-02 3.669759631156921387e-02 2.913705632090568542e-02 2.187993610277771950e-03 1.244234107434749603e-02 1.121973711997270584e-02 1.977146603167057037e-02 2.780636586248874664e-02 2.302624285221099854e-02 1.305677555501461029e-02 1.719013787806034088e-03 6.250216159969568253e-03 1.120727043598890305e-02 1.124050375074148178e-02 2.358527295291423798e-02 7.139682304114103317e-03 3.374235704541206360e-02 1.753718219697475433e-02 2.144707925617694855e-02 3.144074603915214539e-02 8.324360824190080166e-04 3.339609503746032715e-02 2.346654236316680908e-02 8.890117518603801727e-03 1.822187751531600952e-02 6.571834441274404526e-03 8.636704646050930023e-03 2.319885417819023132e-02 4.195122048258781433e-03 2.623491920530796051e-03 1.164438109844923019e-02 6.779800634831190109e-03 6.273209583014249802e-03 2.639056183397769928e-02 4.035915713757276535e-03 2.343148179352283478e-02 1.847622171044349670e-02 1.542413700371980667e-02 1.454416010528802872e-02 1.251418795436620712e-02
1.776718534529209137e-02 3.427490964531898499e-02 1.571541838347911835e-02 1.539066154509782791e-02 2.901534177362918854e-02 1.423826254904270172e-02 2.624173089861869812e-02 6.911741103976964951e-03 4.154123365879058838e-02 8.476251363754272461e-01 3.539887256920337677e-03 1.493935286998748779e-02 8.090598508715629578e-03 1.294090878218412399e-03 5.202571628615260124e-04 9.688012069091200829e-04 7.211849442683160305e-04 4.194728564471006393e-03 5.287188664078712463e-02 1.784743554890155792e-02 2.100946195423603058e-02 7.864318788051605225e-03 2.425633603706955910e-03 1.546815875917673111e-02 2.237842790782451630e-02 2.924933563917875290e-03 2.304579503834247589e-02 9.897431358695030212e-03 1.365861017256975174e-02 5.396127700805664062e-03 1.276201452128589153e-03 1.315282285213470459e-02 6.701820995658636093e-03 4.202670883387327194e-03 1.673925726208835840e-04 8.575359359383583069e-03 9.776867926120758057e-03 7.503492757678031921e-03 2.516949549317359924e-02 1.837295852601528168e-02 1.392455678433179855e-02 1.923613436520099640e-02 2.934620715677738190e-02 1.851943880319595337e-02 1.641859486699104309e-02 3.512575931381434202e-04 2.342785708606243134e-02 1.369672478176653385e-03 1.083459705114364624e-02 1.120482012629508972e-02 9.996864944696426392e-03 2.314258180558681488e-02 2.143622003495693207e-02 1.735804416239261627e-02 9.460154920816421509e-03 3.195954114198684692e-02 1.919551007449626923e-02 1.053256914019584656e-02 2.674611285328865051e-02 1.225741952657699585e-02 7.557732518762350082e-03 1.526273135095834732e-02 7.036084309220314026e-03 3.481964580714702606e-03 1.755659095942974091e-02 2.064739726483821869e-02 9.166956879198551178e-03 4.384429194033145905e-03 4.173933062702417374e-03 4.772517830133438110e-02 2.189110033214092255e-03 1.323679741472005844e-02 2.227292396128177643e-02 2.877338789403438568e-02 1.991674304008483887e-02 1.253526378422975540e-02 3.402754431590437889e-03 7.423672825098037720e-02 1.060605049133300781e-03 2.797350659966468811e-02 5.426366347819566727e-03 2.281313203275203705e-02 7.109362632036209106e-03 3.676917403936386108e-02 5.857276846654713154e-04 2.035403996706008911e-02 8.574216626584529877e-03 1.749447430483996868e-03 2.246275171637535095e-02 1.248376560397446156e-03 2.472734451293945312e-02 1.510829105973243713e-02 2.718425123021006584e-03 7.907496765255928040e-03 1.278150011785328388e-03 9.207147173583507538e-03 1.058160141110420227e-02 2.856711158528923988e-03 8.135023526847362518e-03 4.243130795657634735e-03 2.137122908607125282e-03 1.009684870950877666e-03 1.683633029460906982e-02 1.464314846089109778e-04 1.194901857525110245e-02 1.241096947342157364e-02 1.356132910586893559e-03 2.057762630283832550e-02 5.669672507792711258e-03 1.015113014727830887e-02 2.209046669304370880e-02 1.601251214742660522e-02 1.044361107051372528e-02 1.872150786221027374e-02 1.080136094242334366e-02 1.412507332861423492e-02
6.207737699151039124e-02 5.193221569061279297e-02 6.073845084756612778e-03 1.535190176218748093e-02 3.523265011608600616e-03 4.486463963985443115e-02 4.113392904400825500e-02 4.681799095124006271e-03 3.214856144040822983e-03 3.539887256920337677e-03 8.476251363754272461e-01 2.984486147761344910e-02 6.374337524175643921e-02 2.875954844057559967e-02 2.745117805898189545e-02 1.444130297750234604e-02 2.266693674027919769e-02 9.187383577227592468e-03 9.260923601686954498e-03 1.994402380660176277e-03 9.125865995883941650e-03 3.879359364509582520e-02 5.106303840875625610e-03 1.829991233535110950e-04 8.669006638228893280e-03 8.831894025206565857e-03 2.861828729510307312e-02 4.514790326356887817e-02 1.991962082684040070e-02 2.985331229865550995e-02 2.772833593189716339e-02 1.874937489628791809e-02 2.012203447520732880e-03 8.654840290546417236e-03 1.338180154561996460e-02 8.796242065727710724e-03 3.190307877957820892e-03 4.459848627448081970e-03 9.643849916756153107e-03 5.752014461904764175e-03 4.122464917600154877e-03 9.255462326109409332e-03 1.777385175228118896e-02 1.369174569845199585e-02 3.213504701852798462e-02 1.704400964081287384e-02 4.916558414697647095e-02 2.117269113659858704e-02 1.080567482858896255e-02 7.179471664130687714e-03 2.836595475673675537e-02 3.913163393735885620e-02 8.662540465593338013e-03 3.932247869670391083e-03 4.683083388954401016e-03 1.777148991823196411e-02 5.639422684907913208e-03 9.918031282722949982e-03 1.418054755777120590e-02 6.993255112320184708e-03 1.440254691988229752e-02 1.341324765235185623e-02 8.220746181905269623e-03 5.368883721530437469e-04 1.750844344496726990e-02 1.214503031224012375e-02 2.209794241935014725e-03 3.036811016499996185e-03 6.530503742396831512e-03 2.979633770883083344e-02 2.922240877524018288e-03 2.350175194442272186e-02 2.118718996644020081e-02 1.341784838587045670e-02 1.309070084244012833e-02 9.941349737346172333e-03 7.588114589452743530e-03 1.164333429187536240e-02 5.604693200439214706e-03 2.594914520159363747e-03 9.043158497661352158e-04 5.302181933075189590e-03 6.460210774093866348e-03 4.273174796253442764e-03 6.766906008124351501e-03 1.296577230095863342e-02 1.370888855308294296e-02 1.107320375740528107e-02 1.951490342617034912e-02 1.251520868390798569e-02 2.985956892371177673e-02 4.172561317682266235e-02 5.575099959969520569e-03 3.380472213029861450e-02 6.906076800078153610e-03 8.333120495080947876e-03 1.049663638696074486e-03 9.615902788937091827e-03 2.064357046037912369e-03 6.268394645303487778e-03 1.245867367833852768e-02 1.034442428499460220e-02 4.751219879835844040e-03 1.636394485831260681e-02 1.359983533620834351e-02 9.270341135561466217e-03 1.982834376394748688e-02 1.290432456880807877e-02 2.024737186729907990e-03 1.042430941015481949e-02 1.227932632900774479e-03 1.307578105479478836e-02 2.357800304889678955e-02 2.986337244510650635e-02 4.677986260503530502e-03 2.328627509996294975e-03
3.645167872309684753e-02 2.639321237802505493e-02 1.701788976788520813e-03 6.284656701609492302e-04 6.120651494711637497e-03 4.660341143608093262e-02 2.213155478239059448e-02 2.055264636874198914e-02 1.019749045372009277e-02 1.493935286998748779e-02 2.984486147761344910e-02 8.476251363754272461e-01 3.036930598318576813e-02 6.269831210374832153e-02 1.379423867911100388e-02 3.362713148817420006e-03 1.994432415813207626e-03 5.031279753893613815e-03 2.294021472334861755e-02 1.409192476421594620e-02 4.523636773228645325e-03 5.005627870559692383e-03 3.388836048543453217e-03 1.736545702442526817e-03 2.261847816407680511e-02 1.660664007067680359e-02 4.370575770735740662e-03 4.808511212468147278e-02 1.822783239185810089e-02 4.762132838368415833e-02 4.089658614248037338e-03 2.546731568872928619e-02 5.697151180356740952e-03 2.246544323861598969e-02 1.130391750484704971e-02 1.712368614971637726e-02 1.309253927320241928e-02 4.829443525522947311e-03 1.740434393286705017e-02 7.239172700792551041e-03 1.903063431382179260e-02 9.885673411190509796e-03 1.304134074598550797e-02 1.105678360909223557e-02 1.010002009570598602e-02 3.709490410983562469e-03 2.349788509309291840e-02 8.625656482763588428e-04 2.773321792483329773e-02 4.809578508138656616e-02 1.001152954995632172e-02 3.568803425878286362e-03 8.828982827253639698e-04 6.172574125230312347e-03 8.344705216586589813e-03 1.647541113197803497e-02 2.908851765096187592e-02 1.554116886109113693e-02 9.967552032321691513e-04 2.628614660352468491e-03 1.393081061542034149e-02 2.092588320374488831e-02 1.720812916755676270e-02 5.252081435173749924e-03 7.584314793348312378e-03 7.535724435001611710e-03 1.316466368734836578e-02 1.142111886292695999e-02 2.398023381829261780e-02 1.238873228430747986e-03 3.066327236592769623e-02 9.625640697777271271e-03 1.677780970931053162e-02 1.384083740413188934e-02 1.691385731101036072e-02 5.274509079754352570e-03 2.157878689467906952e-02 8.126929402351379395e-03 3.271125629544258118e-02 8.828978054225444794e-03 2.102427184581756592e-02 3.577790048439055681e-04 1.771909557282924652e-02 1.061866804957389832e-02 1.402174122631549835e-02 1.107776910066604614e-02 4.255219828337430954e-03 4.061589133925735950e-04 5.003240704536437988e-02 3.881489112973213196e-02 7.487604860216379166e-03 9.832208976149559021e-03 6.339147221297025681e-03 1.717904023826122284e-02 3.348665777593851089e-03 8.620325475931167603e-03 2.962213184218853712e-04 1.283155870623886585e-03 1.874889596365392208e-03 6.037767045199871063e-03 2.252796106040477753e-02 2.844723872840404510e-02 1.428914722055196762e-02 2.787723788060247898e-04 1.882505230605602264e-02 1.985616050660610199e-02 2.488384395837783813e-02 7.195422891527414322e-03 2.541467174887657166e-02 2.983171958476305008e-03 2.029504068195819855e-02 2.951949276030063629e-02 7.738571148365736008e-04 1.239472813904285431e-02 2.339981310069561005e-02 6.083053071051836014e-03
4.891926050186157227e-02 4.296703636646270752e-02 8.879903703927993774e-03 2.030642703175544739e-02 5.772719625383615494e-03 3.978424891829490662e-02 3.667557612061500549e-02 6.170485168695449829e-03 3.083109157159924507e-03 8.090598508715629578e-03 6.374337524175643921e-02 3.036930598318576813e-02 8.476251363754272461e-01 2.611280605196952820e-02 4.257589578628540039e-02 1.257716305553913116e-02 1.580171100795269012e-02 1.839596591889858246e-02 2.379419840872287750e-02 2.041202737018465996e-03 1.692915800958871841e-03 3.963161259889602661e-02 5.867553409188985825e-03 7.083049509674310684e-03 1.422598864883184433e-02 1.465019490569829941e-02 1.736080832779407501e-02 4.150054603815078735e-02 1.717164181172847748e-02 3.335591033101081848e-02 1.871480140835046768e-03 1.783208176493644714e-02 4.739987663924694061e-03 1.172107458114624023e-02 1.527252886444330215e-02 3.782822052016854286e-03 9.538380429148674011e-03 1.350185368210077286e-02 1.705824211239814758e-02 2.134940214455127716e-02 2.677359385415911674e-03 9.087359532713890076e-03 1.972133293747901917e-02 8.879963308572769165e-03 8.478645235300064087e-03 1.177881495095789433e-03 3.683543205261230469e-02 2.670168504118919373e-02 1.104764733463525772e-02 7.934214547276496887e-03 1.716170832514762878e-02 3.545534983277320862e-02 3.969221841543912888e-03 6.512819789350032806e-03 1.086613535881042480e-02 8.253873325884342194e-03 1.855511777102947235e-02 5.784434266388416290e-03 9.385391138494014740e-03 1.769605150911957026e-04 1.335919462144374847e-02 1.399149652570486069e-02 1.109729148447513580e-02 3.520421218127012253e-03 1.997107081115245819e-02 3.151674941182136536e-02 1.331842388026416302e-03 1.037175487726926804e-02 7.951620034873485565e-03 1.202862989157438278e-02 5.466762930154800415e-03 1.794867962598800659e-02 1.282665506005287170e-02 5.180072039365768433e-04 1.297465618699789047e-02 4.834065912291407585e-04 3.222319995984435081e-03 7.084784097969532013e-03 1.890341751277446747e-02 1.589802652597427368e-02 7.781093474477529526e-03 1.512312423437833786e-02 9.788477793335914612e-03 2.826664224267005920e-02 3.290810855105519295e-03 9.911283850669860840e-03 3.292081411927938461e-03 3.322676569223403931e-02 2.709574997425079346e-02 2.385514043271541595e-02 1.949503086507320404e-02 3.257161006331443787e-02 1.531368400901556015e-02 4.325959458947181702e-02 1.358778029680252075e-02 1.137129683047533035e-02 1.364558935165405273e-02 1.345211081206798553e-02 5.729293450713157654e-03 3.097240114584565163e-03 1.220975071191787720e-02 1.167093310505151749e-02 7.418197114020586014e-03 2.820449136197566986e-02 1.044373586773872375e-02 4.289562813937664032e-03 1.951465941965579987e-02 2.995619783177971840e-03 3.409800818189978600e-03 1.743353088386356831e-03 1.434649154543876648e-02 3.058076617890037596e-05 1.392875704914331436e-02 2.334161661565303802e-02 1.869342522695660591e-03 5.259192083030939102e-03
