8.688774704933166504e-01 4.651996493339538574e-02 2.027048356831073761e-02 1.653313869610428810e-03 1.608532038517296314e-03 5.089865997433662415e-02 4.800481349229812622e-02 1.728740334510803223e-02 2.523624803870916367e-03 6.698968354612588882e-03 4.452915489673614502e-02 1.855911500751972198e-02 3.976019471883773804e-02 2.419345639646053314e-02 3.029228560626506805e-02 1.871331781148910522e-02 1.672132685780525208e-02 1.936963014304637909e-02 7.025731261819601059e-03 9.248222224414348602e-03 2.877598395571112633e-03 2.744097076356410980e-02 3.604251658543944359e-03 1.722761779092252254e-03 1.950079761445522308e-02 1.117523666471242905e-02 2.256811410188674927e-02 1.905758120119571686e-02 3.690216317772865295e-02 1.926994696259498596e-02 1.963976398110389709e-02 1.625361852347850800e-02 1.580268703401088715e-02 8.523516356945037842e-03 1.493484247475862503e-02 1.943862624466419220e-02 1.500441599637269974e-02 2.485838532447814941e-02 1.676800288259983063e-02 9.710595943033695221e-03 2.641817368566989899e-02 7.297557778656482697e-03 1.533544622361660004e-02 1.950366236269474030e-02 1.166942156851291656e-02 5.424466216936707497e-04 4.239469021558761597e-02 3.941804170608520508e-02 9.030483663082122803e-03 5.030322354286909103e-04 1.772725023329257965e-02 9.685459546744823456e-03 2.088781446218490601e-02 1.909869350492954254e-02 1.293754205107688904e-02 6.903385277837514877e-03 2.938340231776237488e-02 1.984471082687377930e-02 1.878176815807819366e-02 2.023509331047534943e-02 1.927340961992740631e-02 1.209271047264337540e-02 1.357523724436759949e-02 1.594691164791584015e-02 3.293554112315177917e-02 2.556283585727214813e-02 7.794865872710943222e-03 1.015430549159646034e-03 4.577730316668748856e-03 2.552917785942554474e-02 5.576289724558591843e-03 7.830116897821426392e-03 1.288976147770881653e-02 2.171822451055049896e-02 1.312527433037757874e-02 1.173113752156496048e-02 1.970925368368625641e-04 6.006107199937105179e-03 1.458947174251079559e-02 6.001518573611974716e-03 2.349169179797172546e-02 1.360209565609693527e-02 1.554187480360269547e-02 1.119493227452039719e-02 1.605292782187461853e-02 3.651517210528254509e-03 3.034945018589496613e-02 2.793346345424652100e-02 2.474096789956092834e-02 1.503605395555496216e-02 3.765255585312843323e-02 2.611263655126094818e-02 2.736102417111396790e-02 1.743089407682418823e-02 1.399748865514993668e-02 1.317476015537977219e-02 2.524082548916339874e-02 9.942777454853057861e-03 1.168408710509538651e-02 1.211592927575111389e-02 1.595803722739219666e-02 9.645661339163780212e-03 2.067489549517631531e-02 1.303902454674243927e-02 1.032167673110961914e-02 1.237842254340648651e-02 1.555341947823762894e-02 2.176154777407646179e-02 1.111614331603050232e-02 1.579296588897705078e-02 2.185082063078880310e-02 1.831399463117122650e-02 8.647496812045574188e-03 1.510295830667018890e-02 2.636034227907657623e-02 2.064553834497928619e-02
4.651996493339538574e-02 8.688774704933166504e-01 2.076857909560203552e-02 5.983377341181039810e-03 3.086915938183665276e-03 4.605539143085479736e-02 4.797096922993659973e-02 2.349596284329891205e-02 2.487608464434742928e-03 7.874379865825176239e-03 3.984272107481956482e-02 1.778826676309108734e-02 4.271635785698890686e-02 2.603320591151714325e-02 3.141213953495025635e-02 1.803605444729328156e-02 1.458011381328105927e-02 1.712494716048240662e-02 6.735017988830804825e-03 7.486501708626747131e-03 3.478042781352996826e-03 2.529768459498882294e-02 2.184010809287428856e-03 1.284062396734952927e-03 1.855222135782241821e-02 1.014170609414577484e-02 2.464377321302890778e-02 1.813470572233200073e-02 3.030028566718101501e-02 1.958626694977283478e-02 2.381337247788906097e-02 2.186494320631027222e-02 2.001417241990566254e-02 1.183097902685403824e-02 1.529033202677965164e-02 2.203246206045150757e-02 1.723298802971839905e-02 2.740961313247680664e-02 1.469478756189346313e-02 5.387232173234224319e-03 2.814914658665657043e-02 8.334637619554996490e-03 1.249084249138832092e-02 2.018065936863422394e-02 1.359021291136741638e-02 7.520752493292093277e-03 3.775705397129058838e-02 4.112055525183677673e-02 7.778799626976251602e-03 4.890343989245593548e-04 1.500319223850965500e-02 9.944560937583446503e-03 2.312929742038249969e-02 1.840453594923019409e-02 1.369917206466197968e-02 6.222014315426349640e-03 2.514652721583843231e-02 2.363620884716510773e-02 2.068642154335975647e-02 2.210639044642448425e-02 1.848547346889972687e-02 1.368704810738563538e-02 1.691487431526184082e-02 1.041990146040916443e-02 3.034431487321853638e-02 3.052787855267524719e-02 5.668132100254297256e-03 9.033201495185494423e-04 3.485747613012790680e-03 2.506137453019618988e-02 4.295565187931060791e-03 1.277994364500045776e-02 6.256591062992811203e-03 1.961600594222545624e-02 8.320630528032779694e-03 1.479746121913194656e-02 1.328762969933450222e-03 6.767743267118930817e-03 1.355248130857944489e-02 2.750881540123373270e-04 2.752875164151191711e-02 1.728775724768638611e-02 1.152134221047163010e-02 8.674603886902332306e-03 1.234711706638336182e-02 8.398254285566508770e-04 3.017949126660823822e-02 3.064864687621593475e-02 2.228218130767345428e-02 1.928208395838737488e-02 3.290484845638275146e-02 2.364535070955753326e-02 3.461832925677299500e-02 2.056527510285377502e-02 1.273625995963811874e-02 1.306188851594924927e-02 2.151850797235965729e-02 1.211853697896003723e-02 1.016889233142137527e-02 1.021626405417919159e-02 2.128343470394611359e-02 1.293661072850227356e-02 1.823179982602596283e-02 1.512013934552669525e-02 1.492574810981750488e-02 1.262962911278009415e-02 2.228967845439910889e-02 2.084002457559108734e-02 1.481007039546966553e-02 1.833113096654415131e-02 2.043489366769790649e-02 1.965608447790145874e-02 9.081820957362651825e-03 1.104017253965139389e-02 2.026723511517047882e-02 2.508915029466152191e-02
2.027048356831073761e-02 2.076857909560203552e-02 8.688774704933166504e-01 7.196492515504360199e-03 1.845716964453458786e-03 1.247848104685544968e-02 6.770532112568616867e-03 4.671799391508102417e-02 8.432080503553152084e-04 3.282874124124646187e-03 2.651507034897804260e-02 1.875874586403369904e-03 2.640379033982753754e-02 7.671139203011989594e-03 3.425007686018943787e-02 1.353599876165390015e-02 1.336416881531476974e-02 6.288398057222366333e-03 8.407038636505603790e-03 6.858936510980129242e-03 8.898423984646797180e-03 2.667356096208095551e-02 7.300188764929771423e-03 5.162856541574001312e-03 2.055201120674610138e-02 1.445269584655761719e-02 2.371834404766559601e-02 7.037803065031766891e-03 2.056520432233810425e-02 1.089040935039520264e-02 1.462122984230518341e-02 1.986372098326683044e-02 1.987833902239799500e-02 1.245830953121185303e-02 1.135360449552536011e-02 2.198676392436027527e-02 1.909798942506313324e-02 2.008665166795253754e-02 1.160835009068250656e-02 7.153389044106006622e-03 2.204888314008712769e-02 3.709150711074471474e-03 7.837267592549324036e-03 3.842749074101448059e-02 4.288661759346723557e-03 7.636358030140399933e-03 1.101476605981588364e-02 2.971489215269684792e-03 1.070116553455591202e-02 6.635549943894147873e-03 1.993219554424285889e-02 7.834915071725845337e-03 2.558860555291175842e-02 2.358096279203891754e-02 8.738332428038120270e-03 1.144484151154756546e-02 2.130294404923915863e-02 1.650759205222129822e-02 2.843387238681316376e-02 2.534866333007812500e-02 7.696733344346284866e-03 7.509854156523942947e-03 1.772893406450748444e-02 7.688569370657205582e-03 2.394801378250122070e-02 2.574596181511878967e-02 1.330727059394121170e-02 5.258674733340740204e-03 2.799520734697580338e-04 1.932193152606487274e-02 4.205692675895988941e-04 1.199772860854864120e-02 7.189386058598756790e-03 8.393945172429084778e-03 1.141125336289405823e-02 4.067780449986457825e-03 9.704329073429107666e-03 6.245407741516828537e-03 3.146710805594921112e-03 2.822271548211574554e-03 3.887119516730308533e-02 4.279435053467750549e-02 6.493864115327596664e-03 1.044234354048967361e-02 8.728925138711929321e-03 4.542939830571413040e-03 3.058501146733760834e-02 3.126803040504455566e-02 5.715280771255493164e-03 6.277475971728563309e-03 1.429464761167764664e-02 2.352589368820190430e-02 5.750769283622503281e-03 2.530187554657459259e-02 2.009958587586879730e-02 1.543828845024108887e-02 9.544740431010723114e-03 4.676081705838441849e-03 6.278468761593103409e-03 6.913053803145885468e-03 1.691088080406188965e-02 1.466489024460315704e-02 7.489271927624940872e-03 6.664673332124948502e-03 1.628782600164413452e-02 1.594676822423934937e-02 2.642897330224514008e-02 2.113934978842735291e-02 2.403856627643108368e-02 1.676271483302116394e-02 1.421858184039592743e-02 1.681972853839397430e-02 4.164617042988538742e-03 1.231962814927101135e-02 1.230028085410594940e-02 2.113343216478824615e-02
1.653313869610428810e-03 5.983377341181039810e-03 7.196492515504360199e-03 8.688774704933166504e-01 9.280078113079071045e-02 9.001751313917338848e-04 3.160686232149600983e-03 3.714367281645536423e-03 2.187610231339931488e-02 1.721250079572200775e-02 2.614262513816356659e-03 1.023508608341217041e-02 1.123388792620971799e-04 2.708609681576490402e-04 9.619702585041522980e-03 1.368773262947797775e-02 1.712691411375999451e-02 4.526838660240173340e-02 5.309341475367546082e-02 2.559445565566420555e-03 7.020020391792058945e-03 1.208720356225967407e-02 3.933142405003309250e-03 5.331389256753027439e-04 1.847149920649826527e-03 8.860025554895401001e-03 2.031477401033043861e-03 2.547634765505790710e-03 4.177919123321771622e-03 1.258340664207935333e-02 1.027565822005271912e-02 6.467783357948064804e-03 1.938092708587646484e-02 1.478143502026796341e-02 2.312330342829227448e-02 5.603650119155645370e-03 9.667664766311645508e-03 4.334554076194763184e-03 5.357491597533226013e-02 5.913582071661949158e-02 6.314846687018871307e-03 9.429269470274448395e-03 9.713644161820411682e-03 6.613039877265691757e-04 6.529228761792182922e-03 4.182992503046989441e-03 2.237213775515556335e-03 5.663321819156408310e-03 1.678066764725372195e-04 6.709518493153154850e-04 1.020743232220411301e-02 7.720899768173694611e-03 1.168744784081354737e-04 8.653935976326465607e-03 1.653019525110721588e-02 1.377112697809934616e-02 4.005827475339174271e-03 3.792772768065333366e-03 9.343478828668594360e-03 1.319761108607053757e-02 3.951617330312728882e-02 3.744438663125038147e-02 1.563660427927970886e-02 3.025083057582378387e-02 1.813380862586200237e-03 6.860469933599233627e-03 8.479925454594194889e-04 3.780773840844631195e-04 1.261747162789106369e-02 8.450069464743137360e-03 1.734558865427970886e-02 2.595021855086088181e-03 7.041710615158081055e-02 3.812491893768310547e-03 7.018516957759857178e-02 9.200194035656750202e-04 1.861195638775825500e-02 1.434322260320186615e-02 7.662544026970863342e-03 9.454397484660148621e-03 7.112466846592724323e-04 1.739104464650154114e-02 5.661340802907943726e-02 5.729424953460693359e-02 2.883988898247480392e-03 6.105883512645959854e-03 1.758309430442750454e-03 6.406933534890413284e-03 9.807733818888664246e-03 2.241939771920442581e-03 1.147800590842962265e-03 8.132228627800941467e-03 4.900778178125619888e-03 5.875707138329744339e-03 1.504698581993579865e-02 1.839382573962211609e-02 1.329025626182556152e-02 6.102361250668764114e-03 1.311376783996820450e-02 1.055471599102020264e-02 4.270064644515514374e-03 1.575861871242523193e-02 5.634543020278215408e-03 1.592904678545892239e-03 1.623683143407106400e-03 1.448264904320240021e-02 4.700550343841314316e-03 6.069572176784276962e-03 5.153041332960128784e-03 7.131126243621110916e-03 4.934594035148620605e-04 4.026552196592092514e-03 4.787413403391838074e-03 1.084249094128608704e-02 4.726414103060960770e-03 2.020200528204441071e-02
1.608532038517296314e-03 3.086915938183665276e-03 1.845716964453458786e-03 9.280078113079071045e-02 8.688774704933166504e-01 1.277787610888481140e-03 1.558525254949927330e-03 1.294399145990610123e-03 1.611250638961791992e-02 1.945625804364681244e-02 1.639039401197806001e-04 1.944278180599212646e-02 2.622885629534721375e-03 9.673111140727996826e-03 6.593247875571250916e-03 8.267383091151714325e-03 1.393216755241155624e-02 3.212713822722434998e-02 5.210261046886444092e-02 1.192389428615570068e-02 7.598891388624906540e-03 7.999032735824584961e-03 1.195514481514692307e-02 5.389658734202384949e-03 8.263738127425312996e-04 1.672545634210109711e-02 1.139994219556683674e-05 6.763534620404243469e-03 5.725031252950429916e-03 2.665900392457842827e-03 1.788333989679813385e-02 3.995937760919332504e-03 1.816448941826820374e-02 2.090221084654331207e-02 2.720215171575546265e-02 6.621430162340402603e-03 5.758032668381929398e-03 7.789897732436656952e-03 4.252480715513229370e-02 6.204663589596748352e-02 1.018308475613594055e-02 1.346527505666017532e-02 1.252169068902730942e-02 5.090358667075634003e-03 1.669011078774929047e-02 5.526287015527486801e-03 4.469290841370820999e-03 2.192203421145677567e-03 4.390865098685026169e-03 1.133153308182954788e-02 1.283756271004676819e-02 1.373314484953880310e-02 8.818248752504587173e-04 4.333764780312776566e-03 1.020973362028598785e-02 2.257916145026683807e-02 7.583489641547203064e-03 1.081977039575576782e-02 5.277937278151512146e-03 1.252462714910507202e-02 2.941988967359066010e-02 4.820176213979721069e-02 1.879523135721683502e-02 2.663682587444782257e-02 1.995824044570326805e-03 1.013435772620141506e-03 6.213195621967315674e-03 4.785382188856601715e-03 1.001089811325073242e-02 4.667224828153848648e-03 1.108738034963607788e-02 6.247517652809619904e-03 5.306985229253768921e-02 9.495583944953978062e-04 5.472594872117042542e-02 6.138376425951719284e-03 1.697398908436298370e-02 1.754946820437908173e-02 1.481107994914054871e-02 2.119225449860095978e-03 4.498797003179788589e-03 7.570602465420961380e-03 4.240367189049720764e-02 5.979949608445167542e-02 7.691967301070690155e-03 2.223104238510131836e-03 1.450542826205492020e-03 1.478620455600321293e-03 1.202963013201951981e-02 1.385358627885580063e-02 2.580382395535707474e-03 1.851258683018386364e-03 3.751773620024323463e-03 1.551147783175110817e-03 1.759521849453449249e-02 2.240973338484764099e-02 1.990417949855327606e-02 1.091763935983181000e-02 1.427365094423294067e-02 8.983426727354526520e-03 4.139597527682781219e-03 1.987640745937824249e-02 1.562630198895931244e-02 6.295707542449235916e-03 2.861348366423044354e-05 1.691468991339206696e-02 5.281792487949132919e-03 7.621216587722301483e-03 1.004606671631336212e-02 6.876495666801929474e-03 7.438003085553646088e-03 9.347341954708099365e-03 9.232849813997745514e-03 2.136704046279191971e-03 1.334634143859148026e-02 1.959913223981857300e-02
5.089865997433662415e-02 4.605539143085479736e-02 1.247848104685544968e-02 9.001751313917338848e-04 1.277787610888481140e-03 8.688774704933166504e-01 7.190434634685516357e-02 7.034055422991514206e-03 2.070906339213252068e-03 1.199711207300424576e-02 3.583560883998870850e-02 3.856650367379188538e-02 2.943847887217998505e-02 3.867495432496070862e-02 1.923730410635471344e-02 1.898655109107494354e-02 1.638525351881980896e-02 1.671150699257850647e-02 6.520287599414587021e-03 1.837977906689047813e-03 1.192358229309320450e-02 1.868841052055358887e-02 3.194842953234910965e-03 4.466146696358919144e-03 1.405143830925226212e-02 2.845002803951501846e-03 1.187239773571491241e-02 1.968935877084732056e-02 2.408785000443458557e-02 1.583582162857055664e-02 7.724178023636341095e-03 1.130784209817647934e-02 1.589480414986610413e-02 3.867826191708445549e-03 1.416433695703744888e-02 8.782118558883666992e-03 1.220050966367125511e-03 1.341725792735815048e-02 2.279599197208881378e-02 1.680839993059635162e-02 1.759596355259418488e-02 9.179909713566303253e-03 1.793627068400382996e-02 5.243310704827308655e-03 3.348667547106742859e-02 1.888542808592319489e-02 5.549204349517822266e-02 5.413486808538436890e-02 3.225991036742925644e-03 5.716138053685426712e-03 1.250452548265457153e-02 5.606758873909711838e-03 1.332978717982769012e-02 7.016098126769065857e-03 1.149984449148178101e-02 7.045648526400327682e-03 2.378063090145587921e-02 8.530637249350547791e-03 1.162380818277597427e-02 1.306595094501972198e-02 2.039105631411075592e-02 1.348071545362472534e-02 1.431570295244455338e-02 1.680536940693855286e-02 2.256269380450248718e-02 1.428847014904022217e-02 1.450609532184898853e-03 1.045359205454587936e-02 2.557872794568538666e-03 1.353152189403772354e-02 1.111892517656087875e-03 6.015358958393335342e-03 1.323144137859344482e-02 8.333057165145874023e-03 1.390350796282291412e-02 4.643299907911568880e-04 7.459994405508041382e-03 1.147611625492572784e-02 2.757820300757884979e-02 5.826150067150592804e-03 1.532089896500110626e-02 1.003486663103103638e-02 1.384146139025688171e-02 1.069138664752244949e-02 2.248543314635753632e-02 2.860823180526494980e-03 2.035092376172542572e-02 1.702776737511157990e-02 3.494480997323989868e-02 2.940613776445388794e-02 3.677114471793174744e-02 1.410834770649671555e-02 3.381481021642684937e-02 2.593561541289091110e-03 8.582793176174163818e-03 8.609430864453315735e-03 1.630789972841739655e-02 4.423968784976750612e-04 1.472970470786094666e-02 1.605189219117164612e-02 8.423428051173686981e-03 1.394127844832837582e-03 7.349900435656309128e-03 4.108639433979988098e-03 3.407609416171908379e-03 7.674873340874910355e-03 1.047002151608467102e-02 1.695789955556392670e-02 1.580700278282165527e-03 7.007096428424119949e-03 1.181658450514078140e-02 8.073506876826286316e-03 7.987262681126594543e-03 1.427200995385646820e-02 2.082329988479614258e-02 2.028462290763854980e-02
4.800481349229812622e-02 4.797096922993659973e-02 6.770532112568616867e-03 3.160686232149600983e-03 1.558525254949927330e-03 7.190434634685516357e-02 8.688774704933166504e-01 6.753412541002035141e-03 3.577282652258872986e-03 8.841860108077526093e-03 3.476017341017723083e-02 4.151632636785507202e-02 3.067340888082981110e-02 4.502564296126365662e-02 1.821888424456119537e-02 1.800903119146823883e-02 1.290988083928823471e-02 2.001203596591949463e-02 4.385581240057945251e-03 4.536996711976826191e-04 1.014024205505847931e-02 1.817497983574867249e-02 8.909605676308274269e-04 3.239213838241994381e-04 1.287620700895786285e-02 3.582554403692483902e-03 1.075096707791090012e-02 1.899231784045696259e-02 2.444731444120407104e-02 1.832169108092784882e-02 1.274473406374454498e-02 1.260500587522983551e-02 1.580996625125408173e-02 3.517888952046632767e-03 1.102257333695888519e-02 7.982524111866950989e-03 1.545544364489614964e-03 1.468829531222581863e-02 2.288964949548244476e-02 1.137473247945308685e-02 1.789183169603347778e-02 4.951636306941509247e-03 8.445730432868003845e-03 2.849403535947203636e-03 3.781373426318168640e-02 3.014731779694557190e-02 5.652576684951782227e-02 6.678517162799835205e-02 5.734255537390708923e-03 6.221243645995855331e-03 9.958463720977306366e-03 1.456835656426846981e-03 1.233374327421188354e-02 6.214541383087635040e-03 1.261485461145639420e-02 3.147702896967530251e-03 2.197166346013545990e-02 1.165600866079330444e-02 1.119610853493213654e-02 1.150125544518232346e-02 2.235385216772556305e-02 9.274307638406753540e-03 1.192508731037378311e-02 1.332984119653701782e-02 2.296947687864303589e-02 1.678777672350406647e-02 1.776084536686539650e-03 6.692775059491395950e-03 3.653567982837557793e-04 1.435150764882564545e-02 2.157098846510052681e-03 5.188547074794769287e-03 9.821614250540733337e-03 7.999115623533725739e-03 9.025677107274532318e-03 1.411982462741434574e-03 1.420845510438084602e-03 6.067441310733556747e-03 2.958599105477333069e-02 2.123967558145523071e-02 1.712973602116107941e-02 9.048036299645900726e-03 1.419299747794866562e-02 5.927529651671648026e-03 2.093936502933502197e-02 8.352048695087432861e-03 2.115446515381336212e-02 1.666240952908992767e-02 3.494126349687576294e-02 4.193586856126785278e-02 3.758352249860763550e-02 1.427947264164686203e-02 4.523319005966186523e-02 2.757976995781064034e-03 6.571529898792505264e-03 6.989659741520881653e-03 1.456853840500116348e-02 7.482141954824328423e-04 1.051654852926731110e-02 1.074911840260028839e-02 1.005422975867986679e-02 8.132746443152427673e-04 6.505929864943027496e-03 4.119527526199817657e-03 4.094123374670743942e-03 5.212732590734958649e-03 8.210112340748310089e-03 1.777515187859535217e-02 1.805739011615514755e-03 9.016484022140502930e-03 1.072274986654520035e-02 6.443525198847055435e-03 3.404326504096388817e-03 3.159099025651812553e-03 1.582780480384826660e-02 2.175844274461269379e-02
1.728740334510803223e-02 2.349596284329891205e-02 4.671799391508102417e-02 3.714367281645536423e-03 1.294399145990610123e-03 7.034055422991514206e-03 6.753412541002035141e-03 8.688774704933166504e-01 3.452585311606526375e-03 1.216414268128573895e-03 2.520661614835262299e-02 2.094962866976857185e-03 3.228367865085601807e-02 7.781530264765024185e-03 4.804924502968788147e-02 9.256088174879550934e-03 7.395223248749971390e-03 9.184844791889190674e-03 8.373656310141086578e-03 3.639362985268235207e-03 9.129123762249946594e-03 3.036278113722801208e-02 6.402390543371438980e-03 4.391912836581468582e-03 1.535465661436319351e-02 1.656184531748294830e-02 2.733536064624786377e-02 1.501995697617530823e-02 1.852097548544406891e-02 2.128098905086517334e-02 2.207557111978530884e-02 1.678489521145820618e-02 2.209351956844329834e-02 1.168335415422916412e-02 1.336503401398658752e-02 2.707873098552227020e-02 2.708078548312187195e-02 2.668691240251064301e-02 1.215571258217096329e-02 6.266204174607992172e-03 2.648249454796314240e-02 6.957931909710168839e-03 2.592571778222918510e-03 3.975743800401687622e-02 1.020848471671342850e-02 5.044628866016864777e-03 7.379416842013597488e-03 7.324617356061935425e-03 5.530862108571454883e-05 2.008098876103758812e-03 1.166637521237134933e-02 1.690579229034483433e-03 3.085936978459358215e-02 3.377469629049301147e-02 5.199152044951915741e-03 7.092824089340865612e-04 2.195147983729839325e-02 2.768740430474281311e-02 3.309080377221107483e-02 3.238702565431594849e-02 1.110701169818639755e-02 7.818412035703659058e-03 2.143087983131408691e-02 1.150498259812593460e-02 2.514963038265705109e-02 3.220261633396148682e-02 4.137592855840921402e-03 3.405899275094270706e-03 4.836173728108406067e-03 2.205793373286724091e-02 5.833168514072895050e-03 2.318937331438064575e-02 5.257438402622938156e-03 1.398355234414339066e-02 5.401366855949163437e-03 1.497642602771520615e-02 5.611826782114803791e-04 2.235881052911281586e-03 1.190621769637800753e-04 5.548268556594848633e-03 4.995353147387504578e-02 5.211247131228446960e-02 6.953123491257429123e-03 6.477076560258865356e-03 1.322174677625298500e-03 2.929828129708766937e-03 4.150119051337242126e-02 4.148651286959648132e-02 7.144606206566095352e-03 1.178182847797870636e-02 1.206535566598176956e-02 2.785173058509826660e-02 1.274192705750465393e-02 3.103016689419746399e-02 1.631390862166881561e-02 1.177512481808662415e-02 9.535567834973335266e-03 6.481477525085210800e-03 1.186492620036005974e-03 1.317439018748700619e-03 1.748041808605194092e-02 1.588832400739192963e-02 1.034814026206731796e-02 1.001845579594373703e-02 2.205668762326240540e-02 2.121474966406822205e-02 2.514411509037017822e-02 2.167393639683723450e-02 2.164173126220703125e-02 2.697333879768848419e-02 1.451169047504663467e-02 1.899977587163448334e-02 1.158948335796594620e-02 5.836232565343379974e-03 9.502199478447437286e-03 2.284753881394863129e-02
2.523624803870916367e-03 2.487608464434742928e-03 8.432080503553152084e-04 2.187610231339931488e-02 1.611250638961791992e-02 2.070906339213252068e-03 3.577282652258872986e-03 3.452585311606526375e-03 8.688774704933166504e-01 4.583758488297462463e-02 1.771462731994688511e-03 2.561827190220355988e-03 6.487643811851739883e-03 1.072278339415788651e-02 1.533761620521545410e-03 4.335105791687965393e-02 2.939072251319885254e-02 3.463068604469299316e-02 8.435175754129886627e-03 2.525510825216770172e-02 8.767771534621715546e-03 4.123786464333534241e-03 4.188006743788719177e-02 4.597493261098861694e-02 1.545603293925523758e-02 1.465702522546052933e-02 1.128308009356260300e-02 8.379562757909297943e-03 1.893323147669434547e-03 1.176661066710948944e-02 7.057650014758110046e-03 1.736753992736339569e-02 2.413783455267548561e-03 1.550866290926933289e-03 1.201713364571332932e-02 1.713438704609870911e-02 1.750118657946586609e-02 7.838702760636806488e-03 1.395777799189090729e-02 6.396069657057523727e-03 7.723207119852304459e-03 4.762561991810798645e-02 3.164804354310035706e-02 9.230592288076877594e-03 1.043333858251571655e-02 4.685898311436176300e-03 6.180507130920886993e-03 1.474595279432833195e-03 4.149367287755012512e-02 1.591563969850540161e-02 1.553677674382925034e-02 1.944400183856487274e-02 3.976516425609588623e-03 2.491978695616126060e-03 4.693605378270149231e-02 1.036661956459283829e-02 6.509242230094969273e-04 1.827470608986914158e-03 1.768304966390132904e-03 3.382870927453041077e-03 2.403216063976287842e-02 9.756943210959434509e-03 8.568680845201015472e-03 8.453157730400562286e-03 2.110210945829749107e-03 5.760747590102255344e-04 2.786208502948284149e-02 1.406175643205642700e-02 5.658188834786415100e-02 8.279335685074329376e-03 4.414561390876770020e-02 1.170899998396635056e-02 2.115472219884395599e-02 7.501685060560703278e-03 1.738614961504936218e-02 7.454987615346908569e-03 6.841245293617248535e-02 4.641472920775413513e-02 7.332091685384511948e-03 1.701016351580619812e-02 1.049669343046844006e-03 7.588639273308217525e-04 2.851571328938007355e-02 6.384736392647027969e-03 2.073032781481742859e-02 2.785735949873924255e-02 5.283821374177932739e-04 4.023042973130941391e-03 2.857806626707315445e-03 5.723367445170879364e-03 8.643381297588348389e-03 6.313533056527376175e-03 5.232254974544048309e-03 8.328429423272609711e-03 2.814467996358871460e-02 1.243977807462215424e-02 1.732895895838737488e-02 8.724823594093322754e-03 4.779332876205444336e-02 4.159040749073028564e-02 1.276049856096506119e-02 4.896664991974830627e-03 1.373031642287969589e-02 1.491779834032058716e-02 1.086284220218658447e-02 1.476667169481515884e-02 7.849982008337974548e-03 5.719964392483234406e-03 6.481260992586612701e-03 2.309150528162717819e-03 1.810728199779987335e-02 1.505504455417394638e-02 3.218074887990951538e-02 1.755108498036861420e-02 1.926800236105918884e-02 7.374690379947423935e-03
6.698968354612588882e-03 7.874379865825176239e-03 3.282874124124646187e-03 1.721250079572200775e-02 1.945625804364681244e-02 1.199711207300424576e-02 8.841860108077526093e-03 1.216414268128573895e-03 4.583758488297462463e-02 8.688774704933166504e-01 2.834678627550601959e-03 5.525668617337942123e-03 1.976154744625091553e-03 1.539001241326332092e-02 1.568770152516663074e-03 2.392576821148395538e-02 2.689831331372261047e-02 1.672482467256486416e-03 1.217896584421396255e-02 1.424088887870311737e-02 2.549339458346366882e-02 8.561329916119575500e-03 3.629678860306739807e-02 4.905977845191955566e-02 4.626901354640722275e-03 3.451265022158622742e-02 1.366604585200548172e-02 5.823758430778980255e-03 4.418690223246812820e-03 7.953695952892303467e-03 9.005515836179256439e-03 1.125262497225776315e-04 5.107680335640907288e-03 2.418605051934719086e-02 5.733551923185586929e-03 9.324445389211177826e-03 2.107798494398593903e-02 1.155290100723505020e-02 5.450062919408082962e-03 1.414340175688266754e-02 1.012988481670618057e-02 3.728753700852394104e-02 4.411239176988601685e-02 6.171148270368576050e-04 6.956594530493021011e-03 2.056823112070560455e-02 6.990388967096805573e-03 6.150390952825546265e-03 1.119283214211463928e-02 4.272215068340301514e-02 2.021134831011295319e-02 2.599820680916309357e-02 6.241065915673971176e-03 1.324508339166641235e-03 1.425615418702363968e-02 4.215130209922790527e-02 8.808827959001064301e-03 1.338565070182085037e-02 3.501935163512825966e-03 5.246247164905071259e-04 5.067484453320503235e-03 7.581354584544897079e-03 9.126825258135795593e-03 5.955743603408336639e-03 4.279294051229953766e-03 2.137028423021547496e-05 6.498757749795913696e-03 3.212867304682731628e-02 4.207030311226844788e-02 7.770932279527187347e-03 4.716704040765762329e-02 1.562318764626979828e-02 2.294113161042332649e-03 9.480068460106849670e-03 4.964675288647413254e-03 1.957382075488567352e-02 4.798479750752449036e-02 6.641645729541778564e-02 2.443091245368123055e-03 2.969552762806415558e-02 1.010914915241301060e-03 1.901171490317210555e-04 2.800025395117700100e-04 1.376057323068380356e-02 2.807179698720574379e-03 3.676525503396987915e-02 9.496560087427496910e-04 1.131719909608364105e-03 8.192331530153751373e-03 1.107816863805055618e-02 6.024173926562070847e-03 7.244408596307039261e-03 8.974251337349414825e-03 9.951832704246044159e-03 5.180249921977519989e-03 2.063256874680519104e-02 1.270979549735784531e-02 1.972630620002746582e-02 4.748493432998657227e-02 5.194787681102752686e-02 4.020495340228080750e-03 2.529322914779186249e-02 1.127720810472965240e-02 2.058159187436103821e-02 8.554410189390182495e-03 1.126294373534619808e-03 1.975081162527203560e-03 1.363326702266931534e-02 2.130793593823909760e-02 6.135090254247188568e-03 1.585548184812068939e-02 2.003378048539161682e-02 2.324491553008556366e-02 3.416785225272178650e-02 1.636770926415920258e-02 1.811554096639156342e-02
4.452915489673614502e-02 3.984272107481956482e-02 2.651507034897804260e-02 2.614262513816356659e-03 1.639039401197806001e-04 3.583560883998870850e-02 3.476017341017723083e-02 2.520661614835262299e-02 1.771462731994688511e-03 2.834678627550601959e-03 8.688774704933166504e-01 8.832975290715694427e-03 4.232706502079963684e-02 1.655889116227626801e-02 3.276055306196212769e-02 1.244576089084148407e-02 1.204503700137138367e-02 1.377180498093366623e-02 1.051454432308673859e-02 4.722057376056909561e-03 8.136886754073202610e-04 3.378600254654884338e-02 6.848850753158330917e-03 3.742044791579246521e-03 1.772572658956050873e-02 8.607654832303524017e-03 2.914625033736228943e-02 8.546106517314910889e-03 4.307673126459121704e-02 1.057973783463239670e-02 2.582365460693836212e-02 1.725303940474987030e-02 1.858829520642757416e-02 1.150586269795894623e-02 2.116487175226211548e-02 1.976504921913146973e-02 1.489311549812555313e-02 2.723465859889984131e-02 1.624192483723163605e-02 1.284909993410110474e-02 2.868470363318920135e-02 8.761525154113769531e-03 1.641914434731006622e-02 2.542405575513839722e-02 7.886884734034538269e-03 2.485367003828287125e-03 3.550636768341064453e-02 3.220347687602043152e-02 4.965370055288076401e-03 1.610040781088173389e-03 2.361427620053291321e-02 1.723111420869827271e-02 2.477450855076313019e-02 2.454892918467521667e-02 6.586130708456039429e-03 4.955354612320661545e-03 3.078005090355873108e-02 2.214472182095050812e-02 2.599013596773147583e-02 2.697403356432914734e-02 1.487505808472633362e-02 1.457790005952119827e-02 1.792422123253345490e-02 2.156586199998855591e-02 3.998302668333053589e-02 3.269999101758003235e-02 4.351890180259943008e-03 3.728914307430386543e-03 4.822368791792541742e-04 3.198640421032905579e-02 2.519121859222650528e-03 1.463167741894721985e-02 1.142407953739166260e-02 2.343592233955860138e-02 1.512515451759099960e-02 1.238414831459522247e-02 2.747288206592202187e-03 6.027298048138618469e-03 7.841655984520912170e-03 8.028044365346431732e-03 2.911369875073432922e-02 1.845573820173740387e-02 1.250051241368055344e-02 1.314689684659242630e-02 5.782474763691425323e-03 7.283117622137069702e-03 3.635649010539054871e-02 3.445541486144065857e-02 1.605126261711120605e-02 8.162144571542739868e-03 3.646508231759071350e-02 3.506137803196907043e-02 2.443151175975799561e-02 2.554368972778320312e-02 1.211663801223039627e-02 1.020826213061809540e-02 2.657746337354183197e-02 7.913917303085327148e-03 1.217198744416236877e-02 1.141494512557983398e-02 1.871020905673503876e-02 1.463142968714237213e-02 2.466295287013053894e-02 1.314791850745677948e-02 1.591998897492885590e-02 1.700412668287754059e-02 1.787350140511989594e-02 2.696112729609012604e-02 1.560488343238830566e-02 2.421515248715877533e-02 2.621809020638465881e-02 2.003366872668266296e-02 1.200860645622014999e-02 1.597519591450691223e-02 2.791891992092132568e-02 2.179514616727828979e-02
1.855911500751972198e-02 1.778826676309108734e-02 1.875874586403369904e-03 1.023508608341217041e-02 1.944278180599212646e-02 3.856650367379188538e-02 4.151632636785507202e-02 2.094962866976857185e-03 2.561827190220355988e-03 5.525668617337942123e-03 8.832975290715694427e-03 8.688774704933166504e-01 7.584938430227339268e-04 6.531861424446105957e-02 4.611869808286428452e-03 1.555032841861248016e-02 2.176550589501857758e-02 2.185944095253944397e-02 1.403132826089859009e-02 2.017677994444966316e-03 2.700941404327750206e-03 2.150156069546937943e-03 2.291292324662208557e-02 1.346187759190797806e-02 9.289396926760673523e-03 1.225167233496904373e-02 6.198235321789979935e-03 4.741940274834632874e-02 2.430137014016509056e-03 3.665908053517341614e-02 1.468632556498050690e-02 5.276449024677276611e-03 1.700844988226890564e-02 1.090176962316036224e-02 1.576672680675983429e-02 8.608103729784488678e-03 3.013869747519493103e-03 5.431884201243519783e-04 2.253231592476367950e-02 2.517250552773475647e-02 3.432198660448193550e-03 1.342024654150009155e-03 1.732510048896074295e-03 8.019894361495971680e-03 7.041473686695098877e-02 4.708613827824592590e-02 3.777857124805450439e-02 3.694432228803634644e-02 1.333783194422721863e-02 4.142514371778815985e-04 3.072352334856987000e-02 3.544101119041442871e-02 1.095119863748550415e-02 2.586092567071318626e-03 6.666609551757574081e-04 1.548760756850242615e-02 2.069999650120735168e-02 8.149738423526287079e-03 8.667202666401863098e-03 7.122836541384458542e-03 2.178114838898181915e-02 1.548113115131855011e-02 1.998296380043029785e-02 1.325151324272155762e-02 6.879084743559360504e-03 5.286203231662511826e-03 5.590129643678665161e-03 4.993665963411331177e-03 8.219378069043159485e-03 1.304507604800164700e-03 1.817358285188674927e-02 1.674723438918590546e-02 1.742451824247837067e-02 4.106007050722837448e-03 1.604857109487056732e-02 1.196573674678802490e-02 7.874220609664916992e-03 1.644676737487316132e-02 5.665317550301551819e-02 3.445275127887725830e-02 6.558846216648817062e-03 2.900720806792378426e-03 2.121004462242126465e-02 2.238053083419799805e-02 2.599507942795753479e-02 1.161917485296726227e-02 7.652634754776954651e-03 3.346719546243548393e-03 5.428213998675346375e-02 4.952117800712585449e-02 2.711205556988716125e-02 6.992243579588830471e-04 1.958256401121616364e-02 1.141507178544998169e-02 1.769641786813735962e-02 2.113150991499423981e-02 2.355579053983092308e-04 9.746178053319454193e-03 5.478940438479185104e-03 5.422970280051231384e-03 7.180956192314624786e-03 1.221732702106237411e-02 6.135171279311180115e-03 2.736367983743548393e-03 7.686169818043708801e-03 1.566218771040439606e-02 6.129296496510505676e-03 1.644052937626838684e-02 9.294481948018074036e-03 1.118402811698615551e-03 1.911671017296612263e-03 2.922756364569067955e-03 1.648963615298271179e-02 1.440896838903427124e-02 8.727747015655040741e-03 3.040368435904383659e-03
3.976019471883773804e-02 4.271635785698890686e-02 2.640379033982753754e-02 1.123388792620971799e-04 2.622885629534721375e-03 2.943847887217998505e-02 3.067340888082981110e-02 3.228367865085601807e-02 6.487643811851739883e-03 1.976154744625091553e-03 4.232706502079963684e-02 7.584938430227339268e-04 8.688774704933166504e-01 1.098644826561212540e-02 3.803391754627227783e-02 1.429330464452505112e-02 9.917783550918102264e-03 1.040900684893131256e-02 7.933536544442176819e-03 6.011009681969881058e-03 5.088944453746080399e-03 3.509108349680900574e-02 4.865070804953575134e-03 4.991113019059412181e-05 1.432635635137557983e-02 1.291530858725309372e-02 3.170510753989219666e-02 4.312627483159303665e-03 3.500056639313697815e-02 1.094567403197288513e-02 3.083679266273975372e-02 2.105429023504257202e-02 1.766118966042995453e-02 1.523325964808464050e-02 1.965969055891036987e-02 2.441994287073612213e-02 2.279730513691902161e-02 3.076568432152271271e-02 1.422624289989471436e-02 8.202450349926948547e-03 3.107701987028121948e-02 6.124163046479225159e-03 1.033009681850671768e-02 2.783930860459804535e-02 3.070328850299119949e-03 3.350133774802088737e-03 2.662640810012817383e-02 2.888702973723411560e-02 8.851105347275733948e-03 2.886145142838358879e-03 2.105598710477352142e-02 1.564783416688442230e-02 2.440772950649261475e-02 2.716667205095291138e-02 1.113398186862468719e-02 5.357022862881422043e-03 2.063387073576450348e-02 2.924416214227676392e-02 2.644607238471508026e-02 2.935956232249736786e-02 1.488385163247585297e-02 1.528443302959203720e-02 1.376891881227493286e-02 1.746828854084014893e-02 3.376786410808563232e-02 4.061777144670486450e-02 5.907116923481225967e-03 2.677746117115020752e-03 5.235613789409399033e-03 2.810057252645492554e-02 3.977322950959205627e-03 2.297406084835529327e-02 8.559606038033962250e-03 2.313246950507164001e-02 1.127743627876043320e-02 1.980204135179519653e-02 3.611716674640774727e-03 4.347652662545442581e-03 4.635225341189652681e-04 5.275278352200984955e-03 3.001004084944725037e-02 2.633256092667579651e-02 8.067997172474861145e-03 7.623122073709964752e-03 1.702530076727271080e-03 2.144031226634979248e-03 3.550261631608009338e-02 4.201869294047355652e-02 8.375883102416992188e-03 7.626043166965246201e-03 2.720173820853233337e-02 3.172899037599563599e-02 2.513250708580017090e-02 3.299065306782722473e-02 1.197691168636083603e-02 1.131213456392288208e-02 2.040248736739158630e-02 1.649878919124603271e-02 5.631482228636741638e-03 6.016213912516832352e-03 2.171315066516399384e-02 1.727323234081268311e-02 2.189061045646667480e-02 1.812495477497577667e-02 1.622841134667396545e-02 1.554400008171796799e-02 2.356374822556972504e-02 1.762354001402854919e-02 1.989617012441158295e-02 3.059462830424308777e-02 2.500943653285503387e-02 2.355529740452766418e-02 1.236617099493741989e-02 1.130533963441848755e-02 2.003457210958003998e-02 2.523895353078842163e-02
