8.397943973541259766e-01 6.949678808450698853e-02 4.539584740996360779e-02 1.943325251340866089e-02 2.693522535264492035e-02 5.517136678099632263e-02 5.073196068406105042e-02 1.154902577400207520e-02 1.598990987986326218e-03 1.943164505064487457e-02 7.145921140909194946e-02 1.519958255812525749e-03 5.800823867321014404e-02 2.423116529826074839e-04 1.533711887896060944e-02 1.335642952471971512e-02 1.183512434363365173e-02 5.477854050695896149e-03 1.937652006745338440e-02 5.143497604876756668e-03 4.511150473263114691e-04 2.214633487164974213e-02 1.268733944743871689e-02 4.700541961938142776e-03 1.069055777043104172e-02 8.307457901537418365e-03 1.484555844217538834e-02 6.300392560660839081e-04 2.749397978186607361e-02 6.028427742421627045e-03 2.371017355471849442e-03 7.535199169069528580e-03 4.703103378415107727e-02 5.998660810291767120e-03 6.840906105935573578e-03 1.714330166578292847e-02 5.764055997133255005e-03 5.848048720508813858e-03 1.267692260444164276e-02 4.042200744152069092e-03 8.115071104839444160e-04 1.092587690800428391e-02 3.284992650151252747e-03 1.276639569550752640e-02 1.101362984627485275e-02 1.455348357558250427e-02 6.889282166957855225e-02 8.029703982174396515e-03 2.521674614399671555e-03 7.842530496418476105e-03 3.267731750383973122e-03 9.819461964070796967e-03 1.587501354515552521e-02 1.016177702695131302e-02 5.386641714721918106e-03 9.859954938292503357e-03 6.826405879110097885e-03 6.971473339945077896e-03 8.605945855379104614e-03 1.107375719584524632e-03 2.835023449733853340e-03 1.270095445215702057e-02 2.531900256872177124e-02 5.325201898813247681e-03 2.171788923442363739e-02 1.043166406452655792e-02 1.909665006678551435e-04 6.557994987815618515e-03 1.900118775665760040e-02 1.931584998965263367e-02 1.046352833509445190e-02 2.542307367548346519e-03 1.399950589984655380e-02 5.898973904550075531e-03 1.088692992925643921e-02 1.216535829007625580e-02 2.037624083459377289e-02 4.125793464481830597e-03 2.331390045583248138e-02 2.159870788455009460e-02 1.290642749518156052e-02 3.730445355176925659e-02 1.323660556226968765e-02 1.156111247837543488e-02 1.492462866008281708e-02 6.148955784738063812e-03 1.204422442242503166e-03 7.769325020490214229e-05 2.025567926466464996e-03 1.305378600955009460e-02 4.523908719420433044e-03 6.287535186856985092e-03 3.412702307105064392e-02 1.610394008457660675e-02 2.476970199495553970e-03 2.691495232284069061e-03 3.266500309109687805e-02 4.512323066592216492e-03 5.002493504434823990e-03 2.906682435423135757e-03 5.530293565243482590e-03 9.094434790313243866e-03 6.026307586580514908e-03 5.881342105567455292e-03 3.809095825999975204e-03 1.282747462391853333e-02 1.969507522881031036e-02 2.346026711165904999e-02 1.438527926802635193e-02 2.501693367958068848e-02 6.160205812193453312e-04 2.863113209605216980e-02 9.995950385928153992e-03 4.755870439112186432e-03 6.481788586825132370e-03 1.210439298301935196e-02
6.949678808450698853e-02 8.397943973541259766e-01 4.354509338736534119e-02 6.150051020085811615e-03 2.357002720236778259e-02 8.158361166715621948e-02 7.835495471954345703e-02 1.272001955658197403e-02 5.235389340668916702e-03 1.458136085420846939e-02 1.982061751186847687e-02 6.718686781823635101e-04 5.908577889204025269e-02 8.895238861441612244e-03 1.955798454582691193e-02 1.092342659831047058e-02 1.469105854630470276e-02 1.221895962953567505e-02 2.111496403813362122e-02 2.058567246422171593e-03 2.865629503503441811e-03 3.594290092587471008e-02 2.134838141500949860e-03 5.061967531219124794e-04 8.715051226317882538e-03 9.033330716192722321e-03 2.409163862466812134e-02 1.709569245576858521e-02 1.428020279854536057e-02 2.440817467868328094e-02 2.789243683218955994e-02 3.151785815134644508e-03 1.247148402035236359e-02 8.472555316984653473e-03 1.048956811428070068e-02 1.612554676830768585e-02 5.826978012919425964e-03 1.465439051389694214e-02 1.190366130322217941e-02 4.886941052973270416e-03 5.479273851960897446e-03 1.635363791137933731e-03 2.622336847707629204e-03 9.735649451613426208e-03 9.975119493901729584e-03 2.271039970219135284e-02 3.927711024880409241e-02 5.925043020397424698e-03 1.368204224854707718e-02 3.228641347959637642e-03 8.326997049152851105e-03 1.218157727271318436e-02 7.150835357606410980e-03 6.563768722116947174e-03 8.074692450463771820e-03 5.350231658667325974e-03 1.761606894433498383e-02 2.694211201742291451e-03 4.763033706694841385e-03 3.648057812824845314e-03 3.248086431995034218e-03 2.188967913389205933e-02 1.222192216664552689e-02 1.540156081318855286e-02 2.116073295474052429e-02 3.611609339714050293e-03 8.092738687992095947e-03 1.950574951479211450e-04 6.074963603168725967e-03 1.810764893889427185e-02 7.330313092097640038e-04 1.075203437358140945e-02 1.368083711713552475e-02 5.699470057152211666e-04 4.929173272103071213e-03 1.424153614789247513e-02 7.989287376403808594e-03 2.508594654500484467e-03 1.342998631298542023e-02 2.674395591020584106e-02 8.562481962144374847e-03 2.476680465042591095e-02 1.640506833791732788e-02 2.516660373657941818e-03 1.899952255189418793e-02 1.451402064412832260e-02 1.828764216043055058e-03 1.788253197446465492e-03 1.992409490048885345e-02 1.591219007968902588e-02 3.069836832582950592e-02 5.627953913062810898e-03 8.407921530306339264e-03 1.256784237921237946e-02 2.468830905854701996e-03 4.784912802278995514e-03 1.842277869582176208e-02 2.170989848673343658e-02 9.940470568835735321e-03 6.844825576990842819e-03 4.408209118992090225e-03 1.111023873090744019e-02 3.408818272873759270e-03 1.382026635110378265e-02 4.716947674751281738e-03 2.269869670271873474e-03 1.607321761548519135e-02 1.220665685832500458e-02 6.015065591782331467e-03 1.791339926421642303e-02 1.330082584172487259e-02 9.892595000565052032e-03 2.126293984474614263e-04 5.901637952774763107e-03 2.878283709287643433e-02 1.284585334360599518e-02
4.539584740996360779e-02 4.354509338736534119e-02 8.397943973541259766e-01 5.946832243353128433e-04 1.357166469097137451e-02 2.483543567359447479e-02 1.602504216134548187e-02 2.443548664450645447e-02 1.367278583347797394e-02 5.979317706078290939e-03 4.652945697307586670e-02 1.545484410598874092e-03 2.152793481945991516e-02 4.475089255720376968e-03 1.165331434458494186e-02 2.088101347908377647e-03 1.908195903524756432e-03 1.300766784697771072e-02 2.163295261561870575e-02 8.347094990313053131e-03 3.645487362518906593e-03 1.050991658121347427e-02 9.544841013848781586e-03 7.975164800882339478e-03 2.570194005966186523e-02 2.072118036448955536e-02 2.713107969611883163e-03 5.800005164928734303e-04 1.997089246287941933e-03 1.234594639390707016e-02 1.146704051643610001e-02 1.232093549333512783e-03 3.296627104282379150e-02 1.885763369500637054e-03 1.596055226400494576e-03 1.818516850471496582e-02 1.462649740278720856e-02 1.518701855093240738e-02 3.126626834273338318e-02 1.251174253411591053e-03 4.918756429105997086e-03 8.137160912156105042e-03 1.212147809565067291e-02 2.837173081934452057e-02 3.680740483105182648e-03 4.633907228708267212e-03 3.953457251191139221e-02 4.926132969558238983e-03 9.535380639135837555e-03 4.486524965614080429e-03 1.383930072188377380e-02 5.402204697020351887e-04 1.515040267258882523e-02 1.508552394807338715e-02 8.312834426760673523e-03 1.979187317192554474e-02 1.350850705057382584e-02 1.138277724385261536e-02 7.103214971721172333e-03 2.359304577112197876e-02 2.309188013896346092e-03 4.887052346020936966e-03 1.759651303291320801e-02 2.208999125286936760e-03 2.220884198322892189e-03 7.667287136428058147e-04 3.637886838987469673e-03 2.351029077544808388e-03 2.296548569574952126e-03 5.176397040486335754e-03 8.264251053333282471e-03 9.088034741580486298e-03 7.299245335161685944e-03 6.633057259023189545e-03 8.934357902035117149e-04 2.702997764572501183e-03 2.291557146236300468e-03 1.601226977072656155e-03 9.196986444294452667e-03 1.994183100759983063e-02 9.402140974998474121e-03 1.593816280364990234e-02 1.656362973153591156e-02 4.309176874812692404e-04 1.721740141510963440e-02 1.311683910898864269e-03 8.743131533265113831e-03 8.349404670298099518e-03 1.533121336251497269e-02 2.635346166789531708e-02 1.215742249041795731e-02 4.181860946118831635e-03 2.428270177915692329e-03 1.970236375927925110e-02 1.411543227732181549e-03 1.063804328441619873e-02 7.081565563566982746e-04 1.250869873911142349e-02 8.199468255043029785e-03 6.432886235415935516e-03 1.390192098915576935e-02 7.297196425497531891e-03 1.313627581112086773e-03 8.782736025750637054e-03 6.117619108408689499e-03 1.666253991425037384e-02 1.966324262320995331e-02 1.123722409829497337e-03 1.227360777556896210e-02 3.274672897532582283e-03 1.785996556282043457e-02 7.187047507613897324e-03 1.048197690397500992e-02 2.097644144669175148e-03 1.365806814283132553e-02 1.200162805616855621e-02
1.943325251340866089e-02 6.150051020085811615e-03 5.946832243353128433e-04 8.397943973541259766e-01 1.606587134301662445e-02 9.457163512706756592e-03 5.531973671168088913e-03 2.582989633083343506e-02 2.905853325501084328e-04 4.048038274049758911e-03 2.920187264680862427e-02 4.079174622893333435e-02 1.413524430245161057e-02 2.428625337779521942e-02 2.052200026810169220e-02 1.805602759122848511e-02 1.819571852684020996e-02 1.043330226093530655e-02 1.093980949372053146e-02 6.572746671736240387e-03 1.322544179856777191e-02 8.055473677814006805e-03 3.053947165608406067e-02 2.053217031061649323e-02 1.182726770639419556e-02 2.046109177172183990e-02 2.621752209961414337e-03 3.466109931468963623e-02 6.487489212304353714e-03 4.154263809323310852e-02 4.694954957813024521e-03 2.013867488130927086e-03 2.435255423188209534e-02 7.106261327862739563e-03 3.807710111141204834e-02 2.976389601826667786e-02 3.035007044672966003e-02 9.094628505408763885e-03 2.347168885171413422e-02 9.336852468550205231e-03 1.585101895034313202e-02 1.305625308305025101e-02 1.018241420388221741e-02 1.058007217943668365e-02 1.857234351336956024e-02 1.087173819541931152e-02 1.871239393949508667e-02 1.056366972625255585e-02 3.030028892681002617e-03 5.254348739981651306e-03 1.671351864933967590e-02 1.377672329545021057e-02 4.034487158060073853e-02 2.096257172524929047e-02 6.727121770381927490e-03 8.008605800569057465e-03 3.497209772467613220e-02 2.606511674821376801e-02 2.523962780833244324e-02 1.570620946586132050e-02 1.256613340228796005e-02 7.273312192410230637e-03 2.659452706575393677e-02 4.722126945853233337e-02 1.675746589899063110e-02 1.106841489672660828e-02 1.012524124234914780e-02 1.540746726095676422e-02 3.824016824364662170e-02 7.944399490952491760e-03 4.080828651785850525e-02 1.202840078622102737e-02 5.834830552339553833e-02 1.066531613469123840e-02 4.436906054615974426e-02 1.320402324199676514e-02 2.836431190371513367e-02 2.317482978105545044e-02 2.303983783349394798e-03 1.120129600167274475e-02 1.275536697357892990e-02 1.476596225984394550e-03 2.228919230401515961e-02 1.020031888037919998e-02 1.905100652948021889e-03 1.546780345961451530e-03 3.111829794943332672e-02 1.371662784367799759e-02 3.853354975581169128e-02 2.363255806267261505e-02 2.441971190273761749e-02 1.705772615969181061e-02 4.156807335675694048e-06 1.999085023999214172e-02 2.883416973054409027e-02 1.667786389589309692e-02 1.093323994427919388e-02 1.581536722369492054e-03 1.670635864138603210e-02 1.323032472282648087e-02 1.325117051601409912e-02 9.280202211812138557e-04 1.420607976615428925e-02 1.436568237841129303e-02 2.126860246062278748e-02 1.858942583203315735e-02 1.182481087744235992e-02 7.511449977755546570e-03 7.317042443901300430e-03 5.745953880250453949e-03 2.591040730476379395e-02 1.653102785348892212e-02 2.424210123717784882e-02 1.559702400118112564e-02 8.071938529610633850e-03 1.268554478883743286e-02
2.693522535264492035e-02 2.357002720236778259e-02 1.357166469097137451e-02 1.606587134301662445e-02 8.397943973541259766e-01 1.040212344378232956e-03 8.259164169430732727e-03 2.090247906744480133e-02 2.425664290785789490e-02 3.193347528576850891e-02 1.973179914057254791e-02 3.884806297719478607e-03 1.282836403697729111e-02 6.107987370342016220e-03 6.446700543165206909e-03 1.913968659937381744e-02 3.288449719548225403e-02 3.575167432427406311e-02 3.859074041247367859e-02 2.035277150571346283e-02 2.050710655748844147e-02 1.417149556800723076e-03 6.759616080671548843e-03 2.391441538929939270e-02 1.082763914018869400e-02 1.787696778774261475e-02 1.294030371354892850e-04 1.264717895537614822e-02 2.203046809881925583e-03 9.583659470081329346e-03 4.868478514254093170e-03 1.308951899409294128e-02 2.914212876930832863e-03 9.299662895500659943e-03 4.719767719507217407e-03 1.417945511639118195e-02 1.790416054427623749e-02 1.153253111988306046e-02 3.188879787921905518e-02 2.588105015456676483e-02 1.847079768776893616e-02 1.990366168320178986e-02 1.249118149280548096e-02 4.416367039084434509e-03 7.096021436154842377e-03 1.233108248561620712e-02 1.981365121901035309e-02 9.574517607688903809e-04 7.502448279410600662e-04 1.108380965888500214e-02 2.002843283116817474e-02 2.592307515442371368e-02 8.841677568852901459e-03 3.047519829124212265e-03 1.004659291356801987e-02 1.254034414887428284e-02 7.935503497719764709e-03 9.434476494789123535e-03 1.411794777959585190e-02 2.083436027169227600e-02 1.701517775654792786e-02 2.344767376780509949e-02 1.140569616109132767e-02 5.250620306469500065e-04 5.495516117662191391e-03 7.611471228301525116e-04 1.177618745714426041e-02 1.029469631612300873e-02 1.308283209800720215e-02 6.377120036631822586e-03 1.392211765050888062e-02 1.874939911067485809e-02 6.777028087526559830e-03 4.774136003106832504e-03 2.924724109470844269e-02 1.379177533090114594e-02 1.102175191044807434e-02 1.615719869732856750e-02 2.071693353354930878e-02 2.304450981318950653e-02 1.841676980257034302e-02 1.918252184987068176e-02 3.875348716974258423e-02 5.092360451817512512e-02 1.000211294740438461e-02 8.952174102887511253e-04 1.303890068084001541e-02 1.815811172127723694e-02 1.304672751575708389e-02 1.090015191584825516e-02 2.247165655717253685e-03 4.817958455532789230e-03 3.684417111799120903e-03 2.390498993918299675e-03 1.131300628185272217e-02 1.638995669782161713e-02 3.560417098924517632e-05 4.605203866958618164e-03 1.792513951659202576e-02 1.695026084780693054e-02 2.052544988691806793e-02 2.104668691754341125e-02 1.379581447690725327e-02 8.621341548860073090e-03 8.675513789057731628e-03 6.117158103734254837e-03 1.478542853146791458e-02 2.988290973007678986e-03 1.625589095056056976e-02 1.303130388259887695e-02 2.914467477239668369e-04 6.238400004804134369e-03 1.613297499716281891e-02 1.365027576684951782e-02 1.218900177627801895e-02 2.678367309272289276e-02
5.517136678099632263e-02 8.158361166715621948e-02 2.483543567359447479e-02 9.457163512706756592e-03 1.040212344378232956e-03 8.397943973541259766e-01 7.564369589090347290e-02 2.066763350740075111e-03 6.031902972608804703e-03 1.910519041121006012e-02 1.630590646527707577e-03 1.197629887610673904e-02 3.583693131804466248e-02 2.569008991122245789e-02 1.334962621331214905e-02 8.338370360434055328e-03 1.076716184616088867e-02 1.707297749817371368e-02 2.683420293033123016e-02 1.053450070321559906e-02 1.262009050697088242e-02 2.688236534595489502e-02 8.068790659308433533e-03 5.335100577212870121e-04 1.916194707155227661e-02 2.173621580004692078e-02 8.752318099141120911e-03 9.837145917117595673e-03 3.537346795201301575e-02 1.694175787270069122e-02 3.146149450913071632e-03 1.063337083905935287e-02 2.306163497269153595e-02 1.276766508817672729e-02 5.040287040174007416e-03 7.647950202226638794e-03 2.047287067398428917e-03 1.208126731216907501e-02 8.188388310372829437e-03 6.180902943015098572e-03 1.715022698044776917e-02 5.579628515988588333e-03 3.816024865955114365e-03 9.267899207770824432e-03 3.054570220410823822e-02 3.888778388500213623e-02 2.770991809666156769e-02 3.716239333152770996e-02 2.429891936480998993e-02 6.277043372392654419e-03 6.222463678568601608e-03 2.287153620272874832e-03 3.937904722988605499e-03 4.121243488043546677e-03 5.566337145864963531e-03 2.489886246621608734e-03 2.735081128776073456e-03 1.893270388245582581e-02 9.686889243312180042e-04 7.149758748710155487e-03 6.318218074738979340e-03 1.360085792839527130e-02 1.673807390034198761e-03 2.234590938314795494e-03 2.252830751240253448e-02 1.155996136367321014e-02 1.077649928629398346e-02 1.156407967209815979e-02 1.009269733913242817e-03 9.500741027295589447e-03 9.762664325535297394e-03 1.358060981146991253e-03 1.273424923419952393e-02 2.400065539404749870e-03 1.280413358472287655e-03 1.624485664069652557e-02 1.809940859675407410e-02 2.740607829764485359e-03 2.922183461487293243e-02 2.202089689671993256e-02 3.428801149129867554e-02 2.728537097573280334e-02 9.946741163730621338e-03 6.775158457458019257e-03 2.080202288925647736e-02 2.432740479707717896e-02 1.468848530203104019e-02 2.944892970845103264e-03 2.467320300638675690e-03 2.281484659761190414e-03 5.875124782323837280e-02 9.132884442806243896e-03 4.821956530213356018e-02 8.088183589279651642e-03 3.126445924863219261e-03 9.817889891564846039e-03 1.476430706679821014e-02 1.134771946817636490e-02 2.060623373836278915e-03 8.544268086552619934e-03 8.185353130102157593e-03 2.003212459385395050e-03 1.406452804803848267e-02 1.072782906703650951e-03 2.002648077905178070e-03 3.327016951516270638e-03 1.761978678405284882e-02 1.028688042424619198e-03 1.762004010379314423e-02 2.651944290846586227e-03 1.095439959317445755e-02 4.581604152917861938e-03 8.480413816869258881e-03 4.049898707307875156e-04 2.234231121838092804e-02 1.995348185300827026e-02
5.073196068406105042e-02 7.835495471954345703e-02 1.602504216134548187e-02 5.531973671168088913e-03 8.259164169430732727e-03 7.564369589090347290e-02 8.397943973541259766e-01 1.256204769015312195e-02 2.497150795534253120e-03 5.376270972192287445e-03 1.774665899574756622e-02 1.114558614790439606e-02 4.049957916140556335e-02 9.354849345982074738e-03 1.948563568294048309e-02 1.609942875802516937e-02 1.080444455146789551e-02 3.318988252431154251e-03 2.855947986245155334e-02 3.339019604027271271e-03 1.381016452796757221e-03 1.918512396514415741e-02 7.987018674612045288e-03 9.209530428051948547e-03 1.348138041794300079e-02 6.946348585188388824e-03 1.918973401188850403e-02 1.110522169619798660e-02 3.522176295518875122e-03 2.448384463787078857e-02 7.026350125670433044e-03 1.617383398115634918e-02 1.594961248338222504e-02 1.215614844113588333e-02 1.878224429674446583e-03 4.230662249028682709e-03 2.715851645916700363e-03 2.325627580285072327e-02 2.110561355948448181e-03 1.606916193850338459e-03 4.844556003808975220e-02 6.111919879913330078e-03 1.326313521713018417e-02 7.995740510523319244e-03 1.805410347878932953e-02 8.066270500421524048e-03 3.333893790841102600e-02 2.302658744156360626e-02 1.417726278305053711e-02 1.453943364322185516e-02 3.044346114620566368e-03 6.756340735591948032e-04 1.309488620609045029e-02 5.625740159302949905e-03 1.235604286193847656e-02 9.280132129788398743e-03 7.445596624165773392e-03 1.107917260378599167e-02 1.885957829654216766e-02 1.564823091030120850e-02 5.193731747567653656e-03 1.106828358024358749e-02 1.323286723345518112e-02 3.585550002753734589e-03 2.023362927138805389e-02 6.233121268451213837e-03 7.337460760027170181e-03 4.828448873013257980e-03 4.797832109034061432e-03 1.743444055318832397e-02 3.745803609490394592e-03 4.536186810582876205e-03 5.343654658645391464e-03 1.964330486953258514e-02 7.888733409345149994e-03 1.208822242915630341e-02 1.215816009789705276e-02 1.009635068476200104e-02 1.171754579991102219e-02 8.589816279709339142e-04 2.314579440280795097e-03 2.696328051388263702e-02 2.292140154168009758e-03 7.594589260406792164e-04 2.670916914939880371e-02 2.635619230568408966e-02 6.674327887594699860e-03 5.502120126038789749e-03 1.959814690053462982e-02 1.099224481731653214e-02 6.936223711818456650e-03 9.455059655010700226e-03 8.412610739469528198e-03 5.626832717098295689e-04 9.800700936466455460e-04 1.162624824792146683e-02 2.193264290690422058e-02 3.800253034569323063e-05 2.335395896807312965e-03 5.158185027539730072e-03 1.245592813938856125e-02 1.049860659986734390e-02 1.126577798277139664e-02 5.562221165746450424e-03 3.204926382750272751e-03 2.827257849276065826e-03 2.817200310528278351e-02 5.776643753051757812e-03 9.163422510027885437e-03 9.604993276298046112e-03 5.888249725103378296e-03 6.618516054004430771e-03 1.095616072416305542e-02 1.239604037255048752e-02 1.634825766086578369e-02 3.099157288670539856e-02
1.154902577400207520e-02 1.272001955658197403e-02 2.443548664450645447e-02 2.582989633083343506e-02 2.090247906744480133e-02 2.066763350740075111e-03 1.256204769015312195e-02 8.397943973541259766e-01 2.682606689631938934e-03 1.801737770438194275e-02 2.613588422536849976e-02 1.670997217297554016e-02 3.126332163810729980e-02 2.124379388988018036e-02 3.244903311133384705e-02 1.907420903444290161e-02 2.157067880034446716e-02 9.637617506086826324e-03 1.069640368223190308e-02 1.952447462826967239e-03 1.397357974201440811e-02 1.202091854065656662e-02 2.017786353826522827e-02 2.557259425520896912e-02 1.586313918232917786e-02 2.156586386263370514e-02 1.545944367535412312e-03 1.138546224683523178e-02 2.156670391559600830e-02 1.989236287772655487e-02 2.648930996656417847e-02 1.638367027044296265e-02 1.766586303710937500e-02 5.085425800643861294e-04 1.895484328269958496e-02 2.023003250360488892e-02 3.109484538435935974e-02 2.321938425302505493e-02 2.760084718465805054e-02 2.582365088164806366e-02 1.831720396876335144e-02 2.448857761919498444e-02 2.999156713485717773e-02 1.068786624819040298e-02 2.001080662012100220e-02 2.058397047221660614e-02 2.322801947593688965e-02 1.891462132334709167e-02 3.396415384486317635e-03 1.466403901576995850e-02 2.962538413703441620e-02 2.691734954714775085e-02 7.783033419400453568e-03 1.318302936851978302e-02 1.268071122467517853e-03 1.837691292166709900e-02 1.491371728479862213e-02 2.439741790294647217e-02 2.686771377921104431e-02 1.401310507208108902e-02 4.184271208941936493e-03 2.016837149858474731e-02 3.875679569318890572e-03 1.605829223990440369e-02 2.161687426269054413e-02 2.984480373561382294e-02 1.446958817541599274e-02 1.259907428175210953e-02 1.120212115347385406e-02 2.368918620049953461e-03 2.312630042433738708e-02 3.411898156628012657e-03 2.059589512646198273e-02 7.332276552915573120e-03 3.071196191012859344e-02 1.068474631756544113e-02 1.077582035213708878e-02 3.220137581229209900e-02 2.174321003258228302e-02 2.135280333459377289e-02 3.301409259438514709e-02 1.835770532488822937e-02 1.053895568475127220e-03 1.549841184169054031e-02 1.856425032019615173e-02 1.212122011929750443e-02 3.241709992289543152e-02 2.674208395183086395e-02 1.707814820110797882e-02 2.682578377425670624e-02 2.375633269548416138e-02 1.946322992444038391e-02 2.108987234532833099e-02 2.291704528033733368e-02 1.736843772232532501e-02 2.989101596176624298e-02 7.174228318035602570e-03 5.282958969473838806e-03 1.851580850780010223e-02 1.696519367396831512e-02 3.029375895857810974e-02 1.896471902728080750e-02 9.712197817862033844e-03 1.757574267685413361e-02 2.624721452593803406e-02 2.256596833467483521e-02 1.246187090873718262e-02 8.241465315222740173e-03 2.412059158086776733e-02 1.492589991539716721e-02 2.242582477629184723e-02 3.586159553378820419e-03 2.812735177576541901e-02 2.522483281791210175e-02 1.076060347259044647e-02 1.966462656855583191e-02
1.598990987986326218e-03 5.235389340668916702e-03 1.367278583347797394e-02 2.905853325501084328e-04 2.425664290785789490e-02 6.031902972608804703e-03 2.497150795534253120e-03 2.682606689631938934e-03 8.397943973541259766e-01 3.730734437704086304e-02 6.066879257559776306e-03 6.571236066520214081e-03 5.781470332294702530e-03 1.683115842752158642e-03 1.283201295882463455e-02 1.984242349863052368e-02 1.623286120593547821e-02 4.330569133162498474e-02 3.317067772150039673e-02 2.092397026717662811e-02 1.684371009469032288e-02 3.237181156873703003e-02 2.022028900682926178e-02 2.395254373550415039e-02 1.780824922025203705e-02 1.444634702056646347e-02 1.683251745998859406e-02 1.370005193166434765e-03 6.420395802706480026e-03 4.327363800257444382e-03 2.949471585452556610e-03 2.355370111763477325e-02 1.813542097806930542e-02 2.434384450316429138e-02 6.013357080519199371e-03 1.905781566165387630e-03 5.431229248642921448e-03 2.295027859508991241e-02 1.206165296025574207e-03 1.785127259790897369e-02 1.157065480947494507e-02 1.031072717159986496e-02 1.618850743398070335e-03 1.753823086619377136e-02 9.088906459510326385e-03 1.195578090846538544e-02 5.710477475076913834e-03 1.386244222521781921e-02 2.628319151699542999e-02 2.916632033884525299e-02 1.212869305163621902e-02 3.871534718200564384e-03 2.289428934454917908e-02 3.197264298796653748e-02 3.212605789303779602e-02 1.883374899625778198e-02 7.868724875152111053e-03 1.735936850309371948e-02 1.564115099608898163e-02 1.509987283498048782e-02 3.592834249138832092e-02 2.647145837545394897e-02 1.899114623665809631e-02 1.603749580681324005e-02 1.932642608880996704e-02 1.210295595228672028e-02 1.134293153882026672e-02 1.856203749775886536e-02 2.670851722359657288e-02 3.761122003197669983e-02 1.454273238778114319e-02 4.424910247325897217e-02 1.108370255678892136e-02 3.516467288136482239e-02 7.100767455995082855e-03 4.536819085478782654e-02 3.221757709980010986e-02 2.255182899534702301e-02 3.735947608947753906e-02 1.880951598286628723e-02 2.342946082353591919e-02 6.896992214024066925e-03 3.768730908632278442e-02 3.981207683682441711e-02 3.138635307550430298e-02 3.500167280435562134e-02 9.453926235437393188e-03 6.239904556423425674e-03 8.806389756500720978e-03 1.263925060629844666e-02 7.572548463940620422e-03 2.001647464931011200e-02 7.102334871888160706e-03 2.312862873077392578e-02 1.375018805265426636e-02 4.766671918332576752e-03 1.666336320340633392e-02 4.182855784893035889e-02 2.826225012540817261e-02 1.943738013505935669e-02 3.219850768800824881e-04 5.370827391743659973e-03 2.400806359946727753e-02 2.856458723545074463e-02 1.968215964734554291e-02 2.301459014415740967e-02 5.396207794547080994e-03 3.276222571730613708e-02 1.185515429824590683e-02 1.158286537975072861e-02 9.303772822022438049e-03 6.284581962972879410e-03 5.603731609880924225e-03 1.751571078784763813e-03 1.381162146572023630e-04 1.447278726845979691e-02
1.943164505064487457e-02 1.458136085420846939e-02 5.979317706078290939e-03 4.048038274049758911e-03 3.193347528576850891e-02 1.910519041121006012e-02 5.376270972192287445e-03 1.801737770438194275e-02 3.730734437704086304e-02 8.397943973541259766e-01 7.522135507315397263e-03 3.357293026056140661e-04 5.270325927995145321e-04 1.698349602520465851e-02 9.063309989869594574e-03 1.700401492416858673e-02 2.437552064657211304e-02 2.731138095259666443e-02 5.299880728125572205e-02 2.302366681396961212e-02 1.510846987366676331e-02 1.370140071958303452e-02 1.218028552830219269e-02 2.175320684909820557e-02 2.308763749897480011e-02 2.131677605211734772e-02 2.981492085382342339e-03 6.715067196637392044e-03 2.113568969070911407e-02 8.674725540913641453e-04 3.419342217966914177e-03 2.951786480844020844e-02 1.917742751538753510e-02 2.603639662265777588e-02 1.763913314789533615e-03 4.420022945851087570e-03 1.571567915380001068e-02 9.152514860033988953e-03 1.233415212482213974e-02 2.793648466467857361e-02 1.426918990910053253e-02 2.585144340991973877e-02 2.577519603073596954e-02 4.159868985880166292e-04 1.099799992516636848e-03 2.267227694392204285e-02 3.210888942703604698e-03 7.082703988999128342e-03 2.117522805929183960e-02 4.739923775196075439e-02 2.123455703258514404e-02 2.283897250890731812e-02 1.364535465836524963e-02 8.578493259847164154e-03 2.542376145720481873e-02 4.009554162621498108e-02 1.215259893797338009e-03 2.009093202650547028e-02 8.216096903197467327e-04 1.756223104894161224e-02 1.867866516113281250e-02 3.772715479135513306e-02 4.025194793939590454e-02 1.551904808729887009e-02 1.132067572325468063e-02 1.199044752866029739e-02 1.740162819623947144e-02 1.826412416994571686e-02 2.149941166862845421e-03 3.058643825352191925e-02 1.612473465502262115e-02 8.549725636839866638e-03 1.107400283217430115e-02 2.465190552175045013e-02 6.201496813446283340e-03 6.476373528130352497e-04 7.194667123258113861e-03 3.616665676236152649e-02 4.045114293694496155e-02 5.757071822881698608e-02 1.369916088879108429e-02 2.033179812133312225e-02 1.700963824987411499e-02 5.272033810615539551e-02 3.096811287105083466e-02 3.013208881020545959e-02 1.170794758945703506e-02 1.046504266560077667e-02 2.230044454336166382e-03 3.361760824918746948e-02 1.268559787422418594e-02 1.757211238145828247e-02 8.119270205497741699e-03 1.196113601326942444e-02 3.056130837649106979e-03 8.819692768156528473e-03 4.477818682789802551e-02 1.942657679319381714e-02 2.357059344649314880e-02 2.498575113713741302e-02 1.965720579028129578e-02 2.411878295242786407e-02 1.858428679406642914e-02 1.174712274223566055e-02 8.140124380588531494e-03 2.227556658908724785e-03 5.807302892208099365e-03 1.959521509706974030e-02 1.067716348916292191e-02 2.348254807293415070e-02 8.615498431026935577e-03 1.957689970731735229e-02 1.649744808673858643e-02 2.047567442059516907e-02 2.580595435574650764e-03 8.365713059902191162e-03
7.145921140909194946e-02 1.982061751186847687e-02 4.652945697307586670e-02 2.920187264680862427e-02 1.973179914057254791e-02 1.630590646527707577e-03 1.774665899574756622e-02 2.613588422536849976e-02 6.066879257559776306e-03 7.522135507315397263e-03 8.397943973541259766e-01 2.220313763245940208e-03 4.999066516757011414e-02 3.638310299720615149e-04 1.967977359890937805e-02 1.274829730391502380e-02 1.432059053331613541e-02 3.563497681170701981e-03 3.934995736926794052e-03 1.346448995172977448e-02 5.198136437684297562e-03 1.132733281701803207e-02 2.363682538270950317e-02 1.581591926515102386e-02 1.821767352521419525e-02 1.016029436141252518e-02 1.375879719853401184e-02 7.278562989085912704e-03 1.699703373014926910e-02 1.530987489968538284e-02 1.558213215321302414e-02 1.258364506065845490e-02 3.552399948239326477e-02 1.163269206881523132e-02 7.876405492424964905e-03 1.328735891729593277e-02 7.071151863783597946e-03 2.497256034985184669e-03 2.119293436408042908e-02 1.697262376546859741e-02 3.122856374830007553e-03 1.595012284815311432e-02 1.972538046538829803e-02 6.452030967921018600e-03 1.343022566288709641e-02 2.127698250114917755e-02 6.206050515174865723e-02 4.102168604731559753e-02 4.089915193617343903e-03 1.377546868752688169e-04 1.451566442847251892e-02 1.023015286773443222e-02 1.348204538226127625e-02 1.669287681579589844e-02 9.798569604754447937e-03 7.586073479615151882e-04 1.262863632291555405e-02 5.408369004726409912e-03 1.684522442519664764e-02 1.328506879508495331e-02 1.266221143305301666e-02 1.152701955288648605e-02 2.759580500423908234e-02 1.509974244982004166e-02 2.107897400856018066e-02 1.492245122790336609e-02 1.577766984701156616e-02 1.638903841376304626e-02 1.669006980955600739e-02 7.047054823487997055e-03 1.110441796481609344e-02 8.405788801610469818e-03 2.233428880572319031e-02 5.909087136387825012e-03 1.024673040956258774e-02 1.539932331070303917e-03 1.219597738236188889e-02 1.264885440468788147e-02 6.431703804992139339e-04 4.492016043514013290e-03 9.269190952181816101e-03 2.256231941282749176e-02 2.406330604571849108e-04 4.458673298358917236e-03 1.134813297539949417e-02 2.375467680394649506e-03 2.613762021064758301e-02 1.025064010173082352e-02 5.433497717604041100e-04 4.931296687573194504e-03 4.325498268008232117e-02 2.931503579020500183e-02 1.187746226787567139e-02 1.659772731363773346e-02 5.985313095152378082e-03 1.261171512305736542e-02 1.182815711945295334e-02 7.023347541689872742e-03 1.426269765943288803e-02 1.470038574188947678e-02 1.561034005135297775e-02 4.575760569423437119e-03 7.821302278898656368e-04 2.346165711060166359e-03 1.317036058753728867e-02 1.376766152679920197e-02 2.662659250199794769e-02 8.080146275460720062e-03 2.087232470512390137e-02 7.212368305772542953e-03 5.641640163958072662e-03 4.759381525218486786e-03 2.406936511397361755e-02 2.218127250671386719e-02 9.794151410460472107e-04 4.146222025156021118e-03
1.519958255812525749e-03 6.718686781823635101e-04 1.545484410598874092e-03 4.079174622893333435e-02 3.884806297719478607e-03 1.197629887610673904e-02 1.114558614790439606e-02 1.670997217297554016e-02 6.571236066520214081e-03 3.357293026056140661e-04 2.220313763245940208e-03 8.397943973541259766e-01 4.452783614397048950e-03 6.085791811347007751e-02 1.844248175621032715e-02 1.538242585957050323e-02 1.205524150282144547e-02 2.657146565616130829e-02 1.936927065253257751e-02 1.056742109358310699e-02 1.323316246271133423e-02 3.968989010900259018e-03 3.915839269757270813e-02 3.137064725160598755e-02 1.826381310820579529e-02 3.090685792267322540e-02 6.608169060200452805e-03 4.929261654615402222e-02 1.755560748279094696e-03 5.077004060149192810e-02 2.916008699685335159e-03 4.735822323709726334e-03 8.089023176580667496e-04 9.113940759561955929e-04 3.869319707155227661e-02 2.809576131403446198e-02 3.880622982978820801e-02 2.223483845591545105e-02 1.063222065567970276e-02 1.172210671938955784e-03 2.576254494488239288e-02 5.762309301644563675e-03 7.669326849281787872e-03 1.701634004712104797e-02 2.095227502286434174e-02 1.496841944754123688e-02 1.702678855508565903e-04 1.070671156048774719e-02 1.544729247689247131e-02 6.420562509447336197e-03 2.099492959678173065e-02 1.878570765256881714e-02 2.372764609754085541e-02 1.279120333492755890e-02 1.465149980504065752e-04 3.658552421256899834e-03 2.946361154317855835e-02 3.251114860177040100e-02 1.724334247410297394e-02 2.036813460290431976e-02 1.011001970618963242e-02 1.286836108192801476e-03 3.028647741302847862e-03 2.724631130695343018e-02 1.411813963204622269e-02 9.241861291229724884e-03 4.913510754704475403e-03 6.093587726354598999e-03 1.960375159978866577e-02 2.569229342043399811e-02 3.170324116945266724e-02 2.144860476255416870e-02 3.217933326959609985e-02 2.632987126708030701e-02 2.056996151804924011e-02 2.548006922006607056e-02 3.203460574150085449e-02 3.114605695009231567e-02 8.455267176032066345e-03 1.012725848704576492e-02 3.578176489099860191e-03 1.204155664891004562e-02 4.273450002074241638e-03 4.340039100497961044e-03 9.992172010242938995e-03 1.041489001363515854e-02 2.095894701778888702e-02 1.809670031070709229e-02 2.398409135639667511e-02 2.493196167051792145e-02 4.189814440906047821e-03 1.570570655167102814e-02 3.249883418902754784e-03 1.740732602775096893e-02 1.500883977860212326e-02 9.289327077567577362e-03 1.156679634004831314e-02 1.398242171853780746e-02 1.200321502983570099e-02 1.376523450016975403e-02 5.709281656891107559e-03 5.240167491137981415e-03 1.323676668107509613e-02 2.816729061305522919e-02 1.820781268179416656e-02 1.521697081625461578e-02 4.506114637479186058e-04 2.233211509883403778e-02 4.928847774863243103e-03 2.510190196335315704e-02 4.742459952831268311e-02 2.854933775961399078e-02 2.022762782871723175e-02 8.882569149136543274e-03 5.818172823637723923e-03 1.084710005670785904e-03
5.800823867321014404e-02 5.908577889204025269e-02 2.152793481945991516e-02 1.413524430245161057e-02 1.282836403697729111e-02 3.583693131804466248e-02 4.049957916140556335e-02 3.126332163810729980e-02 5.781470332294702530e-03 5.270325927995145321e-04 4.999066516757011414e-02 4.452783614397048950e-03 8.397943973541259766e-01 4.188582766801118851e-03 2.692266739904880524e-02 1.993760839104652405e-02 1.942169852554798126e-02 8.704521693289279938e-03 1.152057759463787079e-02 1.217310037463903427e-02 1.152262743562459946e-02 2.489675022661685944e-02 1.914621703326702118e-02 1.871360279619693756e-02 2.606773748993873596e-02 2.200002968311309814e-02 7.257179357111454010e-03 1.033358648419380188e-02 8.917090483009815216e-03 5.034808069467544556e-03 3.588036075234413147e-02 1.767800003290176392e-02 4.926378652453422546e-02 7.483656052500009537e-03 1.207388285547494888e-02 4.694915842264890671e-03 6.929369643330574036e-03 2.596390841063112020e-04 1.606103032827377319e-02 1.234014332294464111e-02 1.167112216353416443e-02 1.961219310760498047e-02 2.706884033977985382e-02 5.670064594596624374e-03 6.279475986957550049e-03 4.535582382231950760e-03 6.550218909978866577e-02 2.093161270022392273e-02 6.427822518162429333e-05 1.190331298857927322e-02 6.559796165674924850e-03 2.149018226191401482e-03 3.115592291578650475e-03 4.847645759582519531e-03 5.724953371100127697e-04 1.086467504501342773e-02 1.870012655854225159e-02 1.422951836138963699e-02 2.215448766946792603e-02 6.681465893052518368e-04 1.769388467073440552e-02 5.594501737505197525e-03 2.573604509234428406e-02 8.950192481279373169e-03 5.938976071774959564e-03 3.741539269685745239e-02 2.030006982386112213e-02 1.145856175571680069e-02 1.490065921097993851e-02 3.095842711627483368e-02 1.574612408876419067e-02 1.695973426103591919e-02 1.574867591261863708e-02 1.800725609064102173e-02 1.679917797446250916e-02 5.305123981088399887e-03 1.414963323622941971e-02 1.322873122990131378e-02 2.157728187739849091e-03 3.334056353196501732e-03 1.098536048084497452e-02 1.490117423236370087e-02 5.222642328590154648e-03 3.287857864052057266e-03 2.727730572223663330e-02 2.291534096002578735e-02 8.919490501284599304e-03 9.640629403293132782e-03 6.847715005278587341e-03 7.804487831890583038e-04 1.335093192756175995e-02 1.404009386897087097e-02 2.210150239989161491e-03 2.237237989902496338e-02 1.634297333657741547e-02 3.399276407435536385e-03 1.409644633531570435e-02 1.314590871334075928e-02 7.437936961650848389e-03 1.547885406762361526e-02 5.865624640136957169e-03 4.903238732367753983e-03 2.938390010967850685e-03 1.465701847337186337e-03 1.783772744238376617e-02 1.671358197927474976e-02 8.085160516202449799e-03 1.817675493657588959e-02 1.937198080122470856e-02 6.522964220494031906e-03 7.400340866297483444e-03 9.857621043920516968e-03 2.255176194012165070e-02 1.847568340599536896e-02 1.125460257753729820e-03 9.731939062476158142e-03
