8.294759988784790039e-01 6.684944778680801392e-02 5.981937982141971588e-03 9.684123797342181206e-04 1.101438235491514206e-02 5.463078990578651428e-02 4.129502177238464355e-02 7.480405271053314209e-03 1.698678545653820038e-02 6.106445100158452988e-03 4.390871897339820862e-02 3.171843662858009338e-02 3.877140581607818604e-02 9.978099726140499115e-03 1.190880592912435532e-02 4.667493328452110291e-02 1.485368423163890839e-02 1.563959405757486820e-03 2.444349043071269989e-02 3.349656471982598305e-03 9.947372600436210632e-03 5.940013099461793900e-03 1.808625645935535431e-03 1.640493050217628479e-02 2.133152680471539497e-03 1.063677575439214706e-02 1.238471362739801407e-02 1.603435911238193512e-02 1.497663185000419617e-02 1.197078730911016464e-02 1.007784809917211533e-02 4.432464949786663055e-03 1.668532378971576691e-03 3.910944331437349319e-03 8.320143446326255798e-03 9.387459605932235718e-03 4.065854474902153015e-03 2.066497132182121277e-02 1.615015603601932526e-02 1.128443982452154160e-02 1.470584236085414886e-02 1.843911595642566681e-02 2.253954671323299408e-02 2.150377631187438965e-02 1.529232505708932877e-02 7.859633304178714752e-03 5.560041964054107666e-02 3.255999088287353516e-02 6.476684007793664932e-03 6.082247637095861137e-05 1.012265565805137157e-03 1.652420312166213989e-02 3.229599818587303162e-02 8.064636029303073883e-03 5.106973927468061447e-03 4.135074093937873840e-03 7.006977102719247341e-04 2.889330126345157623e-02 1.957872696220874786e-02 1.240904442965984344e-02 2.731058979406952858e-03 1.540418306831270456e-04 1.250622235238552094e-02 2.094115875661373138e-02 1.371830888092517853e-02 7.398345973342657089e-03 2.903669374063611031e-03 3.001075936481356621e-03 1.423660200089216232e-02 1.964947581291198730e-02 4.177313530817627907e-04 2.947376482188701630e-02 4.165444523096084595e-02 2.891112305223941803e-02 1.430314220488071442e-02 1.032217592000961304e-02 1.784289069473743439e-02 2.443807385861873627e-02 2.125856233760714531e-03 1.973705925047397614e-02 2.519124746322631836e-02 5.378975067287683487e-03 1.058935560286045074e-02 2.028456144034862518e-02 2.196829207241535187e-02 1.700478047132492065e-02 8.382120169699192047e-03 6.615111138671636581e-03 2.368534356355667114e-02 7.529325783252716064e-03 2.106853947043418884e-02 1.045020762830972672e-02 2.547464892268180847e-02 1.509164273738861084e-02 1.408600062131881714e-02 2.422135509550571442e-02 3.909128159284591675e-02 3.798410296440124512e-02 2.995253540575504303e-03 2.585693728178739548e-03 2.145735733211040497e-02 1.856607943773269653e-02 2.577811107039451599e-02 3.886222839355468750e-02 2.207288518548011780e-02 3.537408076226711273e-03 1.174246519804000854e-02 2.605431340634822845e-02 2.400863543152809143e-02 4.042276740074157715e-02 1.198271173052489758e-03 1.939294859766960144e-02 1.181760989129543304e-02 2.139485813677310944e-02 1.636896841228008270e-02 4.335480928421020508e-02
6.684944778680801392e-02 8.294759988784790039e-01 9.057502262294292450e-03 1.347453705966472626e-02 2.078777365386486053e-02 5.760103091597557068e-02 5.480762571096420288e-02 1.449588034301996231e-02 2.511020377278327942e-02 1.364592608297243714e-04 4.761171340942382812e-02 2.294458262622356415e-02 4.690561816096305847e-02 2.282106084749102592e-03 2.160368300974369049e-02 4.399068281054496765e-02 2.140577137470245361e-02 3.509697504341602325e-03 1.751863397657871246e-02 1.519356481730937958e-02 6.981072947382926941e-03 1.228988054208457470e-03 4.472052212804555893e-03 1.776588335633277893e-02 6.655536126345396042e-03 1.496755704283714294e-02 7.602947764098644257e-03 1.405387837439775467e-02 2.005313523113727570e-02 5.097111221402883530e-03 1.709130778908729553e-02 1.317868474870920181e-02 6.015340797603130341e-03 1.130332238972187042e-02 6.726260180585086346e-04 1.493526529520750046e-02 1.305886823683977127e-02 1.402505207806825638e-02 5.813539959490299225e-03 3.988546319305896759e-03 3.437106730416417122e-03 1.275809388607740402e-02 1.386810280382633209e-02 1.881002448499202728e-02 1.142710726708173752e-02 6.329216528683900833e-03 5.133298784494400024e-02 4.639325290918350220e-02 1.398529764264822006e-02 5.025516264140605927e-03 1.844310574233531952e-02 3.353706747293472290e-02 3.425596281886100769e-02 7.570432033389806747e-03 1.755061745643615723e-02 3.835546085610985756e-03 6.093481555581092834e-03 3.192102909088134766e-02 9.936613962054252625e-03 1.556840166449546814e-02 1.398892886936664581e-02 4.184644669294357300e-03 5.210991948843002319e-03 1.548443641513586044e-02 1.676646061241626740e-02 2.156582195311784744e-03 1.367821474559605122e-03 6.692400202155113220e-03 2.702664025127887726e-02 1.390566863119602203e-02 5.106709897518157959e-03 2.764868550002574921e-02 2.757090330123901367e-02 2.122127078473567963e-02 3.658482572063803673e-03 1.154964556917548180e-03 1.989147067070007324e-02 2.811834402382373810e-02 8.237554691731929779e-03 1.938579417765140533e-02 1.528703048825263977e-02 7.866694795666262507e-05 1.293644029647111893e-02 1.961891725659370422e-02 1.817068830132484436e-02 1.158694457262754440e-02 5.117557593621313572e-04 8.864448405802249908e-03 1.666654087603092194e-02 1.314724236726760864e-02 2.020201086997985840e-02 9.868670022115111351e-04 2.685096487402915955e-02 1.245324406772851944e-02 1.399148162454366684e-02 2.244920283555984497e-02 3.224898129701614380e-02 2.520438469946384430e-02 8.212354150600731373e-04 3.838245058432221413e-03 1.719706878066062927e-02 1.356340479105710983e-02 2.217704989016056061e-02 3.074381314218044281e-02 2.177580818533897400e-02 3.334475448355078697e-03 2.439147792756557465e-02 1.925024576485157013e-02 2.203807979822158813e-02 3.780733048915863037e-02 4.311366472393274307e-03 9.903922677040100098e-03 1.610779203474521637e-02 2.170033939182758331e-02 2.317074686288833618e-02 4.343248531222343445e-02
5.981937982141971588e-03 9.057502262294292450e-03 8.294759988784790039e-01 1.528265699744224548e-02 4.196426365524530411e-03 4.795758053660392761e-03 5.652929644384130370e-07 3.323887661099433899e-02 2.229391224682331085e-02 1.496098749339580536e-02 4.354033153504133224e-03 1.399778644554316998e-03 1.033186819404363632e-02 2.289449982345104218e-02 9.007441811263561249e-03 1.369985565543174744e-02 2.635710313916206360e-02 1.312372833490371704e-02 3.402621299028396606e-02 2.580925123766064644e-03 1.951586455106735229e-02 1.350586954504251480e-02 4.567109979689121246e-03 2.025666646659374237e-02 1.553181838244199753e-02 2.300273859873414040e-03 5.321964621543884277e-03 2.858792617917060852e-02 2.173476107418537140e-02 3.569826856255531311e-02 1.227939315140247345e-02 1.251296978443861008e-02 1.829583756625652313e-02 2.075103810057044029e-03 2.099439129233360291e-02 7.509432267397642136e-03 8.935517631471157074e-03 1.019032765179872513e-02 1.772966794669628143e-02 3.716794773936271667e-02 4.671139176934957504e-04 1.290828827768564224e-02 8.790503256022930145e-03 9.681577794253826141e-03 3.042658045887947083e-02 5.176685005426406860e-02 2.439838601276278496e-03 1.055917423218488693e-02 1.617435715161263943e-03 9.831609204411506653e-03 2.405314939096570015e-03 2.175841294229030609e-02 3.530166577547788620e-03 2.265733852982521057e-02 1.189395203255116940e-03 1.087468490004539490e-02 1.411087159067392349e-02 8.060887455940246582e-03 6.018965039402246475e-03 8.796446956694126129e-03 5.925842095166444778e-03 5.388315301388502121e-03 3.742795065045356750e-02 1.958783343434333801e-02 3.381694853305816650e-02 2.360957115888595581e-02 3.668917575851082802e-03 1.244805101305246353e-02 2.454284578561782837e-03 1.257978379726409912e-02 7.754622492939233780e-03 1.914158929139375687e-03 9.559230878949165344e-03 2.729830797761678696e-03 2.523121610283851624e-02 6.244660355150699615e-03 2.271462231874465942e-02 2.239240147173404694e-02 7.225054781883955002e-03 1.182503718882799149e-02 3.116716258227825165e-02 6.130357831716537476e-02 1.542417681775987148e-03 2.216760255396366119e-02 1.494961418211460114e-02 9.733116254210472107e-03 5.492477677762508392e-03 3.335511079058051109e-03 4.834992066025733948e-02 4.467152059078216553e-03 2.121595665812492371e-02 2.185464277863502502e-02 2.912212908267974854e-02 7.224838249385356903e-03 1.711232028901576996e-02 2.051511593163013458e-02 1.952431537210941315e-02 2.414403483271598816e-02 1.377340056933462620e-03 4.579799249768257141e-02 3.623420139774680138e-03 2.813100814819335938e-03 1.629076432436704636e-03 2.713553793728351593e-02 8.602937683463096619e-03 2.634835243225097656e-02 2.027602307498455048e-02 6.360042374581098557e-03 3.014537505805492401e-03 2.905613742768764496e-02 2.552111633121967316e-02 2.223067544400691986e-02 1.977317297132685781e-04 1.730484887957572937e-02 2.048185095191001892e-03 7.207813323475420475e-04
9.684123797342181206e-04 1.347453705966472626e-02 1.528265699744224548e-02 8.294759988784790039e-01 5.553515255451202393e-02 3.179288469254970551e-03 2.694966830313205719e-02 2.215600572526454926e-02 2.561957016587257385e-02 3.484240919351577759e-02 2.102065458893775940e-02 2.233865298330783844e-02 1.080244500190019608e-02 2.651760296430438757e-04 1.328025758266448975e-02 1.585382618941366673e-03 1.448115450330078602e-03 4.646969027817249298e-03 6.640659179538488388e-03 1.692593656480312347e-02 2.122086472809314728e-02 1.666480675339698792e-02 1.194323692470788956e-02 2.090652287006378174e-02 1.296187471598386765e-02 9.338119998574256897e-03 8.940107189118862152e-03 4.191151633858680725e-02 1.724154129624366760e-02 1.765028946101665497e-02 1.122733578085899353e-02 3.232002630829811096e-02 5.423659458756446838e-03 9.437683038413524628e-03 1.996538974344730377e-02 1.385650970041751862e-02 3.301344579085707664e-03 1.654797419905662537e-02 2.890312299132347107e-02 4.145608842372894287e-02 3.438268229365348816e-02 7.964926771819591522e-03 1.372976321727037430e-02 1.351383887231349945e-02 3.449434041976928711e-02 1.664470764808356762e-03 1.751712895929813385e-02 3.551452187821269035e-03 2.231664024293422699e-02 2.340603992342948914e-02 6.636776961386203766e-03 1.796517893671989441e-02 1.233372744172811508e-02 4.402168560773134232e-03 3.680844604969024658e-02 3.350355103611946106e-02 4.605689551681280136e-03 2.149492129683494568e-02 7.774710189551115036e-03 2.643310464918613434e-02 9.322767145931720734e-03 7.964634336531162262e-03 2.153894491493701935e-02 2.619392052292823792e-02 2.443932183086872101e-02 8.883497677743434906e-03 1.351332850754261017e-02 4.392230883240699768e-03 3.095921128988265991e-02 2.619059383869171143e-02 2.927399007603526115e-03 2.688726177439093590e-03 4.592562839388847351e-02 2.736530639231204987e-02 3.703626245260238647e-02 6.541384384036064148e-03 6.072273012250661850e-03 6.867963355034589767e-03 7.767545059323310852e-03 1.488885283470153809e-02 4.522637464106082916e-03 6.303824018687009811e-03 3.932723775506019592e-02 2.124264463782310486e-02 2.854805253446102142e-02 2.259838953614234924e-02 3.052487503737211227e-03 1.803980558179318905e-03 2.342733740806579590e-02 2.159913443028926849e-02 1.239435561001300812e-02 9.168879128992557526e-03 1.312326453626155853e-02 1.681428588926792145e-02 2.252993360161781311e-02 1.724186353385448456e-02 1.754866354167461395e-02 2.618319354951381683e-03 6.263959221541881561e-03 2.202853560447692871e-03 7.651763502508401871e-03 1.978307031095027924e-02 1.620567776262760162e-02 2.560189459472894669e-03 2.028319751843810081e-03 2.193097583949565887e-02 2.489603124558925629e-03 5.904756952077150345e-03 1.760082319378852844e-02 6.323975976556539536e-03 3.020493686199188232e-02 1.035382226109504700e-02 3.700709901750087738e-03 5.492459051311016083e-03 6.940360181033611298e-03 9.149049408733844757e-03
1.101438235491514206e-02 2.078777365386486053e-02 4.196426365524530411e-03 5.553515255451202393e-02 8.294759988784790039e-01 1.381749007850885391e-02 4.090289399027824402e-02 6.514695473015308380e-03 3.065904788672924042e-02 4.471896681934595108e-03 4.319328349083662033e-03 7.301175966858863831e-03 1.120509766042232513e-02 7.219539838843047619e-05 9.931863285601139069e-03 1.507656462490558624e-02 1.245519984513521194e-02 1.216124929487705231e-02 2.258071862161159515e-02 2.687859162688255310e-02 3.518343670293688774e-03 9.728961624205112457e-03 2.421768382191658020e-02 1.093099173158407211e-02 2.210788195952773094e-03 1.770146749913692474e-02 1.051641628146171570e-02 2.553255856037139893e-02 1.662851683795452118e-02 2.283974923193454742e-02 2.502402476966381073e-02 2.230012975633144379e-02 7.644906640052795410e-03 8.430054411292076111e-03 1.526785828173160553e-02 2.820776775479316711e-02 3.982753492891788483e-03 9.599922923371195793e-04 8.688580244779586792e-03 3.670724108815193176e-02 3.407285362482070923e-02 9.407279081642627716e-03 4.218171350657939911e-03 1.891093142330646515e-02 2.837439533323049545e-04 2.639144286513328552e-02 2.244316227734088898e-02 2.947579137980937958e-02 1.859571225941181183e-02 9.922929108142852783e-03 1.733975112438201904e-02 3.876573173329234123e-03 1.812190189957618713e-02 8.456108160316944122e-03 2.518553100526332855e-02 1.872125826776027679e-02 2.051713317632675171e-02 2.566507831215858459e-02 1.780579239130020142e-02 1.471154298633337021e-02 1.975857466459274292e-02 2.175749046728014946e-03 1.425446476787328720e-02 1.974293217062950134e-02 5.484276451170444489e-03 1.234852988272905350e-02 1.952845044434070587e-02 9.664769284427165985e-03 2.905820310115814209e-02 9.821924380958080292e-03 2.672755625098943710e-03 1.485785818658769131e-03 2.153557352721691132e-02 2.025803178548812866e-02 4.496660083532333374e-02 1.104860939085483551e-02 2.412409149110317230e-02 1.744882087223231792e-03 2.427052333950996399e-02 1.048589963465929031e-02 6.558959838002920151e-03 1.587614603340625763e-02 2.481015585362911224e-02 4.891508817672729492e-02 4.541152715682983398e-02 3.663792461156845093e-02 6.301952991634607315e-03 4.733000881969928741e-03 1.094350870698690414e-02 1.628499664366245270e-02 1.166126225143671036e-02 1.303379703313112259e-02 1.056543737649917603e-02 3.963021095842123032e-03 1.642498932778835297e-02 1.330206450074911118e-02 8.471288718283176422e-03 1.140346098691225052e-02 1.114922575652599335e-03 2.870813012123107910e-03 2.750430954620242119e-03 1.814614515751600266e-03 1.152885798364877701e-02 7.067859172821044922e-03 2.631749957799911499e-02 4.652286879718303680e-03 1.370414998382329941e-02 2.464801946189254522e-04 7.486450020223855972e-03 1.898042683023959398e-05 1.793111674487590790e-03 8.184892125427722931e-03 1.861129328608512878e-02 1.521837804466485977e-02 1.411293400451540947e-03 8.947487804107367992e-04
5.463078990578651428e-02 5.760103091597557068e-02 4.795758053660392761e-03 3.179288469254970551e-03 1.381749007850885391e-02 8.294759988784790039e-01 5.187980458140373230e-02 1.914384029805660248e-02 1.917510107159614563e-02 1.902710646390914917e-03 4.732970520853996277e-02 2.738685347139835358e-02 4.346379637718200684e-02 1.152123883366584778e-02 1.930447667837142944e-02 3.370251506567001343e-02 2.597264386713504791e-02 1.084611006081104279e-02 1.075950823724269867e-02 6.140805780887603760e-03 1.173309143632650375e-02 4.451201763004064560e-03 8.900165557861328125e-03 2.978876698762178421e-03 6.078176666051149368e-03 1.266276184469461441e-02 1.148066599853336811e-03 2.570599131286144257e-02 1.360532827675342560e-02 1.985190622508525848e-02 6.389942020177841187e-03 1.231773849576711655e-02 1.591419056057929993e-02 6.458960939198732376e-03 5.996103573124855757e-05 1.776853948831558228e-02 1.394740864634513855e-02 1.155033707618713379e-02 1.757309772074222565e-02 4.797105677425861359e-03 2.502879593521356583e-03 3.012277884408831596e-03 7.254568859934806824e-03 1.342185493558645248e-02 1.593820564448833466e-02 1.100732386112213135e-02 4.718581214547157288e-02 4.155157506465911865e-02 2.147526480257511139e-02 1.571648195385932922e-02 3.948266152292490005e-03 1.861742697656154633e-02 4.660550504922866821e-02 1.904800161719322205e-02 1.295244507491588593e-02 7.168926298618316650e-03 1.150588784366846085e-02 3.273192420601844788e-02 1.720711775124073029e-02 2.108227228745818138e-03 1.006438955664634705e-02 8.398003876209259033e-03 5.337918642908334732e-03 1.524856872856616974e-02 2.248031087219715118e-02 9.148703888058662415e-03 3.540265373885631561e-03 1.791842863894999027e-03 1.426498033106327057e-02 2.292348630726337433e-02 1.200000289827585220e-02 3.528375923633575439e-02 3.058197349309921265e-02 3.091561794281005859e-02 6.210073828697204590e-03 1.439021434634923935e-02 1.375981699675321579e-02 2.320678532123565674e-02 1.855536922812461853e-02 2.413569018244743347e-03 1.446263585239648819e-02 1.402699039317667484e-03 7.619637530297040939e-03 2.723639458417892456e-02 1.308963727205991745e-02 8.464340353384613991e-04 6.480103358626365662e-03 1.454627327620983124e-02 1.587253808975219727e-02 8.332705125212669373e-03 6.085132248699665070e-03 4.090468864887952805e-03 1.481822319328784943e-02 1.902069151401519775e-02 1.301140803843736649e-02 1.968769542872905731e-02 3.625031188130378723e-02 3.767426311969757080e-02 9.193169884383678436e-03 3.387768287211656570e-03 2.273016050457954407e-02 1.726506091654300690e-02 3.272006660699844360e-02 3.769723325967788696e-02 1.409455388784408569e-02 2.165365777909755707e-02 2.504537627100944519e-02 9.747427888214588165e-03 2.687817066907882690e-02 3.645499423146247864e-02 1.872137002646923065e-02 2.765090018510818481e-02 2.043136022984981537e-02 1.699135266244411469e-02 3.441870212554931641e-02 4.857332259416580200e-02
4.129502177238464355e-02 5.480762571096420288e-02 5.652929644384130370e-07 2.694966830313205719e-02 4.090289399027824402e-02 5.187980458140373230e-02 8.294759988784790039e-01 2.981094643473625183e-03 3.195533901453018188e-02 1.525066420435905457e-02 2.771123126149177551e-02 1.923786103725433350e-02 2.843070216476917267e-02 1.802723109722137451e-02 2.276879677083343267e-04 3.522879630327224731e-02 2.835844084620475769e-02 6.185764446854591370e-03 2.744772937148809433e-03 2.234179154038429260e-02 1.181499008089303970e-02 2.498371526598930359e-03 3.309294814243912697e-03 1.137640327215194702e-03 1.616528071463108063e-02 7.481019012629985809e-03 3.271231427788734436e-03 1.406614389270544052e-02 8.979948237538337708e-03 7.294022478163242340e-03 1.722607645206153393e-03 2.140733785927295685e-02 2.093435497954487801e-03 3.767998656257987022e-03 6.916333455592393875e-03 3.137617185711860657e-02 2.413512021303176880e-02 6.988909095525741577e-03 1.054561603814363480e-02 2.978247031569480896e-02 2.939361706376075745e-02 3.982437308877706528e-03 8.288180455565452576e-03 1.019747368991374969e-02 8.648137561976909637e-03 1.265286095440387726e-02 4.209173843264579773e-02 5.780208855867385864e-02 2.519158832728862762e-02 1.985273137688636780e-02 3.968974947929382324e-02 3.307867422699928284e-02 4.108672961592674255e-02 1.004004571586847305e-02 2.945770323276519775e-02 2.179528586566448212e-02 5.956375505775213242e-03 2.864433918148279190e-03 2.445797622203826904e-02 2.283935621380805969e-02 1.900687441229820251e-02 1.838797470554709435e-03 1.663535833358764648e-02 3.339512739330530167e-03 2.403367497026920319e-02 3.500126302242279053e-03 1.137356087565422058e-02 7.057765033096075058e-03 3.227156773209571838e-02 1.935606263577938080e-02 1.678510918281972408e-03 3.216642513871192932e-02 2.838608343154191971e-03 1.536700036376714706e-02 2.649592049419879913e-02 1.027764100581407547e-02 2.337819151580333710e-02 7.568111643195152283e-03 2.862921915948390961e-02 4.717402916867285967e-04 2.082908526062965393e-03 1.151773426681756973e-02 7.846106775104999542e-03 2.575390972197055817e-02 7.570462767034769058e-03 2.347690239548683167e-02 1.252193190157413483e-02 2.570874616503715515e-02 2.245415700599551201e-03 1.166649255901575089e-02 2.367355488240718842e-02 9.827362373471260071e-03 2.706537954509258270e-02 8.293821476399898529e-03 6.003388203680515289e-03 5.320310592651367188e-03 1.904155127704143524e-02 6.229090970009565353e-03 2.366445213556289673e-02 1.201767101883888245e-02 8.437827229499816895e-03 5.952949635684490204e-03 1.653925701975822449e-02 1.223821751773357391e-02 6.803563330322504044e-03 7.591287605464458466e-03 2.111562527716159821e-02 8.131445501931011677e-04 2.297690836712718010e-03 1.918418519198894501e-02 1.237807981669902802e-02 2.001337939873337746e-03 1.372517738491296768e-02 1.051321532577276230e-02 8.520407136529684067e-04 3.778300434350967407e-02
7.480405271053314209e-03 1.449588034301996231e-02 3.323887661099433899e-02 2.215600572526454926e-02 6.514695473015308380e-03 1.914384029805660248e-02 2.981094643473625183e-03 8.294759988784790039e-01 2.405191771686077118e-02 7.170458789914846420e-03 3.979149088263511658e-02 1.280947867780923843e-02 2.663578465580940247e-02 1.465751416981220245e-02 3.686235100030899048e-02 9.829109534621238708e-03 1.770023256540298462e-02 2.926525659859180450e-02 8.228750899434089661e-03 2.083264663815498352e-02 1.907767914235591888e-02 8.783224038779735565e-03 1.146309822797775269e-02 1.582751981914043427e-02 5.650349427014589310e-03 4.596488142851740122e-04 6.824760348536074162e-04 1.883366703987121582e-02 2.433226630091667175e-02 8.840320631861686707e-03 2.121020480990409851e-02 7.102170027792453766e-03 1.677615568041801453e-02 1.415564771741628647e-02 2.202907577157020569e-02 8.397905156016349792e-03 4.332450218498706818e-03 1.047118450514972210e-03 1.313198171555995941e-02 3.239843249320983887e-02 7.003644481301307678e-03 5.157115403562784195e-03 5.530247464776039124e-03 8.679933845996856689e-03 2.465344965457916260e-02 1.211358141154050827e-02 2.330880425870418549e-02 2.883751131594181061e-02 3.362799994647502899e-03 1.454190444201231003e-02 1.510915998369455338e-02 8.276846259832382202e-03 1.657907105982303619e-02 5.019899457693099976e-03 8.296684361994266510e-03 1.369041111320257187e-02 8.250630460679531097e-03 1.134182792156934738e-02 2.582827582955360413e-02 4.511681199073791504e-02 9.531298652291297913e-03 1.025106105953454971e-02 1.748399250209331512e-02 1.541438978165388107e-02 2.102477476000785828e-02 2.281159721314907074e-02 6.152678746730089188e-03 1.219784189015626907e-02 7.822543382644653320e-03 2.001584321260452271e-02 1.906555518507957458e-02 1.673069084063172340e-03 1.142735779285430908e-02 2.904515527188777924e-02 8.802070515230298042e-04 3.230807930231094360e-02 1.291404012590646744e-02 5.870210472494363785e-03 1.407784782350063324e-02 2.663057530298829079e-03 4.445444047451019287e-02 5.786204710602760315e-02 2.701621875166893005e-02 8.519598282873630524e-03 5.619384814053773880e-03 7.178301457315683365e-03 3.991813212633132935e-02 3.330774232745170593e-02 2.422040124656632543e-04 1.319818571209907532e-02 1.314546796493232250e-03 1.154975872486829758e-02 2.951379679143428802e-02 1.715936581604182720e-03 5.150733049958944321e-04 8.620488457381725311e-03 1.509073656052350998e-02 5.556920077651739120e-03 1.206573564559221268e-02 1.313188206404447556e-02 5.872320849448442459e-03 1.070539094507694244e-02 2.770333923399448395e-02 1.207728125154972076e-02 2.246052399277687073e-02 1.549463160336017609e-02 1.563138142228126526e-02 9.388100355863571167e-03 2.344757691025733948e-02 9.281740523874759674e-03 4.740752279758453369e-02 1.677075587213039398e-02 2.354347519576549530e-02 1.625357568264007568e-02 2.693435177206993103e-02 1.110964734107255936e-02
1.698678545653820038e-02 2.511020377278327942e-02 2.229391224682331085e-02 2.561957016587257385e-02 3.065904788672924042e-02 1.917510107159614563e-02 3.195533901453018188e-02 2.405191771686077118e-02 8.294759988784790039e-01 2.738129347562789917e-02 1.805519685149192810e-02 5.808059126138687134e-03 1.731972396373748779e-02 2.164640836417675018e-02 9.187966585159301758e-03 4.276266321539878845e-02 2.190680988132953644e-02 3.529778122901916504e-02 2.669082954525947571e-03 4.293575882911682129e-03 1.995306275784969330e-02 2.521109580993652344e-02 1.080556958913803101e-02 6.462025456130504608e-03 2.996927069034427404e-04 6.317846942692995071e-03 3.637956222519278526e-03 7.213687058538198471e-03 7.737779058516025543e-03 1.552620716392993927e-02 1.345196738839149475e-02 2.768184803426265717e-02 1.192722190171480179e-02 1.757594943046569824e-02 1.507116574794054031e-02 2.998007461428642273e-02 2.103713527321815491e-02 6.212363485246896744e-03 6.305208429694175720e-03 9.752832353115081787e-03 1.101229339838027954e-02 1.958692818880081177e-02 8.192044682800769806e-03 1.412362884730100632e-02 1.007716078311204910e-02 1.492642518132925034e-02 1.611590571701526642e-02 2.578210271894931793e-02 5.352003127336502075e-02 2.973373420536518097e-02 5.051594227552413940e-03 9.587617591023445129e-03 1.395594608038663864e-02 1.008152030408382416e-02 5.455101281404495239e-02 3.645988181233406067e-02 2.504865266382694244e-02 1.191672775894403458e-02 3.404452931135892868e-03 1.783608458936214447e-02 2.711712010204792023e-02 1.221308484673500061e-02 2.132584154605865479e-02 2.518033050000667572e-02 1.046439260244369507e-02 1.381904631853103638e-02 8.470165543258190155e-03 3.984618000686168671e-03 4.636123403906822205e-02 7.320824544876813889e-03 2.172068506479263306e-02 2.673616632819175720e-03 9.135493310168385506e-04 1.179780811071395874e-02 1.100502163171768188e-02 2.662271074950695038e-02 5.676941201090812683e-02 1.749703288078308105e-02 3.549361228942871094e-02 1.383321452885866165e-02 2.132339961826801300e-02 4.617989063262939453e-02 5.380040034651756287e-03 1.273074280470609665e-02 2.020796574652194977e-02 1.061736978590488434e-02 5.951687227934598923e-03 1.528716459870338440e-02 9.440212510526180267e-03 5.897229537367820740e-03 8.508927188813686371e-03 7.835693657398223877e-03 2.385706454515457153e-02 1.495749503374099731e-02 5.804547108709812164e-03 2.707973821088671684e-03 1.433701161295175552e-02 1.132036931812763214e-02 1.733377110213041306e-03 3.100574831478297710e-04 4.556192550808191299e-03 3.922258038073778152e-03 3.586388379335403442e-02 1.298005599528551102e-02 1.397245656698942184e-02 9.279064834117889404e-03 4.128963046241551638e-04 2.159251458942890167e-02 1.027016248553991318e-02 8.897379040718078613e-03 1.163684669882059097e-02 8.708398789167404175e-03 1.304573845118284225e-02 1.031111925840377808e-02 3.249097149819135666e-03 3.102900274097919464e-02
6.106445100158452988e-03 1.364592608297243714e-04 1.496098749339580536e-02 3.484240919351577759e-02 4.471896681934595108e-03 1.902710646390914917e-03 1.525066420435905457e-02 7.170458789914846420e-03 2.738129347562789917e-02 8.294759988784790039e-01 2.354871248826384544e-03 9.587130509316921234e-03 7.926842197775840759e-03 1.994909159839153290e-02 5.364276585169136524e-04 1.516152545809745789e-02 3.320161998271942139e-02 2.540453337132930756e-02 4.580120742321014404e-02 1.471372507512569427e-02 2.386365085840225220e-03 3.635618602856993675e-03 5.774833261966705322e-03 1.823454350233078003e-02 2.119678072631359100e-02 3.283553197979927063e-02 3.483809297904372215e-03 8.158233948051929474e-03 6.820765789598226547e-03 1.593643985688686371e-02 9.338624775409698486e-03 4.067936539649963379e-02 3.553674370050430298e-02 3.931935131549835205e-02 3.329358994960784912e-02 6.078535225242376328e-03 2.951459400355815887e-02 1.930082403123378754e-02 1.876926608383655548e-02 7.878534961491823196e-04 8.585045114159584045e-03 6.328252144157886505e-03 3.526828950271010399e-03 1.805468648672103882e-02 1.701650209724903107e-02 1.557043660432100296e-02 1.595502905547618866e-02 1.907149213366210461e-03 2.099368534982204437e-02 6.294733285903930664e-02 2.571002347394824028e-03 1.282773166894912720e-02 1.489293761551380157e-02 1.480406057089567184e-02 2.179651521146297455e-02 6.354925781488418579e-02 8.752701687626540661e-04 2.549561671912670135e-02 8.693606592714786530e-03 4.541843198239803314e-03 3.178109414875507355e-03 3.692703321576118469e-02 1.678941212594509125e-02 1.527990866452455521e-02 2.025996707379817963e-02 1.136845350265502930e-02 1.952144689857959747e-02 1.935799792408943176e-02 3.092886880040168762e-02 2.450871281325817108e-02 4.016213119029998779e-02 7.963396608829498291e-03 1.828081160783767700e-02 3.627169132232666016e-02 3.160089952871203423e-03 1.988454605452716351e-04 3.641344606876373291e-03 5.022324621677398682e-02 2.110765129327774048e-02 5.590711534023284912e-02 2.815023064613342285e-03 1.951889321208000183e-02 1.239265664480626583e-03 3.045124001801013947e-02 1.809910126030445099e-02 4.374387487769126892e-02 1.044375263154506683e-02 1.233633840456604958e-03 3.213156014680862427e-02 3.620545938611030579e-02 3.796334844082593918e-03 1.173815131187438965e-02 9.665413759648799896e-03 4.989858251065015793e-03 6.776330061256885529e-03 1.594766415655612946e-02 2.813618630170822144e-02 4.954084753990173340e-03 1.003540772944688797e-02 2.706556580960750580e-03 1.314806472510099411e-02 6.144235376268625259e-03 6.214470602571964264e-03 1.274460926651954651e-02 2.158374711871147156e-02 1.187388319522142410e-02 1.431602053344249725e-02 1.171286962926387787e-02 8.857751265168190002e-03 3.053357452154159546e-02 2.924566622823476791e-03 2.029605954885482788e-02 2.697867108508944511e-03 8.069078437983989716e-03 6.952499505132436752e-03 4.131425172090530396e-03
4.390871897339820862e-02 4.761171340942382812e-02 4.354033153504133224e-03 2.102065458893775940e-02 4.319328349083662033e-03 4.732970520853996277e-02 2.771123126149177551e-02 3.979149088263511658e-02 1.805519685149192810e-02 2.354871248826384544e-03 8.294759988784790039e-01 1.699622161686420441e-02 5.474760010838508606e-02 1.190819428302347660e-03 2.642426267266273499e-02 2.846095152199268341e-02 2.526860684156417847e-02 2.084739319980144501e-02 1.252496335655450821e-02 5.691383499652147293e-03 2.548885717988014221e-02 2.635210752487182617e-03 2.301954478025436401e-02 2.321177721023559570e-02 1.267924997955560684e-02 3.818658413365483284e-03 1.785909291356801987e-03 2.676935866475105286e-02 2.554185315966606140e-02 1.105350349098443985e-02 3.039607964456081390e-02 7.150190416723489761e-03 2.124081552028656006e-02 2.002992294728755951e-02 5.587342660874128342e-03 9.342021076008677483e-04 1.060216408222913742e-02 4.240289330482482910e-03 1.868135482072830200e-02 1.075630728155374527e-02 6.247631274163722992e-03 1.533711981028318405e-02 2.418322302401065826e-02 8.313282392919063568e-03 2.493063919246196747e-02 1.553880749270319939e-03 4.737917333841323853e-02 3.738353401422500610e-02 9.914774447679519653e-03 7.016235031187534332e-03 4.362662788480520248e-03 1.265973411500453949e-02 2.976199612021446228e-02 2.848332049325108528e-03 1.068308600224554539e-03 1.659750123508274555e-03 4.800913855433464050e-03 3.277770429849624634e-02 7.919840514659881592e-03 1.995406858623027802e-02 1.160794682800769806e-02 1.417611539363861084e-02 1.019955240190029144e-02 2.189587242901325226e-02 3.261044993996620178e-02 1.530571188777685165e-02 5.109967663884162903e-03 2.260240726172924042e-02 1.319578848779201508e-02 2.051490172743797302e-02 9.495860897004604340e-03 1.835720427334308624e-02 3.707848861813545227e-02 3.407917916774749756e-02 1.055115461349487305e-02 1.233866438269615173e-02 1.717426814138889313e-02 1.760357245802879333e-02 1.288149598985910416e-02 5.638759117573499680e-03 1.474728924222290516e-03 1.077166572213172913e-02 2.730083838105201721e-02 6.145264953374862671e-03 9.749478660523891449e-03 3.045016434043645859e-03 2.101488411426544189e-03 4.217461217194795609e-03 1.807308569550514221e-02 1.420604996383190155e-02 1.788659207522869110e-02 7.764655631035566330e-03 3.185066953301429749e-02 4.823869559913873672e-03 2.578825503587722778e-02 2.214501239359378815e-02 3.728173300623893738e-02 1.757710427045822144e-02 1.409753691405057907e-03 1.383795775473117828e-02 2.296402677893638611e-02 2.875392697751522064e-02 2.533639967441558838e-02 2.225424535572528839e-02 2.524937875568866730e-02 1.645681634545326233e-02 3.174889832735061646e-02 6.533943582326173782e-03 3.564623743295669556e-02 2.160720713436603546e-02 2.045162208378314972e-02 1.803462766110897064e-02 5.501630250364542007e-03 1.493868185207247734e-03 3.467829525470733643e-02 3.267785906791687012e-02
3.171843662858009338e-02 2.294458262622356415e-02 1.399778644554316998e-03 2.233865298330783844e-02 7.301175966858863831e-03 2.738685347139835358e-02 1.923786103725433350e-02 1.280947867780923843e-02 5.808059126138687134e-03 9.587130509316921234e-03 1.699622161686420441e-02 8.294759988784790039e-01 9.205846115946769714e-03 6.824707984924316406e-02 4.683612845838069916e-03 1.554560381919145584e-03 1.367825083434581757e-03 1.160798128694295883e-02 6.440139841288328171e-03 3.777756588533520699e-03 1.371522340923547745e-02 2.312030829489231110e-02 1.379008404910564423e-02 1.175931002944707870e-02 9.405022487044334412e-03 2.845426276326179504e-02 1.340507064014673233e-02 4.144702106714248657e-02 3.814827417954802513e-03 4.999300837516784668e-02 6.685041356831789017e-03 2.102608978748321533e-02 1.684876345098018646e-02 1.140018459409475327e-02 4.048369452357292175e-02 6.801769603043794632e-03 9.547239169478416443e-03 3.193325549364089966e-02 3.967432305216789246e-03 8.299968205392360687e-03 4.556281492114067078e-02 1.797978766262531281e-02 2.798906527459621429e-02 1.425758376717567444e-02 2.847650833427906036e-02 4.875287879258394241e-03 2.079888060688972473e-02 3.392833983525633812e-03 4.677415825426578522e-03 1.037712674587965012e-02 1.176354289054870605e-02 2.038631122559309006e-03 1.518510654568672180e-02 4.610519390553236008e-03 1.321745105087757111e-03 7.686706259846687317e-03 9.867678396403789520e-03 1.625559478998184204e-02 3.656697692349553108e-03 5.172641947865486145e-03 3.562039695680141449e-03 1.980835106223821640e-03 3.704609116539359093e-04 1.988153904676437378e-02 9.738932712934911251e-04 1.797846332192420959e-02 8.579772897064685822e-03 1.501183584332466125e-02 3.200797131285071373e-03 2.722788229584693909e-02 7.675846107304096222e-03 1.729989307932555676e-03 4.050856828689575195e-02 2.511241659522056580e-02 9.651594795286655426e-03 8.410572074353694916e-03 1.660793460905551910e-02 5.646600853651762009e-03 2.083410881459712982e-02 7.065298967063426971e-03 9.787962771952152252e-03 1.383128110319375992e-02 2.306955493986606598e-02 5.800570361316204071e-03 1.271318085491657257e-02 1.342989969998598099e-02 2.080482244491577148e-02 2.132733352482318878e-02 4.526980966329574585e-02 1.474722754210233688e-02 7.421529851853847504e-03 2.921893494203686714e-03 2.912114141508936882e-03 2.435550838708877563e-02 1.753363572061061859e-02 6.528677884489297867e-03 2.860880456864833832e-02 2.092667855322360992e-02 1.196394558064639568e-03 5.773703567683696747e-03 1.335524953901767731e-02 1.327729201875627041e-03 9.741372428834438324e-03 2.902841195464134216e-02 1.044090092182159424e-02 1.805637590587139130e-02 9.936291025951504707e-04 2.186145260930061340e-02 5.885052960366010666e-03 1.664307899773120880e-02 2.142095705494284630e-03 7.528587244451045990e-03 1.440162118524312973e-02 2.063002996146678925e-02 6.160386838018894196e-03 3.296437859535217285e-02
3.877140581607818604e-02 4.690561816096305847e-02 1.033186819404363632e-02 1.080244500190019608e-02 1.120509766042232513e-02 4.346379637718200684e-02 2.843070216476917267e-02 2.663578465580940247e-02 1.731972396373748779e-02 7.926842197775840759e-03 5.474760010838508606e-02 9.205846115946769714e-03 8.294759988784790039e-01 5.672717466950416565e-03 2.514797449111938477e-02 2.724336273968219757e-02 2.582381479442119598e-02 1.014159992337226868e-02 1.796472817659378052e-03 6.114976131357252598e-04 2.877101860940456390e-02 4.496756009757518768e-03 7.954478263854980469e-03 1.613423973321914673e-02 1.213032938539981842e-02 9.448411874473094940e-03 8.180828765034675598e-03 3.061158582568168640e-02 2.978115156292915344e-02 1.558796502649784088e-02 3.509159013628959656e-02 1.675115525722503662e-02 2.089326269924640656e-02 2.491100691258907318e-02 5.772707518190145493e-03 1.275627058930695057e-03 1.738346554338932037e-02 8.083302527666091919e-03 1.646881364285945892e-02 1.273496728390455246e-02 5.421020556241273880e-03 1.969898864626884460e-02 9.407129138708114624e-03 1.604313217103481293e-02 4.913771059364080429e-03 1.334166247397661209e-02 2.565034478902816772e-02 2.584377489984035492e-02 9.065717458724975586e-03 9.351198561489582062e-03 1.420239335857331753e-03 1.293336786329746246e-02 2.062915079295635223e-02 2.162974327802658081e-03 4.441815428435802460e-03 4.729466978460550308e-03 1.874267496168613434e-02 4.619514197111129761e-02 8.908013813197612762e-03 1.224000565707683563e-02 2.511296421289443970e-03 1.084268558770418167e-02 6.713040173053741455e-03 2.359918318688869476e-02 1.814789697527885437e-02 7.774364203214645386e-03 2.386006899178028107e-02 2.579892054200172424e-02 1.628452539443969727e-02 1.459372695535421371e-02 4.545536357909440994e-03 1.424566097557544708e-02 2.438433840870857239e-02 2.157623320817947388e-02 1.403117086738348007e-02 2.650737995281815529e-03 1.444449741393327713e-02 5.023451056331396103e-03 3.228960093110799789e-03 5.128851160407066345e-03 7.974652689881622791e-04 1.396287698298692703e-02 1.997775025665760040e-02 6.500559393316507339e-03 2.253522165119647980e-02 8.451065048575401306e-03 4.059486091136932373e-03 4.752926062792539597e-03 1.285344827920198441e-02 2.369809336960315704e-02 4.212703090161085129e-03 3.822088474407792091e-04 1.383042894303798676e-02 8.828637190163135529e-03 2.638304978609085083e-02 1.738623902201652527e-02 3.254470601677894592e-02 1.872245781123638153e-02 1.795085519552230835e-02 1.578850485384464264e-02 2.381858229637145996e-02 2.234215475618839264e-02 2.008575201034545898e-02 1.341589167714118958e-02 3.018813580274581909e-02 1.377376262098550797e-02 2.560116723179817200e-02 1.643123477697372437e-02 2.983552962541580200e-02 3.058845549821853638e-02 1.509807538241147995e-02 6.742563564330339432e-03 3.866327460855245590e-03 7.319840136915445328e-03 3.669623658061027527e-02 3.323737159371376038e-02
