8.619208931922912598e-01 7.341026514768600464e-02 1.261755917221307755e-02 1.088049355894327164e-02 2.117433212697505951e-02 6.109306216239929199e-02 6.160891801118850708e-02 1.438361778855323792e-02 1.103981491178274155e-02 3.487260313704609871e-03 6.158073991537094116e-02 1.187565736472606659e-03 5.906255543231964111e-02 3.321923082694411278e-03 5.112544167786836624e-03 2.456901129335165024e-03 3.381750080734491348e-03 1.658226735889911652e-02 1.232707872986793518e-02 2.635542117059230804e-02 1.634102500975131989e-02 2.020859904587268829e-02 8.743581129238009453e-04 1.739191473461687565e-03 2.202660217881202698e-02 1.004544924944639206e-02 1.707167737185955048e-02 8.203459903597831726e-03 2.738769352436065674e-02 8.622164838016033173e-03 3.669214248657226562e-02 2.279518172144889832e-02 5.895709618926048279e-03 1.947923377156257629e-02 5.539027508348226547e-03 2.158267889171838760e-03 2.947166748344898224e-02 1.070701796561479568e-02 1.028735097497701645e-02 1.692895032465457916e-02 1.535544916987419128e-02 1.835258677601814270e-02 1.807548850774765015e-02 1.346492674201726913e-02 2.209767885506153107e-02 2.155375108122825623e-02 5.518332868814468384e-02 5.280648171901702881e-02 2.252060547471046448e-02 1.614519767463207245e-02 2.215291024185717106e-04 1.083723362535238266e-02 6.734739057719707489e-03 1.696603931486606598e-02 1.677917502820491791e-02 2.916416525840759277e-02 1.051994133740663528e-02 3.032743465155363083e-03 8.051509037613868713e-03 2.431334741413593292e-02 3.697503125295042992e-04 7.660045288503170013e-03 1.469119219109416008e-03 2.606083406135439873e-03 2.964025363326072693e-02 3.574100136756896973e-02 2.411859482526779175e-02 1.559478696435689926e-02 1.656052842736244202e-02 7.278950884938240051e-03 9.296000935137271881e-03 3.038453578483313322e-04 2.192450687289237976e-03 6.599092856049537659e-03 8.889947086572647095e-03 1.651965896598994732e-03 1.572199910879135132e-02 6.756841670721769333e-03 7.446194067597389221e-03 1.200312748551368713e-02 1.423921156674623489e-02 1.314282882958650589e-02 9.726236574351787567e-03 6.473299581557512283e-03 1.058648340404033661e-02 1.479401718825101852e-02 1.392555795609951019e-02 2.282183058559894562e-02 2.453179843723773956e-02 1.053566485643386841e-02 2.691095881164073944e-02 2.800149470567703247e-02 4.157441854476928711e-02 2.702862955629825592e-02 1.515411492437124252e-02 1.675799675285816193e-02 7.314829854294657707e-04 2.435178263112902641e-03 8.868915028870105743e-03 1.022445224225521088e-02 1.466986909508705139e-02 1.908434182405471802e-02 1.258133072406053543e-02 1.006024330854415894e-02 2.320753876119852066e-03 1.048131287097930908e-02 1.180582586675882339e-02 1.410715281963348389e-02 1.518233772367238998e-02 1.574747078120708466e-02 9.391929954290390015e-03 2.521325135603547096e-03 1.508101448416709900e-02 6.836415734142065048e-03 1.686675823293626308e-03 1.346578542143106461e-02
7.341026514768600464e-02 8.619208931922912598e-01 8.781226351857185364e-03 6.677929311990737915e-03 1.625704206526279449e-02 6.593839824199676514e-02 7.292603701353073120e-02 7.858889177441596985e-03 1.671097800135612488e-02 2.980998717248439789e-03 6.286609917879104614e-02 5.195035133510828018e-03 6.756455451250076294e-02 1.021118252538144588e-03 3.318587783724069595e-03 4.463458899408578873e-03 1.119507104158401489e-02 1.379277184605598450e-02 4.610173637047410011e-04 2.529455348849296570e-02 1.366704795509576797e-02 1.476206723600625992e-02 1.767901587300002575e-03 5.401371978223323822e-03 1.868577674031257629e-02 4.600123967975378036e-03 1.431468501687049866e-02 1.778832823038101196e-02 2.059449441730976105e-02 1.788787730038166046e-02 3.198560699820518494e-02 1.912615820765495300e-02 1.479111961089074612e-03 1.631846465170383453e-02 1.747190544847398996e-04 3.219354432076215744e-03 2.565008401870727539e-02 3.173825796693563461e-03 8.659721352159976959e-03 1.462057977914810181e-02 6.102744955569505692e-03 2.454163320362567902e-02 1.831069961190223694e-02 1.031731162220239639e-02 2.748642303049564362e-02 2.895921841263771057e-02 5.478023365139961243e-02 6.371770054101943970e-02 2.079269476234912872e-02 1.376691926270723343e-02 8.448532316833734512e-04 1.384845376014709473e-02 1.056530163623392582e-05 1.087331026792526245e-02 1.318323053419589996e-02 2.696230076253414154e-02 1.962756970897316933e-03 4.008836112916469574e-03 2.263405825942754745e-03 1.935753971338272095e-02 4.402288701385259628e-03 3.141940687783062458e-04 6.150610744953155518e-03 2.760622650384902954e-03 2.366491965949535370e-02 3.318492695689201355e-02 2.268180623650550842e-02 1.283314265310764313e-02 2.513629384338855743e-02 1.626335782930254936e-03 1.619178429245948792e-02 9.836203418672084808e-03 5.733401514589786530e-03 1.474334392696619034e-02 1.036537927575409412e-03 1.116685383021831512e-02 2.032449468970298767e-02 1.481616310775279999e-02 9.967528283596038818e-03 9.143993258476257324e-03 7.571363355964422226e-03 7.616143673658370972e-03 3.073910949751734734e-03 1.644156407564878464e-03 1.181242708116769791e-02 9.448243305087089539e-03 6.393663119524717331e-03 1.933322846889495850e-02 3.538060933351516724e-02 2.177592553198337555e-02 2.119055390357971191e-02 2.104424498975276947e-02 4.275672882795333862e-02 2.130543068051338196e-02 1.503614988178014755e-02 1.738969422876834869e-02 4.431438166648149490e-03 5.691614467650651932e-03 1.136658713221549988e-02 1.214181166142225266e-02 1.414609607309103012e-02 1.728207059204578400e-02 4.386227577924728394e-03 4.752444103360176086e-03 1.806591055355966091e-03 8.063454180955886841e-03 1.320563629269599915e-02 5.903826095163822174e-03 1.796087250113487244e-02 1.036453247070312500e-02 3.492962103337049484e-03 2.762851305305957794e-03 1.896198652684688568e-02 3.808596404269337654e-03 1.552865491248667240e-03 1.053193211555480957e-02
1.261755917221307755e-02 8.781226351857185364e-03 8.619208931922912598e-01 8.689717389643192291e-03 1.480304449796676636e-02 1.026944082695990801e-04 7.778976578265428543e-04 3.031108342111110687e-02 3.444462781772017479e-03 5.468811374157667160e-03 1.433915272355079651e-02 1.238958351314067841e-02 8.889991790056228638e-03 1.221281569451093674e-02 2.698395587503910065e-02 7.826013490557670593e-03 6.038713268935680389e-03 5.392826627939939499e-03 2.042878791689872742e-02 1.410077139735221863e-02 1.623344793915748596e-02 2.826246246695518494e-02 4.358320496976375580e-03 7.274733390659093857e-03 1.898725889623165131e-02 1.950854994356632233e-02 1.938087493181228638e-02 1.353482832200825214e-03 1.971420831978321075e-02 1.080345455557107925e-02 1.793280616402626038e-02 1.328980084508657455e-02 2.554931491613388062e-02 1.527974754571914673e-02 2.570278197526931763e-02 1.635109260678291321e-02 1.809632405638694763e-02 1.808825880289077759e-02 7.287264801561832428e-03 1.357504725456237793e-02 2.411803789436817169e-02 5.782902240753173828e-03 3.542232327163219452e-03 2.186311595141887665e-02 6.009426433593034744e-03 8.294425904750823975e-03 7.679874543100595474e-03 2.494225744158029556e-03 1.289422623813152313e-02 1.501447521150112152e-02 4.033018369227647781e-03 6.853693630546331406e-03 1.868586614727973938e-02 2.568120695650577545e-02 1.520480215549468994e-02 1.527238357812166214e-02 2.030561864376068115e-02 2.350336499512195587e-02 2.951634116470813751e-02 2.765125408768653870e-02 1.085361372679471970e-02 1.565018296241760254e-02 2.435438893735408783e-02 2.591134235262870789e-02 2.462094463407993317e-02 2.336491830646991730e-02 7.778537459671497345e-03 8.418785408139228821e-03 2.283561974763870239e-03 1.608445495367050171e-02 1.074494514614343643e-02 2.249220013618469238e-02 1.255200617015361786e-02 1.525216922163963318e-02 1.421335525810718536e-02 1.951363869011402130e-02 4.344474524259567261e-03 5.744159221649169922e-03 3.999061009380966425e-04 1.476461440324783325e-02 4.945877194404602051e-02 5.283087491989135742e-02 3.807101864367723465e-03 1.285026967525482178e-02 3.071455284953117371e-03 1.081531029194593430e-02 3.539762273430824280e-02 3.834046423435211182e-02 5.843677092343568802e-03 1.878194510936737061e-02 1.736639998853206635e-02 2.082072198390960693e-02 1.307024806737899780e-02 2.871669083833694458e-02 8.857383392751216888e-03 9.799420833587646484e-03 1.245048735290765762e-02 2.197414450347423553e-02 4.249372519552707672e-03 2.373988507315516472e-03 1.379410084336996078e-02 1.494210865348577499e-02 2.410979196429252625e-02 2.620763890445232391e-02 1.634269952774047852e-02 2.244738675653934479e-02 1.455087214708328247e-02 1.728671975433826447e-02 2.099308371543884277e-02 1.585594378411769867e-02 2.820744737982749939e-02 2.067931368947029114e-02 8.794441819190979004e-03 1.086879894137382507e-02 1.491902302950620651e-02 4.436570219695568085e-03
1.088049355894327164e-02 6.677929311990737915e-03 8.689717389643192291e-03 8.619208931922912598e-01 7.989810407161712646e-02 9.004526771605014801e-03 2.770496765151619911e-03 2.097689174115657806e-02 1.385825220495462418e-03 2.264112792909145355e-02 4.583494737744331360e-03 2.249743090942502022e-03 1.130475290119647980e-02 9.746333817020058632e-04 9.646951220929622650e-03 5.230208393186330795e-03 5.721153691411018372e-03 2.406797371804714203e-02 2.327543869614601135e-02 7.990031503140926361e-03 9.144569747149944305e-03 7.431749720126390457e-03 1.661893795244395733e-03 8.094663731753826141e-03 1.429382152855396271e-02 9.465576149523258209e-03 5.083223339170217514e-03 2.433740161359310150e-02 9.236207231879234314e-03 7.985073141753673553e-03 1.241092383861541748e-02 7.142322137951850891e-03 2.531530894339084625e-02 5.044660996645689011e-03 2.544764988124370575e-02 1.430349610745906830e-02 1.125178392976522446e-02 3.319791052490472794e-03 4.019094258546829224e-02 4.934440553188323975e-02 3.483366686850786209e-03 1.051999349147081375e-02 5.564813036471605301e-03 8.061068132519721985e-03 3.250177251175045967e-03 4.499247006606310606e-04 2.636486431583762169e-03 7.590009365230798721e-03 6.898594088852405548e-03 1.522482838481664658e-03 2.354064211249351501e-02 2.406928315758705139e-02 2.449036575853824615e-02 1.992142759263515472e-02 1.206493191421031952e-02 5.544628947973251343e-03 1.906979270279407501e-02 1.811849139630794525e-02 2.356635034084320068e-02 2.086278237402439117e-02 3.672630712389945984e-02 3.057391196489334106e-02 2.370295673608779907e-02 2.655544131994247437e-02 1.867414079606533051e-02 1.907924935221672058e-02 6.137121934443712234e-03 1.142216473817825317e-02 5.459145177155733109e-03 8.948200382292270660e-03 1.031638309359550476e-02 7.408244069665670395e-03 2.906793542206287384e-02 1.050999667495489120e-02 3.255245834589004517e-02 5.143534857779741287e-03 5.702599883079528809e-03 8.215307258069515228e-03 4.216806963086128235e-03 1.405031885951757431e-02 1.817139424383640289e-02 9.123702533543109894e-03 4.330188035964965820e-02 2.944035828113555908e-02 4.221687559038400650e-03 1.379766128957271576e-02 1.454156916588544846e-02 1.252496521919965744e-02 8.842233568429946899e-03 2.440192969515919685e-03 3.601695410907268524e-03 8.744355873204767704e-04 1.031557470560073853e-02 3.195997560396790504e-03 2.268760837614536285e-02 1.171609759330749512e-02 1.085340045392513275e-02 1.292570726945996284e-03 9.145929361693561077e-04 9.851068025454878807e-04 1.879172585904598236e-02 2.120343595743179321e-02 5.537652759812772274e-04 1.130650844424962997e-02 2.694110944867134094e-02 2.708978205919265747e-02 1.231217849999666214e-02 2.752105705440044403e-02 2.076370641589164734e-02 2.411132305860519409e-02 1.635935041122138500e-04 1.688216626644134521e-02 1.805640570819377899e-02 1.042141113430261612e-02 3.249258175492286682e-02 1.017121132463216782e-02
2.117433212697505951e-02 1.625704206526279449e-02 1.480304449796676636e-02 7.989810407161712646e-02 8.619208931922912598e-01 1.650588959455490112e-02 1.166466064751148224e-02 2.515366300940513611e-02 2.645132364705204964e-03 1.033451501280069351e-02 1.359733380377292633e-02 1.217012386769056320e-02 1.927381567656993866e-02 1.352770812809467316e-02 1.092100795358419418e-02 6.326185539364814758e-03 4.732188303023576736e-03 2.202949114143848419e-02 2.639402821660041809e-02 6.389697548002004623e-03 7.647401187568902969e-03 7.449917029589414597e-03 2.627093635965138674e-04 3.671762533485889435e-03 1.254825387150049210e-02 1.001201756298542023e-02 4.138126038014888763e-03 2.431527897715568542e-02 1.904555037617683411e-02 1.298158615827560425e-02 1.916163042187690735e-02 6.925634574145078659e-03 2.478379011154174805e-02 2.695793518796563148e-03 2.289191633462905884e-02 1.088260486721992493e-02 1.717767119407653809e-02 8.472104556858539581e-03 3.256013616919517517e-02 4.932362213730812073e-02 1.570018008351325989e-03 1.654758118093013763e-02 1.171881216578185558e-03 3.950248472392559052e-03 9.838330559432506561e-03 5.899196956306695938e-03 1.229329314082860947e-02 1.812446676194667816e-02 3.948708064854145050e-03 1.725917332805693150e-03 2.019465528428554535e-02 1.898539625108242035e-02 2.157916873693466187e-02 1.964114233851432800e-02 1.085051335394382477e-02 7.652220781892538071e-03 2.171663381159305573e-02 2.210186421871185303e-02 2.323800511658191681e-02 2.255223505198955536e-02 2.604503184556961060e-02 3.172304481267929077e-02 2.269920147955417633e-02 2.895560301840305328e-02 2.383312396705150604e-02 2.394709736108779907e-02 1.775447512045502663e-03 5.907398648560047150e-03 1.838588796090334654e-04 2.224777126684784889e-03 1.245520915836095810e-02 9.060901589691638947e-03 1.370352599769830704e-02 6.491899024695158005e-03 3.630721569061279297e-02 7.177277002483606339e-03 4.088573157787322998e-03 5.673269624821841717e-04 2.448445186018943787e-03 5.211701150983572006e-03 2.750333212316036224e-02 1.212916150689125061e-02 3.457553312182426453e-02 4.036694392561912537e-02 4.144066013395786285e-03 6.326950155198574066e-03 1.422906294465065002e-02 1.575395278632640839e-02 4.319775849580764771e-03 7.256663404405117035e-03 1.650044508278369904e-02 9.098023292608559132e-04 1.961062289774417877e-02 4.850148223340511322e-03 1.582045480608940125e-02 1.136005017906427383e-02 3.999897307949140668e-05 7.376758381724357605e-03 7.836684817448258400e-04 2.002283872570842505e-04 1.557126920670270920e-02 1.827365905046463013e-02 4.895045887678861618e-03 1.090756151825189590e-02 1.691042073071002960e-02 2.276450023055076599e-02 1.156297884881496429e-02 2.993542887270450592e-02 2.153457701206207275e-02 3.109346143901348114e-02 9.444283321499824524e-03 1.388667523860931396e-02 1.427584514021873474e-02 3.518868470564484596e-03 2.758864313364028931e-02 7.548904395662248135e-04
6.109306216239929199e-02 6.593839824199676514e-02 1.026944082695990801e-04 9.004526771605014801e-03 1.650588959455490112e-02 8.619208931922912598e-01 8.795298635959625244e-02 2.110119210556149483e-03 4.563527181744575500e-03 1.793965883553028107e-02 4.594617336988449097e-02 1.971349492669105530e-02 4.940464720129966736e-02 2.341237291693687439e-02 9.252524003386497498e-03 1.271136943250894547e-02 9.470180608332157135e-03 8.509253151714801788e-03 4.112528637051582336e-03 2.002181485295295715e-02 7.765157148241996765e-03 6.395044736564159393e-03 1.185571402311325073e-02 1.236471533775329590e-02 1.615173183381557465e-02 1.478210557252168655e-03 1.236749999225139618e-02 3.649110440164804459e-03 1.232611574232578278e-02 6.781919393688440323e-03 2.246934548020362854e-02 1.595515944063663483e-02 5.943556316196918488e-03 9.778367355465888977e-03 1.562144956551492214e-03 1.342320535331964493e-02 1.115566585212945938e-02 2.773058367893099785e-03 1.280137337744235992e-02 1.349437609314918518e-02 1.434479025192558765e-03 2.509994991123676300e-02 2.035932056605815887e-02 1.501834194641560316e-04 2.858445979654788971e-02 2.829186059534549713e-02 7.060205191373825073e-02 6.797529757022857666e-02 1.536757871508598328e-02 1.576201803982257843e-02 7.856639102101325989e-03 2.487960038706660271e-03 7.962679374031722546e-04 5.493611562997102737e-03 9.111776016652584076e-03 3.010129928588867188e-02 5.494246259331703186e-03 1.981287961825728416e-03 1.892388914711773396e-03 1.534387003630399704e-02 5.023987963795661926e-03 9.080559946596622467e-03 8.383122272789478302e-03 6.664950400590896606e-03 1.887863315641880035e-02 2.923976816236972809e-02 1.945639401674270630e-02 8.439728058874607086e-03 8.214058354496955872e-03 1.024333294481039047e-02 2.338917256565764546e-04 1.769127324223518372e-02 5.357136484235525131e-03 1.563520170748233795e-02 1.043917983770370483e-02 1.296139787882566452e-02 4.575235769152641296e-03 1.487837289460003376e-03 1.413401402533054352e-02 1.335746515542268753e-02 3.774357959628105164e-03 3.083235584199428558e-03 9.374668821692466736e-03 3.919195849448442459e-03 1.882643066346645355e-02 1.736973226070404053e-02 2.467040438205003738e-03 6.106433924287557602e-03 1.279444340616464615e-02 3.280556062236428261e-03 2.853764407336711884e-02 1.200515590608119965e-02 4.564144462347030640e-02 1.216739043593406677e-02 1.836074143648147583e-02 1.488997973501682281e-02 6.482092663645744324e-03 8.358872495591640472e-03 1.323684118688106537e-02 1.666071824729442596e-02 1.627715677022933960e-02 5.473115947097539902e-03 1.607528422027826309e-03 1.658702036365866661e-03 2.905280096456408501e-03 7.875618524849414825e-03 1.284186542034149170e-02 3.745329799130558968e-03 2.550613367930054665e-03 7.997199892997741699e-03 4.263329785317182541e-03 1.166706439107656479e-02 2.371977828443050385e-02 5.022561643272638321e-03 8.658572100102901459e-03 1.842290535569190979e-02
6.160891801118850708e-02 7.292603701353073120e-02 7.778976578265428543e-04 2.770496765151619911e-03 1.166466064751148224e-02 8.795298635959625244e-02 8.619208931922912598e-01 4.018602892756462097e-03 4.912914242595434189e-03 1.322477031499147415e-02 5.281239002943038940e-02 1.185376755893230438e-02 5.681296065449714661e-02 1.637819595634937286e-02 1.743840426206588745e-02 5.852752365171909332e-04 1.893551205284893513e-03 9.704575873911380768e-03 1.145345717668533325e-02 1.874279417097568512e-02 5.358842667192220688e-03 1.526143634691834450e-03 3.455894067883491516e-03 3.807406406849622726e-03 1.315805967897176743e-02 3.262682585045695305e-03 9.299605153501033783e-03 2.022145129740238190e-02 1.319534610956907272e-02 1.846045628190040588e-02 2.469025366008281708e-02 1.209266390651464462e-02 1.027126703411340714e-02 5.768389906734228134e-03 5.625491961836814880e-03 1.289037521928548813e-02 8.201793767511844635e-03 3.624642966315150261e-03 5.379742011427879333e-03 9.144938550889492035e-03 3.165025729686021805e-03 3.159588947892189026e-02 2.266015857458114624e-02 2.539347857236862183e-03 3.527218848466873169e-02 3.991988301277160645e-02 6.820331513881683350e-02 8.097573369741439819e-02 1.727272197604179382e-02 1.444719545543193817e-02 5.635422188788652420e-03 3.267543157562613487e-03 4.186016041785478592e-03 1.706848968751728535e-03 8.923464454710483551e-03 2.882198244333267212e-02 1.398905529640614986e-03 7.130540907382965088e-03 2.584264846518635750e-03 1.288581918925046921e-02 9.205338545143604279e-03 1.303645782172679901e-02 9.741010144352912903e-03 8.182565681636333466e-03 1.796913146972656250e-02 2.845001406967639923e-02 1.893627271056175232e-02 7.094048894941806793e-03 1.471438445150852203e-02 1.336760167032480240e-02 6.290593184530735016e-03 2.227344550192356110e-02 9.810782968997955322e-03 2.291098795831203461e-02 1.282506127608940005e-04 1.952844113111495972e-02 6.211269646883010864e-03 2.965110819786787033e-03 1.813539117574691772e-02 1.513668335974216461e-02 1.731075608404353261e-04 3.818087512627243996e-03 2.777104731649160385e-03 1.311647589318454266e-03 1.848307996988296509e-02 1.197049207985401154e-02 6.120482459664344788e-03 4.740507807582616806e-03 1.923838444054126740e-02 1.328549720346927643e-02 2.449479326605796814e-02 1.098898798227310181e-02 4.828668758273124695e-02 1.043665222823619843e-02 1.130686793476343155e-02 1.169672794640064240e-02 1.181922480463981628e-02 1.427245419472455978e-02 1.441994868218898773e-02 1.939176768064498901e-02 7.812018506228923798e-03 3.135855542495846748e-03 3.195283468812704086e-03 9.037103503942489624e-03 3.671967890113592148e-03 6.544739939272403717e-03 5.652604158967733383e-03 3.332647727802395821e-03 1.395783328916877508e-04 8.051706477999687195e-03 6.810788065195083618e-03 1.423893216997385025e-02 2.262018807232379913e-02 6.570707540959119797e-03 1.020868774503469467e-02 1.173703186213970184e-02
1.438361778855323792e-02 7.858889177441596985e-03 3.031108342111110687e-02 2.097689174115657806e-02 2.515366300940513611e-02 2.110119210556149483e-03 4.018602892756462097e-03 8.619208931922912598e-01 1.334037818014621735e-02 1.448779832571744919e-03 9.946208447217941284e-03 1.927073486149311066e-02 1.322132349014282227e-02 1.288692187517881393e-02 3.479644283652305603e-02 1.927521638572216034e-02 1.581309735774993896e-02 1.193391438573598862e-02 1.500124577432870865e-02 1.664889790117740631e-02 2.207024581730365753e-02 2.071225643157958984e-02 1.241466403007507324e-02 8.106588385999202728e-03 2.077835984528064728e-02 2.534470707178115845e-02 1.236148364841938019e-02 1.002172566950321198e-02 2.721255086362361908e-02 1.735215075314044952e-02 1.934299431741237640e-02 1.559703797101974487e-02 2.750426158308982849e-02 1.567113026976585388e-02 2.946638688445091248e-02 2.533021755516529083e-02 2.780316025018692017e-02 9.047252126038074493e-03 3.049159236252307892e-02 2.695094421505928040e-02 1.420815847814083099e-02 7.405159063637256622e-03 5.885500926524400711e-03 8.621629967819899321e-05 6.134822033345699310e-03 3.494982142001390457e-03 8.312291465699672699e-03 3.479450708255171776e-03 1.355186756700277328e-02 6.971531547605991364e-03 1.778263226151466370e-02 2.042760141193866730e-02 2.438225038349628448e-02 3.419860079884529114e-02 1.932467892765998840e-02 7.243076805025339127e-03 2.948148734867572784e-02 2.596851065754890442e-02 2.569134347140789032e-02 2.849943563342094421e-02 2.505261264741420746e-02 1.678406074643135071e-02 2.520233020186424255e-02 2.799420058727264404e-02 2.151513472199440002e-02 2.495890110731124878e-02 9.636473841965198517e-03 1.431131735444068909e-02 1.709762774407863617e-02 9.119706228375434875e-03 1.446403656154870987e-02 2.486073039472103119e-02 2.972671389579772949e-02 9.452544152736663818e-03 2.757812105119228363e-02 1.527772843837738037e-02 1.228356920182704926e-02 6.759264040738344193e-03 7.837424986064434052e-03 2.230044919997453690e-03 4.255176335573196411e-02 3.234431520104408264e-02 2.289622463285923004e-02 1.803094148635864258e-02 6.224088370800018311e-03 2.622449770569801331e-03 3.732746094465255737e-02 3.211529552936553955e-02 1.271112821996212006e-02 1.179775036871433258e-02 1.976526714861392975e-02 1.120568905025720596e-02 1.170597039163112640e-02 2.086695097386837006e-02 2.505142427980899811e-02 1.980578899383544922e-02 4.446064122021198273e-03 6.308658048510551453e-03 7.724322844296693802e-03 2.898344304412603378e-03 1.914953626692295074e-02 2.080720663070678711e-02 8.901294320821762085e-03 1.446487661451101303e-02 2.558916993439197540e-02 2.182025834918022156e-02 2.248330228030681610e-02 2.231656946241855621e-02 2.846669591963291168e-02 1.720489375293254852e-02 9.312866255640983582e-03 1.479339506477117538e-02 8.516274392604827881e-03 1.453905832022428513e-02 1.132495608180761337e-02 9.007804095745086670e-03
1.103981491178274155e-02 1.671097800135612488e-02 3.444462781772017479e-03 1.385825220495462418e-03 2.645132364705204964e-03 4.563527181744575500e-03 4.912914242595434189e-03 1.334037818014621735e-02 8.619208931922912598e-01 5.744186416268348694e-02 1.858048886060714722e-02 4.643435031175613403e-02 2.003721147775650024e-02 3.287835791707038879e-02 5.158716812729835510e-03 2.681287750601768494e-02 3.062887489795684814e-02 3.328901156783103943e-02 8.479190059006214142e-03 1.632865896681323647e-04 4.908403498120605946e-04 3.410386154428124428e-03 4.039248824119567871e-02 4.000078141689300537e-02 3.602695418521761894e-03 5.735231563448905945e-03 9.927524253726005554e-03 1.489156577736139297e-02 8.026976138353347778e-05 1.676013693213462830e-02 5.857367999851703644e-03 1.239194534718990326e-02 1.508399285376071930e-02 5.028706975281238556e-03 1.192447822540998459e-02 1.331129297614097595e-02 5.840213503688573837e-03 2.409677486866712570e-03 3.116872161626815796e-03 3.534870920702815056e-04 9.191359393298625946e-03 3.791584819555282593e-02 2.332742698490619659e-02 1.693414524197578430e-02 2.533200383186340332e-02 2.075455151498317719e-02 7.408173754811286926e-03 1.141901034861803055e-02 2.142061106860637665e-02 3.465277701616287231e-02 2.816285565495491028e-02 3.535051271319389343e-02 1.507306378334760666e-02 2.013912424445152283e-03 3.700413927435874939e-02 2.263570763170719147e-02 1.390017382800579071e-02 6.927457638084888458e-03 1.610958389937877655e-02 1.514773815870285034e-03 1.036181300878524780e-02 9.579634293913841248e-03 1.778419315814971924e-02 5.790910683572292328e-03 5.434805992990732193e-03 5.991376005113124847e-03 2.928143367171287537e-04 1.825090876081958413e-04 4.647114872932434082e-02 2.878746250644326210e-03 4.654980823397636414e-02 1.671845838427543640e-02 8.003272116184234619e-03 4.643367603421211243e-03 1.701248250901699066e-02 1.025217119604349136e-02 7.044961303472518921e-02 5.662569776177406311e-02 3.513023629784584045e-02 3.303987905383110046e-02 7.348181679844856262e-03 6.954686250537633896e-03 2.964364551007747650e-02 2.404290251433849335e-02 1.439822744578123093e-02 2.255184389650821686e-02 4.103512968868017197e-03 1.073584146797657013e-02 3.975754976272583008e-02 2.734472975134849548e-02 1.413382217288017273e-02 7.926262915134429932e-03 8.789283223450183868e-03 7.475935854017734528e-03 1.459096930921077728e-02 1.050566136837005615e-02 5.141639616340398788e-03 7.942833006381988525e-03 3.922763466835021973e-02 2.971070446074008942e-02 8.208975195884704590e-03 2.835410647094249725e-03 8.815350593067705631e-04 5.806331988424062729e-03 3.742834087461233139e-03 2.099215285852551460e-03 6.296426989138126373e-03 1.835874654352664948e-02 1.718640443868935108e-03 1.989782089367508888e-03 1.407894119620323181e-02 1.110725942999124527e-02 1.369706448167562485e-02 1.724090613424777985e-02 1.520181074738502502e-02 1.703322492539882660e-02
3.487260313704609871e-03 2.980998717248439789e-03 5.468811374157667160e-03 2.264112792909145355e-02 1.033451501280069351e-02 1.793965883553028107e-02 1.322477031499147415e-02 1.448779832571744919e-03 5.744186416268348694e-02 8.619208931922912598e-01 6.705082487314939499e-03 2.931033633649349213e-02 1.488802023231983185e-02 3.749878332018852234e-02 5.552382208406925201e-03 3.174389153718948364e-02 4.524572193622589111e-02 2.296114899218082428e-02 2.872439846396446228e-02 7.583314552903175354e-03 8.368127048015594482e-03 7.529515773057937622e-03 3.747454285621643066e-02 5.232875794172286987e-02 1.908607315272092819e-03 2.904170658439397812e-03 1.106183230876922607e-02 1.005199365317821503e-02 1.048749871551990509e-02 1.988556794822216034e-02 1.121801603585481644e-02 8.876590058207511902e-03 5.408530705608427525e-04 6.876644678413867950e-03 9.454211976844817400e-05 7.858894765377044678e-03 8.278885070467367768e-05 6.477967835962772369e-03 1.728489436209201813e-02 1.128544937819242477e-02 5.723164882510900497e-03 2.195972763001918793e-02 1.610240340232849121e-02 9.148429147899150848e-03 1.826364174485206604e-02 1.756176538765430450e-02 1.967431046068668365e-02 8.149156928993761539e-04 1.501977816224098206e-02 4.929955676198005676e-02 7.607321720570325851e-03 1.178462989628314972e-02 3.702205838635563850e-03 7.456398103386163712e-03 1.873785071074962616e-02 3.859043121337890625e-02 2.122482284903526306e-03 6.718281074427068233e-04 2.073768759146332741e-03 7.563202176243066788e-03 6.527182180434465408e-03 2.279194630682468414e-02 2.093769842758774757e-03 6.666040513664484024e-03 6.538573652505874634e-04 1.282844506204128265e-02 1.101120258681476116e-03 1.357748359441757202e-02 3.385721147060394287e-02 1.365659199655056000e-02 4.666214436292648315e-02 5.086951423436403275e-03 1.138200983405113220e-03 1.363798975944519043e-02 1.602857559919357300e-02 1.139218453317880630e-03 4.728750512003898621e-02 6.977898627519607544e-02 3.254924342036247253e-02 5.530824884772300720e-02 4.678900353610515594e-03 4.419444128870964050e-03 1.239200588315725327e-02 2.732972800731658936e-02 1.618836820125579834e-02 3.512730821967124939e-02 6.251351907849311829e-03 1.356656756252050400e-02 3.308827057480812073e-02 4.533801972866058350e-02 7.350530475378036499e-03 1.831039204262197018e-03 3.704378381371498108e-03 1.011049654334783554e-02 6.270322017371654510e-03 1.204161439090967178e-02 4.884354304522275925e-03 4.214882850646972656e-03 2.143446356058120728e-02 2.112147957086563110e-02 4.723587771877646446e-04 4.985400941222906113e-03 4.258304834365844727e-03 4.553640726953744888e-03 1.585924811661243439e-02 1.198486983776092529e-02 2.140989061444997787e-03 1.350319944322109222e-03 3.217109944671392441e-03 2.333667827770113945e-03 3.968538250774145126e-03 2.365200594067573547e-02 4.436261486262083054e-03 4.634166602045297623e-03 2.842910960316658020e-02 2.627370879054069519e-02
6.158073991537094116e-02 6.286609917879104614e-02 1.433915272355079651e-02 4.583494737744331360e-03 1.359733380377292633e-02 4.594617336988449097e-02 5.281239002943038940e-02 9.946208447217941284e-03 1.858048886060714722e-02 6.705082487314939499e-03 8.619208931922912598e-01 1.165959890931844711e-02 6.717888265848159790e-02 4.916496574878692627e-03 4.335755016654729843e-03 4.549717530608177185e-03 6.241285242140293121e-03 9.614778682589530945e-03 6.744258105754852295e-03 2.127552591264247894e-02 1.474454998970031738e-02 2.191714383661746979e-02 6.878098472952842712e-03 4.725181031972169876e-03 1.881622895598411560e-02 1.195066794753074646e-02 1.262840628623962402e-02 1.458899676799774170e-02 3.901786729693412781e-02 1.264590304344892502e-02 4.626119509339332581e-02 1.484842691570520401e-02 1.326221507042646408e-02 1.656006462872028351e-02 1.110436674207448959e-02 2.173003973439335823e-03 2.100006304681301117e-02 9.047903120517730713e-03 6.633870303630828857e-03 1.022660639137029648e-02 1.524383481591939926e-02 1.111834123730659485e-02 1.810790039598941803e-02 1.043262239545583725e-02 1.738051138818264008e-02 2.433586493134498596e-02 4.888055101037025452e-02 5.353996530175209045e-02 1.462825573980808258e-02 1.223981659859418869e-02 6.219798233360052109e-03 8.866136893630027771e-03 9.428502991795539856e-03 2.042329870164394379e-02 8.876459673047065735e-03 2.317653968930244446e-02 8.890919387340545654e-03 2.523017115890979767e-03 1.375950593501329422e-02 2.740632928907871246e-02 2.961026038974523544e-03 7.054661400616168976e-03 3.591113025322556496e-03 7.123006042093038559e-03 4.001071676611900330e-02 4.152988642454147339e-02 1.501380000263452530e-02 1.406315062195062637e-02 1.853509061038494110e-02 5.341044743545353413e-04 8.988705463707447052e-03 5.614450201392173767e-03 4.563651047646999359e-03 7.268893066793680191e-03 3.171325661242008209e-03 2.592770382761955261e-03 2.257686294615268707e-02 1.536110602319240570e-02 4.230893217027187347e-03 1.366529241204261780e-02 1.599613577127456665e-02 1.773783750832080841e-02 2.017016755416989326e-03 4.728734027594327927e-03 2.575679682195186615e-03 1.461414434015750885e-02 1.750267297029495239e-02 2.467449195683002472e-02 2.281941846013069153e-02 1.456125359982252121e-02 2.669966220855712891e-02 3.002230264246463776e-02 4.292204231023788452e-02 1.903099194169044495e-02 4.583721747621893883e-04 5.217707715928554535e-03 9.572578710503876209e-04 4.289135802537202835e-03 1.008160063065588474e-03 6.283808033913373947e-03 5.593942478299140930e-03 1.785787567496299744e-02 1.378938741981983185e-02 4.673115443438291550e-03 4.278761800378561020e-03 1.828492805361747742e-02 7.381446659564971924e-03 1.730121485888957977e-02 1.265932898968458176e-02 1.844453811645507812e-02 1.502857450395822525e-02 2.735208719968795776e-03 8.560748770833015442e-03 9.712161496281623840e-03 8.133440278470516205e-03 1.716838218271732330e-03
1.187565736472606659e-03 5.195035133510828018e-03 1.238958351314067841e-02 2.249743090942502022e-03 1.217012386769056320e-02 1.971349492669105530e-02 1.185376755893230438e-02 1.927073486149311066e-02 4.643435031175613403e-02 2.931033633649349213e-02 1.165959890931844711e-02 8.619208931922912598e-01 9.368733502924442291e-03 7.995176315307617188e-02 1.639460399746894836e-02 1.562630385160446167e-02 1.684004440903663635e-02 2.919158199802041054e-03 1.766448491252958775e-03 2.774046035483479500e-03 6.756933871656656265e-03 7.666282472200691700e-04 2.427519112825393677e-02 2.298870310187339783e-02 3.261047182604670525e-03 9.751356206834316254e-03 6.842819973826408386e-03 4.466214776039123535e-02 7.905785925686359406e-03 4.776118695735931396e-02 5.798656493425369263e-03 3.081869799643754959e-03 1.456889789551496506e-02 9.661911986768245697e-03 1.441693305969238281e-02 1.719313487410545349e-02 7.795658428221940994e-03 3.122842870652675629e-03 1.320346258580684662e-02 8.916453458368778229e-03 5.727426614612340927e-03 2.994832396507263184e-02 4.232863429933786392e-03 5.404022522270679474e-03 3.021479398012161255e-02 2.870752848684787750e-02 2.743390202522277832e-02 6.546401418745517731e-03 9.553838521242141724e-03 9.000267833471298218e-03 2.775020897388458252e-02 3.555015847086906433e-02 3.061063215136528015e-02 1.628338173031806946e-02 2.103004232048988342e-02 6.530561950057744980e-03 2.167082764208316803e-02 1.883995532989501953e-02 2.894771844148635864e-02 1.705126278102397919e-02 1.102065201848745346e-02 6.348492112010717392e-03 1.740556955337524414e-02 1.562911085784435272e-02 9.284658357501029968e-03 3.714919788762927055e-03 3.609839128330349922e-03 8.585917763411998749e-03 3.044304065406322479e-02 2.081472193822264671e-03 3.240068256855010986e-02 1.507872436195611954e-02 1.590828970074653625e-02 5.133653990924358368e-03 2.513977512717247009e-02 9.645866230130195618e-03 4.374338686466217041e-02 3.466896340250968933e-02 2.815237827599048615e-02 2.736428752541542053e-02 1.769516617059707642e-02 5.369878374040126801e-03 1.206032116897404194e-03 6.746862083673477173e-03 4.071747418493032455e-03 7.040715776383876801e-03 1.353011559695005417e-02 6.234903819859027863e-03 4.519463330507278442e-02 4.593352228403091431e-02 3.107399865984916687e-02 9.448200464248657227e-03 1.314823236316442490e-02 9.245914407074451447e-04 1.281168870627880096e-02 7.273314986377954483e-04 1.669256389141082764e-02 3.373804735019803047e-03 1.699239388108253479e-02 8.914086967706680298e-03 9.888190776109695435e-03 4.678394179791212082e-03 4.346693865954875946e-03 7.960667833685874939e-03 1.890710555016994476e-02 1.316398661583662033e-02 1.137159951031208038e-02 1.430321764200925827e-02 1.331777311861515045e-04 5.784369539469480515e-03 9.630480781197547913e-04 2.611586358398199081e-03 1.778325997292995453e-02 9.749864228069782257e-03 7.546373642981052399e-03 1.223253365606069565e-02
5.906255543231964111e-02 6.756455451250076294e-02 8.889991790056228638e-03 1.130475290119647980e-02 1.927381567656993866e-02 4.940464720129966736e-02 5.681296065449714661e-02 1.322132349014282227e-02 2.003721147775650024e-02 1.488802023231983185e-02 6.717888265848159790e-02 9.368733502924442291e-03 8.619208931922912598e-01 7.202048320323228836e-03 5.086714401841163635e-03 9.016199968755245209e-03 1.338680833578109741e-02 1.629054360091686249e-02 4.549947101622819901e-03 2.316603623330593109e-02 1.741042733192443848e-02 2.093863114714622498e-02 8.501132018864154816e-03 1.270019728690385818e-02 1.761586405336856842e-02 1.066878624260425568e-02 1.185536663979291916e-02 1.818428561091423035e-02 3.311729803681373596e-02 1.776784099638462067e-02 4.452524334192276001e-02 1.321844290941953659e-02 6.676229182630777359e-03 1.291256677359342575e-02 8.665964938700199127e-03 2.667513443157076836e-03 2.559292688965797424e-02 8.544689044356346130e-03 1.251889020204544067e-02 1.558478735387325287e-02 1.326698809862136841e-02 1.600063033401966095e-02 1.707027852535247803e-02 1.634340360760688782e-02 2.324263751506805420e-02 2.968677319586277008e-02 4.622251540422439575e-02 5.642487108707427979e-02 1.411780435591936111e-02 6.954571697860956192e-03 7.568563451059162617e-04 6.256851833313703537e-03 5.991954822093248367e-03 2.070129103958606720e-02 1.035857759416103363e-02 2.006341516971588135e-02 7.396742701530456543e-03 3.521180944517254829e-03 9.484353475272655487e-03 2.692216634750366211e-02 3.798703197389841080e-03 4.361437095212750137e-05 4.396278527565300465e-04 8.514624089002609253e-03 3.229841589927673340e-02 4.298003017902374268e-02 1.647922582924365997e-02 1.547916326671838760e-02 2.172829397022724152e-02 1.339785754680633545e-03 1.356205157935619354e-02 1.435621525160968304e-03 2.926340559497475624e-03 8.106173016130924225e-03 5.019466392695903778e-03 6.392457871697843075e-04 2.243158780038356781e-02 2.295333333313465118e-02 3.583608195185661316e-03 7.278840988874435425e-03 1.552324276417493820e-02 1.413696631789207458e-02 7.679820060729980469e-03 4.605902358889579773e-03 1.154900412075221539e-03 5.974217783659696579e-03 1.636774279177188873e-02 2.659678272902965546e-02 3.140739724040031433e-02 2.169326506555080414e-02 2.700125053524971008e-02 2.460569702088832855e-02 4.434270039200782776e-02 2.375884540379047394e-02 6.047413218766450882e-03 1.072290074080228806e-02 3.301680262666195631e-04 3.226290922611951828e-03 8.837584755383431911e-04 4.513618536293506622e-03 7.295408286154270172e-03 2.015751786530017853e-02 9.436379186809062958e-03 1.162926293909549713e-02 6.581096909940242767e-03 1.934573613107204437e-02 7.105270400643348694e-03 1.248329784721136093e-02 1.623915322124958038e-02 2.023204602301120758e-02 1.304022967815399170e-02 6.853766739368438721e-03 1.575164124369621277e-02 1.034802198410034180e-02 1.076187100261449814e-02 2.111740643158555031e-03
