8.468137979507446289e-01 8.112911880016326904e-02 2.618436235934495926e-03 3.929345984943211079e-04 7.314747199416160583e-04 7.324846088886260986e-02 6.376275420188903809e-02 1.264567486941814423e-02 5.637533497065305710e-03 4.387384746223688126e-03 6.361503899097442627e-02 1.167020015418529510e-02 6.267323344945907593e-02 4.251223057508468628e-03 3.237801417708396912e-02 1.271243393421173096e-02 6.138235767139121890e-05 9.961561299860477448e-03 2.931885886937379837e-03 1.862616650760173798e-02 1.862598769366741180e-02 2.581718936562538147e-02 6.652621086686849594e-03 1.148914545774459839e-02 1.100364048033952713e-02 2.445282787084579468e-02 3.855285001918673515e-03 4.954987671226263046e-04 1.422804500907659531e-02 1.708928903099149466e-04 1.151032466441392899e-02 1.760146394371986389e-02 2.692946419119834900e-02 2.118927054107189178e-02 1.396163646131753922e-02 2.460814081132411957e-02 2.695338428020477295e-02 7.307493593543767929e-03 9.863815270364284515e-03 5.719953216612339020e-03 1.679817773401737213e-02 1.392190717160701752e-02 1.748515642248094082e-03 6.023502908647060394e-03 1.635523326694965363e-02 7.513458374887704849e-03 6.139690056443214417e-02 5.670636147260665894e-02 6.387619068846106529e-04 1.910652592778205872e-02 7.131922058761119843e-03 1.641979068517684937e-02 1.824242621660232544e-02 1.307411957532167435e-02 5.756136029958724976e-03 2.128178440034389496e-02 1.221977267414331436e-02 9.555919095873832703e-03 1.392052322626113892e-02 1.231716293841600418e-02 2.343902178108692169e-02 1.848609559237957001e-02 1.325609348714351654e-02 5.277074873447418213e-03 2.299619838595390320e-02 2.388559840619564056e-02 1.276176888495683670e-02 4.610791802406311035e-03 8.590424433350563049e-03 1.125356741249561310e-02 3.744193119928240776e-03 1.034146547317504883e-02 6.460924632847309113e-04 2.093071676790714264e-02 6.020807195454835892e-03 1.755043491721153259e-02 2.633906900882720947e-03 1.047268696129322052e-02 2.171344868838787079e-02 2.142625115811824799e-02 4.860906861722469330e-03 2.950378693640232086e-03 1.528911408968269825e-03 4.586321767419576645e-03 4.655102733522653580e-03 7.638094946742057800e-03 2.329010888934135437e-02 2.292116172611713409e-02 4.222967661917209625e-03 1.916523650288581848e-02 4.086595028638839722e-02 1.427299715578556061e-02 2.766973339021205902e-02 1.204410474747419357e-02 1.674480736255645752e-02 5.500598927028477192e-04 6.163595244288444519e-03 2.446823567152023315e-02 1.436833478510379791e-02 8.466385304927825928e-03 1.580286957323551178e-02 1.045214571058750153e-02 8.993773721158504486e-03 2.283861394971609116e-03 1.096677221357822418e-02 6.238703615963459015e-03 8.633129298686981201e-03 6.799202878028154373e-03 5.946854129433631897e-03 1.236576121300458908e-02 2.212321199476718903e-02 3.533585229888558388e-03 1.384580391459167004e-03 1.373584847897291183e-02 2.178380265831947327e-03 1.143593434244394302e-02
8.112911880016326904e-02 8.468137979507446289e-01 5.566141568124294281e-03 2.341808052733540535e-03 7.424976676702499390e-03 7.169389724731445312e-02 6.953468173742294312e-02 1.710803434252738953e-02 8.252862840890884399e-03 7.103279698640108109e-03 5.709479004144668579e-02 7.656897418200969696e-03 6.666405498981475830e-02 5.482371896505355835e-03 3.765452280640602112e-02 1.114800851792097092e-02 9.429187630303204060e-04 1.531105837784707546e-03 1.409895136021077633e-03 1.325219497084617615e-02 5.616658832877874374e-03 3.113237582147121429e-02 2.793930703774094582e-03 1.381539157591760159e-03 5.216615274548530579e-03 1.640488952398300171e-02 3.471201518550515175e-03 7.432814221829175949e-03 5.742237903177738190e-03 2.079426310956478119e-03 6.192198488861322403e-03 1.833120733499526978e-02 2.389698475599288940e-02 2.090481854975223541e-02 1.051048841327428818e-02 3.486278653144836426e-02 3.877593949437141418e-02 8.553700521588325500e-03 1.241098251193761826e-02 9.562597610056400299e-03 1.019175257533788681e-02 6.044325418770313263e-03 2.044257707893848419e-03 2.740074414759874344e-03 1.900355704128742218e-02 7.578019984066486359e-03 6.057244166731834412e-02 4.931430518627166748e-02 4.649316892027854919e-03 2.288677543401718140e-02 1.534384675323963165e-02 2.526200935244560242e-02 1.778083667159080505e-02 1.300404127687215805e-02 8.901159744709730148e-04 2.297502756118774414e-02 8.806682191789150238e-03 1.797201670706272125e-02 1.430130843073129654e-02 1.040995307266712189e-02 2.051963098347187042e-02 1.534207630902528763e-02 6.438416894525289536e-03 1.916744047775864601e-03 1.622664742171764374e-02 2.235198579728603363e-02 1.594260521233081818e-02 3.363898955285549164e-03 1.845316612161695957e-03 1.322242803871631622e-02 1.439998485147953033e-02 1.693264394998550415e-02 1.622071431484073400e-04 2.355179376900196075e-02 9.078211151063442230e-03 1.653141714632511139e-02 8.533093146979808807e-03 1.603083685040473938e-02 2.094111032783985138e-02 1.539511233568191528e-02 9.664654731750488281e-03 6.756301503628492355e-03 1.084145717322826385e-02 1.659468747675418854e-02 7.819645106792449951e-03 1.701383269391953945e-03 2.448283880949020386e-02 2.872822992503643036e-02 1.336077135056257248e-02 1.856121420860290527e-02 3.039033152163028717e-02 1.506067812442779541e-02 2.518636360764503479e-02 8.827733807265758514e-03 1.988715305924415588e-02 1.179757155478000641e-02 4.758048336952924728e-03 1.606526970863342285e-02 9.028301574289798737e-03 3.146717557683587074e-03 2.168590202927589417e-02 2.039218507707118988e-02 1.068123243749141693e-02 1.817088807001709938e-03 8.211713284254074097e-03 5.573813337832689285e-03 1.445953082293272018e-02 8.153888047672808170e-04 1.279900781810283661e-02 1.874732598662376404e-02 1.633703149855136871e-02 9.559949976392090321e-04 1.136579923331737518e-02 1.599345728754997253e-02 3.694085404276847839e-03 1.061273552477359772e-02
2.618436235934495926e-03 5.566141568124294281e-03 8.468137979507446289e-01 1.164809707552194595e-02 1.246351003646850586e-02 1.756488112732768059e-03 5.270089022815227509e-03 5.402696505188941956e-02 1.135348808020353317e-03 1.303853653371334076e-02 1.230821106582880020e-02 5.531749688088893890e-03 1.431385986506938934e-02 3.214550670236349106e-03 3.508909791707992554e-02 1.857608929276466370e-02 9.787699207663536072e-03 1.506793312728404999e-02 5.051072803325951099e-04 1.465901080518960953e-02 5.729792173951864243e-03 3.623192757368087769e-02 1.300192624330520630e-02 8.460465818643569946e-03 3.419637214392423630e-04 7.048937957733869553e-03 2.826454117894172668e-02 6.537291686981916428e-03 1.244639977812767029e-02 1.744047622196376324e-03 3.925366327166557312e-03 1.635145023465156555e-02 1.984285935759544373e-02 7.327897008508443832e-03 1.989523693919181824e-02 1.622105203568935394e-02 2.132071740925312042e-02 5.789466202259063721e-03 2.772722020745277405e-02 3.561092540621757507e-02 3.885493800044059753e-02 4.046780231874436140e-04 3.611415391787886620e-03 5.108958110213279724e-02 1.098987273871898651e-02 1.298366766422986984e-02 4.311260126996785402e-04 4.002232162747532129e-04 1.724352315068244934e-02 1.624123193323612213e-02 9.927659295499324799e-03 1.678459160029888153e-02 1.742945984005928040e-02 2.615305222570896149e-02 3.194296034052968025e-03 1.192824821919202805e-02 3.639002097770571709e-03 7.214451208710670471e-03 3.094700351357460022e-02 3.283500298857688904e-02 3.775201737880706787e-03 1.171678118407726288e-02 7.865604944527149200e-03 2.723767422139644623e-02 5.862035322934389114e-04 2.155829779803752899e-02 9.599497541785240173e-03 7.772151846438646317e-03 5.795812699943780899e-03 8.951066993176937103e-03 1.117256376892328262e-02 1.114122942090034485e-02 1.247647870332002640e-02 1.416987273842096329e-02 4.045991692692041397e-03 1.108443457633256912e-02 2.387836109846830368e-03 6.124405772425234318e-04 6.820461247116327286e-03 1.854630070738494396e-03 6.059291958808898926e-02 6.373371928930282593e-02 9.926238562911748886e-04 4.108745604753494263e-03 8.785645477473735809e-03 1.086388807743787766e-02 3.858390823006629944e-02 3.848176449537277222e-02 1.103725377470254898e-02 8.990361355245113373e-03 1.717429794371128082e-02 3.133589029312133789e-02 1.500690542161464691e-02 3.005269169807434082e-02 2.000196836888790131e-02 2.273905649781227112e-02 6.500012706965208054e-03 1.442550495266914368e-02 4.127411171793937683e-03 2.834709826856851578e-03 1.091518625617027283e-02 3.526884829625487328e-03 1.200480200350284576e-02 1.945515046827495098e-03 3.146835789084434509e-02 3.031409345567226410e-02 2.544096671044826508e-02 1.920625381171703339e-02 1.565748080611228943e-02 1.881228387355804443e-02 1.427048910409212112e-02 3.466309979557991028e-02 2.313217613846063614e-03 4.644259810447692871e-03 1.950199832208454609e-03 1.762950979173183441e-02
3.929345984943211079e-04 2.341808052733540535e-03 1.164809707552194595e-02 8.468137979507446289e-01 6.625544279813766479e-02 6.264053750783205032e-03 4.010746255517005920e-03 1.250260788947343826e-02 3.441698104143142700e-02 2.610434405505657196e-02 8.588073775172233582e-03 3.946757875382900238e-03 3.994560393039137125e-04 6.851028650999069214e-03 1.019676122814416885e-02 2.115501649677753448e-02 3.491798043251037598e-02 2.572058513760566711e-02 3.495540842413902283e-02 3.508396679535508156e-03 1.067262887954711914e-02 7.920691743493080139e-03 1.678984239697456360e-02 1.962768286466598511e-02 6.528185680508613586e-03 1.931880717165768147e-03 6.410789676010608673e-03 2.003861218690872192e-02 3.900806186720728874e-03 1.731055416166782379e-02 8.430764079093933105e-03 1.544675976037979126e-02 1.394459977746009827e-02 1.416569761931896210e-02 1.071450579911470413e-02 8.184142410755157471e-03 1.060000434517860413e-02 1.206569094210863113e-02 5.574880167841911316e-02 4.571692645549774170e-02 5.605453625321388245e-03 2.435300871729850769e-02 1.301825884729623795e-02 1.207395922392606735e-02 3.542491793632507324e-02 1.396946795284748077e-02 4.111332236789166927e-04 1.039780490100383759e-02 3.941519930958747864e-02 2.931481599807739258e-02 2.217913232743740082e-02 1.877159066498279572e-02 2.631570212543010712e-02 1.426646951586008072e-02 3.089621476829051971e-02 2.693305537104606628e-02 1.082493364810943604e-02 8.256057277321815491e-03 2.451731823384761810e-02 3.757315920665860176e-03 2.626432664692401886e-02 1.523865479975938797e-02 1.853816770017147064e-02 8.255220018327236176e-03 1.137425098568201065e-02 9.655539877712726593e-03 9.196309372782707214e-03 1.907358132302761078e-02 1.138368714600801468e-02 5.103611852973699570e-03 1.975400187075138092e-02 1.879522809758782387e-03 5.528322979807853699e-02 1.043837610632181168e-02 4.976066574454307556e-02 1.153498073108494282e-03 2.413851767778396606e-02 2.350218035280704498e-02 3.922593966126441956e-02 2.676428109407424927e-02 7.943466305732727051e-03 1.477096416056156158e-02 4.377723112702369690e-02 3.870899975299835205e-02 2.095654979348182678e-02 3.684104979038238525e-02 7.988546043634414673e-03 6.193653680384159088e-04 1.190786901861429214e-02 6.079296581447124481e-03 5.629492457956075668e-03 7.760174572467803955e-03 4.155624192208051682e-03 1.416028942912817001e-02 1.482645398937165737e-03 3.377232700586318970e-03 5.637907888740301132e-03 6.484774872660636902e-03 2.391183003783226013e-02 2.530281059443950653e-02 1.008031331002712250e-02 7.737464620731770992e-04 6.277320440858602524e-03 1.463193475501611829e-04 2.001856639981269836e-02 4.689191468060016632e-03 9.810117073357105255e-03 2.688881708309054375e-03 6.856207270175218582e-03 5.003199446946382523e-03 7.509995717555284500e-03 1.188752148300409317e-02 2.486072666943073273e-02 2.140490524470806122e-02 8.986798115074634552e-03 3.186976769939064980e-03
7.314747199416160583e-04 7.424976676702499390e-03 1.246351003646850586e-02 6.625544279813766479e-02 8.468137979507446289e-01 3.993448801338672638e-03 7.822459563612937927e-03 1.283575966954231262e-02 2.433327771723270416e-02 2.100865729153156281e-02 4.508546087890863419e-03 1.427621021866798401e-02 1.546572544611990452e-03 1.384049374610185623e-02 1.020450703799724579e-02 4.150541033595800400e-03 2.481815032660961151e-02 1.514348946511745453e-02 5.670021846890449524e-02 8.302768692374229431e-03 1.345211360603570938e-02 6.537343724630773067e-04 1.033813972026109695e-02 1.131559908390045166e-02 4.477997776120901108e-03 2.787238219752907753e-03 6.056576501578092575e-03 5.255204625427722931e-03 1.248656585812568665e-02 5.779716884717345238e-04 1.030208822339773178e-02 1.448959577828645706e-03 2.518322318792343140e-02 2.509773708879947662e-03 2.165334112942218781e-02 8.681560866534709930e-03 1.830228045582771301e-02 2.188037708401679993e-02 5.496897548437118530e-02 5.792976543307304382e-02 3.825170453637838364e-03 2.732854522764682770e-02 3.113016486167907715e-02 5.004138220101594925e-03 3.270379826426506042e-02 2.643282897770404816e-02 3.524104540701955557e-04 4.606380127370357513e-03 2.833387814462184906e-02 6.348112598061561584e-03 3.297961130738258362e-02 2.446231059730052948e-02 1.824489608407020569e-02 8.416768163442611694e-03 2.268711663782596588e-02 4.257035441696643829e-03 1.114494446665048599e-02 8.730317465960979462e-03 3.152872622013092041e-02 5.071073770523071289e-03 1.631448417901992798e-02 3.858275711536407471e-02 1.772494986653327942e-02 8.487896062433719635e-03 1.353195495903491974e-02 9.110063314437866211e-03 2.116844058036804199e-03 1.483154110610485077e-02 9.154476225376129150e-03 1.667531020939350128e-02 2.238083072006702423e-02 1.989290118217468262e-02 2.235849760472774506e-02 2.061713114380836487e-02 4.486099630594253540e-02 2.162030525505542755e-02 2.802783623337745667e-02 2.852991409599781036e-02 3.180226311087608337e-02 2.192698419094085693e-02 1.363541372120380402e-02 1.858044601976871490e-02 2.804833836853504181e-02 5.715143680572509766e-02 1.073527242988348007e-02 2.720758318901062012e-02 1.387640275061130524e-02 2.443376928567886353e-03 6.207095575518906116e-04 6.867907941341400146e-03 1.062415540218353271e-02 1.370774954557418823e-02 1.697009778581559658e-03 1.811138540506362915e-02 6.593116559088230133e-04 1.524390280246734619e-02 7.688445039093494415e-04 1.742992363870143890e-02 2.077730745077133179e-02 2.504081092774868011e-02 3.429226926527917385e-04 1.914254017174243927e-02 1.478764507919549942e-02 9.223915636539459229e-03 2.656422927975654602e-02 1.150706410408020020e-02 2.080127038061618805e-02 2.932455157861113548e-03 6.534543819725513458e-03 6.563225295394659042e-03 1.752685755491256714e-02 7.141062815207988024e-05 3.536558896303176880e-02 3.409693017601966858e-02 4.392052534967660904e-03 1.080652326345443726e-02
7.324846088886260986e-02 7.169389724731445312e-02 1.756488112732768059e-03 6.264053750783205032e-03 3.993448801338672638e-03 8.468137979507446289e-01 8.297520875930786133e-02 9.877314791083335876e-03 1.301025040447711945e-03 5.537305260077118874e-04 5.104248970746994019e-02 1.179907377809286118e-02 5.887572839856147766e-02 2.322950214147567749e-02 2.920422889292240143e-02 1.233553234487771988e-02 6.327764596790075302e-03 5.327023565769195557e-03 1.279559917747974396e-02 2.124545350670814514e-02 9.423461742699146271e-03 2.554258517920970917e-02 1.850847853347659111e-03 4.288477939553558826e-04 7.796436548233032227e-03 1.223997958004474640e-02 2.206076402217149734e-03 6.025886163115501404e-03 8.353566750884056091e-03 1.293284166604280472e-02 1.140744239091873169e-02 1.726466231048107147e-02 2.617916278541088104e-02 2.268327027559280396e-02 1.460169255733489990e-02 2.079057320952415466e-02 2.430851757526397705e-02 1.185352355241775513e-02 3.642438910901546478e-03 9.557140292599797249e-04 1.428384613245725632e-02 1.443383190780878067e-02 1.562464167363941669e-03 4.109820351004600525e-03 9.327585808932781219e-03 5.949740298092365265e-03 7.719717919826507568e-02 6.098188087344169617e-02 2.498393179848790169e-03 2.181850373744964600e-02 5.062732845544815063e-03 1.208336371928453445e-02 1.016014907509088516e-02 1.850165426731109619e-02 2.140786265954375267e-03 2.340560406446456909e-02 8.316573686897754669e-03 1.171577349305152893e-02 1.249442901462316513e-02 2.159758098423480988e-02 1.368745509535074234e-02 1.655756682157516479e-02 1.703052222728729248e-02 9.917879477143287659e-03 2.535002492368221283e-02 3.259797766804695129e-02 2.107690274715423584e-02 6.007293239235877991e-03 2.444235607981681824e-03 6.640468724071979523e-03 6.106127519160509109e-03 1.668717898428440094e-02 1.081116776913404465e-02 1.886393129825592041e-02 3.648167476058006287e-03 1.509962324053049088e-02 1.576854265294969082e-03 7.199621759355068207e-03 1.388188824057579041e-02 1.366078387945890427e-02 5.626999307423830032e-03 3.955906257033348083e-03 1.610312727279961109e-03 1.071697566658258438e-02 7.187845767475664616e-04 5.848333821631968021e-04 1.849769428372383118e-02 2.849137410521507263e-02 1.040548067976487800e-05 1.087849494069814682e-02 4.364752024412155151e-02 1.688983291387557983e-02 3.471411392092704773e-02 1.583772152662277222e-02 4.245032556354999542e-03 9.121998213231563568e-03 2.725699217990040779e-03 1.745400018990039825e-02 9.739466942846775055e-03 9.125088341534137726e-03 1.141453254967927933e-02 4.981944803148508072e-03 1.353772450238466263e-02 8.152632974088191986e-03 9.108371101319789886e-03 8.368867449462413788e-03 4.139561671763658524e-03 9.633155539631843567e-03 2.786694793030619621e-03 1.095364429056644440e-02 1.853510364890098572e-02 3.388730343431234360e-03 4.697209224104881287e-03 1.118827518075704575e-02 6.387240719050168991e-03 2.591172046959400177e-02
6.376275420188903809e-02 6.953468173742294312e-02 5.270089022815227509e-03 4.010746255517005920e-03 7.822459563612937927e-03 8.297520875930786133e-02 8.468137979507446289e-01 1.423733308911323547e-02 2.176082460209727287e-03 2.844973700121045113e-03 5.358166247606277466e-02 5.443687085062265396e-03 5.993306264281272888e-02 1.699574664235115051e-02 3.100511245429515839e-02 9.914491325616836548e-03 8.361350628547370434e-04 3.975190920755267143e-04 5.642835982143878937e-03 2.158129587769508362e-02 4.406259860843420029e-03 2.832564152777194977e-02 2.881334396079182625e-03 1.026537036523222923e-03 9.365520440042018890e-03 8.896741084754467010e-03 2.236795844510197639e-03 1.344009302556514740e-03 1.179254427552223206e-02 5.674241110682487488e-03 1.403608173131942749e-02 1.619730703532695770e-02 2.733402885496616364e-02 2.110369503498077393e-02 1.946207135915756226e-02 2.504647150635719299e-02 2.678322605788707733e-02 1.326979603618383408e-02 1.087094657123088837e-02 6.722725462168455124e-03 1.320238225162029266e-02 1.770492270588874817e-02 9.591406211256980896e-03 7.176372688263654709e-03 1.082147844135761261e-02 4.501474555581808090e-03 7.403156906366348267e-02 6.559365987777709961e-02 2.714861882850527763e-03 1.881306618452072144e-02 6.314456928521394730e-03 1.249434426426887512e-02 1.257634162902832031e-02 2.349578775465488434e-02 7.765847840346395969e-04 2.203798294067382812e-02 8.736020885407924652e-03 1.441986858844757080e-02 1.633527316153049469e-02 2.447333931922912598e-02 1.216183230280876160e-02 1.747114211320877075e-02 1.714356988668441772e-02 1.229800749570131302e-02 2.818671986460685730e-02 3.692948818206787109e-02 2.323090657591819763e-02 5.715141538530588150e-03 1.623424701392650604e-03 4.847999196499586105e-03 1.344882138073444366e-02 1.295386627316474915e-02 5.883904639631509781e-03 1.337318215519189835e-02 4.673958756029605865e-03 1.219707541167736053e-02 6.614723708480596542e-03 7.685876917093992233e-03 1.824202761054039001e-02 2.055014669895172119e-02 1.261400431394577026e-02 1.042370591312646866e-02 7.272204966284334660e-04 1.407115347683429718e-02 1.022239681333303452e-03 2.610437572002410889e-03 2.278458885848522186e-02 3.353404253721237183e-02 8.042499423027038574e-03 1.562673039734363556e-02 4.104387760162353516e-02 1.907302625477313995e-02 3.650749847292900085e-02 1.936657913029193878e-02 5.439469125121831894e-03 2.597460057586431503e-03 3.587288316339254379e-03 8.643871173262596130e-03 1.109889894723892212e-02 8.821715600788593292e-03 1.326884701848030090e-02 1.310026366263628006e-02 1.314696669578552246e-02 1.464710384607315063e-02 9.206554852426052094e-03 1.299871969968080521e-02 8.501958101987838745e-03 1.003599353134632111e-02 2.216197783127427101e-03 7.995369844138622284e-03 1.599286496639251709e-02 5.421707406640052795e-03 5.214392207562923431e-03 9.485032409429550171e-03 1.932534156367182732e-03 2.345255203545093536e-02
1.264567486941814423e-02 1.710803434252738953e-02 5.402696505188941956e-02 1.250260788947343826e-02 1.283575966954231262e-02 9.877314791083335876e-03 1.423733308911323547e-02 8.468137979507446289e-01 9.750046301633119583e-04 1.165710948407649994e-02 2.839973755180835724e-02 6.698519922792911530e-03 2.588955312967300415e-02 1.030588708817958832e-02 5.169002339243888855e-02 1.318571995943784714e-02 3.501310711726546288e-03 1.744103431701660156e-02 9.589422494173049927e-03 2.138734608888626099e-02 1.591744460165500641e-02 4.419099166989326477e-02 1.269697211682796478e-02 1.097131799906492233e-02 1.069326512515544891e-02 1.396420970559120178e-02 2.789415046572685242e-02 3.996075596660375595e-03 4.390489775687456131e-03 7.615142036229372025e-03 1.102942228317260742e-02 1.886739768087863922e-02 2.193612977862358093e-02 2.420170791447162628e-02 2.358652465045452118e-02 3.270637243986129761e-02 3.664417192339897156e-02 1.622775197029113770e-02 3.082873858511447906e-02 3.861107677221298218e-02 1.493902225047349930e-02 3.507669083774089813e-03 3.982467576861381531e-03 1.199089363217353821e-02 1.273572072386741638e-02 1.123782154172658920e-02 1.265885401517152786e-02 3.034675726667046547e-03 1.761546730995178223e-02 1.932795904576778412e-02 2.438551187515258789e-02 2.446653507649898529e-02 2.901262976229190826e-02 3.345334157347679138e-02 4.649767186492681503e-03 1.301633287221193314e-02 1.016086898744106293e-02 1.689781993627548218e-02 2.804464846849441528e-02 3.540233150124549866e-02 2.061108825728297234e-03 2.106435596942901611e-02 7.928912527859210968e-03 1.071826927363872528e-02 1.161438506096601486e-02 2.447415329515933990e-02 1.581341400742530823e-02 1.220131851732730865e-02 6.076583173125982285e-03 4.758354742079973221e-03 1.096096076071262360e-02 2.182160504162311554e-03 3.121625864878296852e-03 2.479494083672761917e-03 2.448597224429249763e-04 7.193654775619506836e-03 1.552505046129226685e-02 6.207872182130813599e-03 5.744211375713348389e-03 9.519468061625957489e-03 6.224549934267997742e-02 5.033298954367637634e-02 8.239194750785827637e-03 1.033501792699098587e-02 2.593282610177993774e-03 1.144507713615894318e-02 5.225495621562004089e-02 4.430049285292625427e-02 1.389509066939353943e-02 1.134094595909118652e-02 1.489026704803109169e-03 2.754170820116996765e-02 4.576466511934995651e-03 3.240350633859634399e-02 1.740169152617454529e-02 2.004347927868366241e-02 6.724726874381303787e-03 6.785300560295581818e-03 2.500312170013785362e-03 1.197482738643884659e-02 2.644597552716732025e-02 2.013586461544036865e-02 4.719183314591646194e-03 1.103121414780616760e-02 4.010091349482536316e-02 3.446916490793228149e-02 3.401301801204681396e-02 1.457175239920616150e-02 3.143377974629402161e-02 8.840858004987239838e-03 1.281637884676456451e-02 1.369640603661537170e-02 6.776004564017057419e-03 1.260325964540243149e-02 4.671332426369190216e-03 1.834321208298206329e-02
5.637533497065305710e-03 8.252862840890884399e-03 1.135348808020353317e-03 3.441698104143142700e-02 2.433327771723270416e-02 1.301025040447711945e-03 2.176082460209727287e-03 9.750046301633119583e-04 8.468137979507446289e-01 6.329991668462753296e-02 5.912846536375582218e-04 3.355896100401878357e-02 4.234154243022203445e-03 2.193423360586166382e-02 5.404196679592132568e-03 4.332945123314857483e-02 4.728492721915245056e-02 2.043797634541988373e-02 3.059957816731184721e-04 1.855964958667755127e-02 1.149064279161393642e-03 6.755867507308721542e-04 2.801023051142692566e-02 2.675959281623363495e-02 1.224169600754976273e-02 4.162805620580911636e-03 7.280016783624887466e-03 1.088479254394769669e-02 1.532417081762105227e-05 8.802006021142005920e-03 1.054829545319080353e-02 1.724326051771640778e-02 6.015779916197061539e-03 5.019344855099916458e-03 4.951899871230125427e-03 4.923929460346698761e-03 2.311545656993985176e-03 1.450723852030932903e-03 7.689522113651037216e-03 1.187398564070463181e-03 1.346207410097122192e-02 5.601180717349052429e-02 2.826184034347534180e-02 1.462109480053186417e-02 4.405025020241737366e-02 2.091977931559085846e-02 4.533871542662382126e-03 4.034538287669420242e-03 4.285857826471328735e-02 2.647653967142105103e-02 3.168203309178352356e-02 2.392589114606380463e-02 2.053517149761319160e-03 1.111814402975142002e-03 4.682017862796783447e-02 3.668512403964996338e-02 2.307392656803131104e-02 9.535379707813262939e-03 3.153076162561774254e-03 2.734952140599489212e-03 7.283850573003292084e-03 3.670944366604089737e-03 6.058635655790567398e-03 5.552829708904027939e-03 1.878674142062664032e-02 1.104179769754409790e-02 1.151347812265157700e-02 4.937130026519298553e-03 5.220095813274383545e-02 1.823591417632997036e-03 4.354561492800712585e-02 1.123775728046894073e-02 9.137735702097415924e-03 3.047745442017912865e-03 9.423233568668365479e-04 2.996741561219096184e-03 6.829983741044998169e-02 5.980089306831359863e-02 4.450591281056404114e-02 2.297823876142501831e-02 1.167219504714012146e-02 3.295411122962832451e-03 5.855907220393419266e-03 1.065126433968544006e-02 2.844426594674587250e-02 2.511054277420043945e-02 1.395059283822774887e-02 3.079011105000972748e-03 1.824904605746269226e-02 2.421601861715316772e-02 1.682704896666109562e-03 2.444029087200760841e-03 7.780404412187635899e-04 1.236943434923887253e-02 1.627886667847633362e-02 1.535946410149335861e-02 9.010631591081619263e-03 1.095139048993587494e-02 5.062435939908027649e-02 4.381452500820159912e-02 9.137914516031742096e-03 6.554513238370418549e-03 4.228289704769849777e-03 1.101921778172254562e-02 6.609619595110416412e-03 8.809258230030536652e-03 1.092745922505855560e-02 1.639813184738159180e-02 8.337703533470630646e-03 7.256082259118556976e-03 5.732598248869180679e-03 1.267930213361978531e-02 3.639455512166023254e-02 2.481727860867977142e-02 2.923789992928504944e-02 8.621274493634700775e-03
4.387384746223688126e-03 7.103279698640108109e-03 1.303853653371334076e-02 2.610434405505657196e-02 2.100865729153156281e-02 5.537305260077118874e-04 2.844973700121045113e-03 1.165710948407649994e-02 6.329991668462753296e-02 8.468137979507446289e-01 3.048155922442674637e-03 3.785717487335205078e-02 4.833687562495470047e-03 3.960115462541580200e-02 9.985626675188541412e-03 3.787926211953163147e-02 4.548986628651618958e-02 1.208683848381042480e-02 5.622825119644403458e-03 2.786896936595439911e-02 4.647375084459781647e-03 3.736705984920263290e-03 3.330606594681739807e-02 3.686716407537460327e-02 2.238231524825096130e-02 9.979688562452793121e-03 1.051019039005041122e-02 1.969403401017189026e-02 5.638250615447759628e-03 2.309979125857353210e-02 5.903803277760744095e-03 1.532034389674663544e-02 8.424380794167518616e-03 1.227968465536832809e-02 5.253317300230264664e-03 8.330331183969974518e-03 1.205267291516065598e-02 1.334101241081953049e-02 6.887537427246570587e-03 1.294094836339354515e-04 2.933094045147299767e-03 4.323557019233703613e-02 3.521707281470298767e-02 6.218887399882078171e-03 2.927770651876926422e-02 2.999098226428031921e-02 7.635063491761684418e-03 6.508370395749807358e-03 2.898643352091312408e-02 3.411002829670906067e-02 2.679186873137950897e-02 2.569206804037094116e-02 3.409946803003549576e-03 1.136386208236217499e-02 2.011484280228614807e-02 4.068231582641601562e-02 1.319091953337192535e-02 1.751925610005855560e-02 5.883102770894765854e-03 1.455087680369615555e-02 6.522892974317073822e-03 1.107894349843263626e-02 2.951702568680047989e-03 1.274279667995870113e-03 2.097086794674396515e-02 9.966508485376834869e-03 1.608466170728206635e-02 5.538127385079860687e-03 4.122067987918853760e-02 1.007060520350933075e-02 4.563651233911514282e-02 9.359613060951232910e-03 1.214255671948194504e-02 2.048981375992298126e-02 2.776741457637399435e-04 7.772466167807579041e-03 4.771944507956504822e-02 7.210418581962585449e-02 2.212411910295486450e-02 3.436492383480072021e-02 1.667320355772972107e-02 5.043109878897666931e-03 1.840226538479328156e-02 8.557369001209735870e-03 2.103944495320320129e-02 3.286892920732498169e-02 1.666766963899135590e-02 3.757926402613520622e-03 1.720003900118172169e-03 4.108469933271408081e-02 3.694956889376044273e-03 1.005403231829404831e-02 2.781021175906062126e-03 5.973987746983766556e-03 1.454730983823537827e-02 2.343341521918773651e-02 2.391443215310573578e-02 1.451015705242753029e-04 3.714052587747573853e-02 4.048592597246170044e-02 1.580957695841789246e-02 1.547059882432222366e-02 1.542831584811210632e-02 2.775817411020398140e-03 2.187655773013830185e-03 5.842759273946285248e-03 4.163663834333419800e-03 6.482916884124279022e-03 1.664882339537143707e-02 1.038154959678649902e-02 6.198181770741939545e-03 2.926092594861984253e-03 2.602515928447246552e-02 2.740635722875595093e-02 1.655340753495693207e-02 3.510649316012859344e-03
6.361503899097442627e-02 5.709479004144668579e-02 1.230821106582880020e-02 8.588073775172233582e-03 4.508546087890863419e-03 5.104248970746994019e-02 5.358166247606277466e-02 2.839973755180835724e-02 5.912846536375582218e-04 3.048155922442674637e-03 8.468137979507446289e-01 7.052642293274402618e-03 7.420152425765991211e-02 1.130274031311273575e-03 4.329732060432434082e-02 1.294918078929185867e-02 5.054369103163480759e-03 5.141032859683036804e-03 1.119967433623969555e-03 2.147494442760944366e-02 2.384015917778015137e-02 3.207100555300712585e-02 1.340959104709327221e-03 6.916698534041643143e-03 1.227207947522401810e-02 2.117710188031196594e-02 8.092768490314483643e-03 1.111158542335033417e-02 1.155074313282966614e-02 1.230510184541344643e-03 3.837293246760964394e-03 1.651635579764842987e-02 2.747257426381111145e-02 2.990387007594108582e-02 2.388650737702846527e-02 2.085668221116065979e-02 2.408031933009624481e-02 1.095498166978359222e-02 9.760087355971336365e-03 1.130705606192350388e-02 1.318905688822269440e-02 1.074651349335908890e-02 5.727875512093305588e-03 4.137055075261741877e-04 3.532917471602559090e-03 3.885909216478466988e-03 5.298576876521110535e-02 4.674816131591796875e-02 4.061695653945207596e-03 1.832750439643859863e-02 3.785562701523303986e-03 8.595362305641174316e-03 2.357467450201511383e-02 2.196445688605308533e-02 2.699764212593436241e-03 2.109520882368087769e-02 8.676714263856410980e-03 1.260961964726448059e-02 2.706286869943141937e-02 2.490098774433135986e-02 1.207328680902719498e-02 2.181782014667987823e-02 1.595269888639450073e-02 8.673619478940963745e-03 3.865192085504531860e-02 4.059245437383651733e-02 1.822649501264095306e-02 1.704141125082969666e-02 3.216347424313426018e-03 2.474270993843674660e-03 4.161209333688020706e-03 1.156112644821405411e-02 2.465456025674939156e-03 1.381675805896520615e-02 5.076130386441946030e-03 2.845768444240093231e-02 1.273950561881065369e-03 6.960716564208269119e-03 1.856488408520817757e-03 1.477686339057981968e-03 2.166084386408329010e-02 1.707545295357704163e-02 3.998279571533203125e-03 3.103913972154259682e-03 5.664145573973655701e-04 3.431129734963178635e-03 4.179550334811210632e-02 3.766764327883720398e-02 8.785378187894821167e-03 1.238736417144536972e-02 2.690418995916843414e-02 2.778562717139720917e-02 2.296516671776771545e-02 2.711936458945274353e-02 6.145267281681299210e-03 5.873594200238585472e-04 1.362126553431153297e-03 2.153401449322700500e-02 1.257968321442604065e-02 8.117552846670150757e-03 1.471557375043630600e-02 1.797616109251976013e-02 9.850081056356430054e-03 4.708967637270689011e-03 1.932206936180591583e-02 1.975589431822299957e-02 1.472025178372859955e-02 1.274320296943187714e-02 1.631735078990459442e-02 1.621035160496830940e-03 1.581707969307899475e-02 3.250734414905309677e-03 1.328250509686768055e-03 1.047305879183113575e-03 1.773803611285984516e-03 2.075018547475337982e-02
1.167020015418529510e-02 7.656897418200969696e-03 5.531749688088893890e-03 3.946757875382900238e-03 1.427621021866798401e-02 1.179907377809286118e-02 5.443687085062265396e-03 6.698519922792911530e-03 3.355896100401878357e-02 3.785717487335205078e-02 7.052642293274402618e-03 8.468137979507446289e-01 2.576967468485236168e-03 8.068899810314178467e-02 1.306503545492887497e-02 1.701881177723407745e-02 2.759152837097644806e-02 4.079117905348539352e-03 2.668101573362946510e-03 1.208773069083690643e-02 2.842224435880780220e-03 2.069173194468021393e-02 4.191557317972183228e-02 3.793665021657943726e-02 1.166467554867267609e-02 1.941309310495853424e-03 1.418471708893775940e-02 4.889658838510513306e-02 2.366075851023197174e-02 5.837038531899452209e-02 6.947604473680257797e-03 6.134748458862304688e-03 7.220217026770114899e-03 1.097936648875474930e-03 5.222191102802753448e-03 7.813259027898311615e-03 4.574995022267103195e-03 2.734439820051193237e-02 5.273126065731048584e-03 3.691379679366946220e-04 1.092005521059036255e-02 1.165368780493736267e-02 2.142122387886047363e-02 4.029008094221353531e-03 4.098220914602279663e-02 5.066205188632011414e-02 2.597078308463096619e-02 1.147137302905321121e-02 2.150223357602953911e-03 1.301140640862286091e-03 2.550250664353370667e-02 1.761109568178653717e-02 1.228398364037275314e-02 2.713079378008842468e-02 7.754277437925338745e-03 1.005021622404456139e-03 1.688143424689769745e-02 2.754317969083786011e-02 4.821171518415212631e-03 1.541506499052047729e-02 5.564658902585506439e-03 4.309151787310838699e-03 1.389894355088472366e-02 8.296446874737739563e-03 2.630286477506160736e-02 1.482185162603855133e-02 1.352265942841768265e-02 6.806464400142431259e-03 1.078021619468927383e-02 2.695356868207454681e-02 1.519341859966516495e-02 2.209240570664405823e-02 1.716276444494724274e-02 2.065495774149894714e-02 1.130661647766828537e-02 2.308910712599754333e-02 1.414600946009159088e-02 4.031307622790336609e-02 2.731843851506710052e-02 2.709348686039447784e-02 9.313950315117835999e-03 5.423536524176597595e-03 2.574922749772667885e-03 4.648914095014333725e-03 1.070471201092004776e-02 1.584112085402011871e-02 8.661728352308273315e-03 8.534705266356468201e-03 2.780647203326225281e-02 5.495265498757362366e-02 2.589496411383152008e-02 2.166154235601425171e-02 2.348129265010356903e-02 1.645464077591896057e-02 5.726562812924385071e-03 1.579812262207269669e-03 1.454216241836547852e-02 6.493110209703445435e-03 3.033559536561369896e-03 4.429025575518608093e-03 1.302204211242496967e-03 5.870559718459844589e-03 2.555097639560699463e-02 2.450792118906974792e-02 5.629749037325382233e-03 1.106009818613529205e-02 1.181199308484792709e-02 2.397861331701278687e-02 4.148288164287805557e-03 1.621780171990394592e-02 1.950575411319732666e-02 1.418326329439878464e-02 3.546019317582249641e-03 2.665303088724613190e-02 4.401770420372486115e-03 2.944045513868331909e-02
6.267323344945907593e-02 6.666405498981475830e-02 1.431385986506938934e-02 3.994560393039137125e-04 1.546572544611990452e-03 5.887572839856147766e-02 5.993306264281272888e-02 2.588955312967300415e-02 4.234154243022203445e-03 4.833687562495470047e-03 7.420152425765991211e-02 2.576967468485236168e-03 8.468137979507446289e-01 7.185872178524732590e-03 4.438176751136779785e-02 1.058241631835699081e-02 1.725672627799212933e-03 1.899275579489767551e-03 5.944583099335432053e-03 1.812345162034034729e-02 1.492270920425653458e-02 3.415677696466445923e-02 3.791805356740951538e-03 3.697739448398351669e-03 7.208486087620258331e-03 1.623898372054100037e-02 9.124237112700939178e-04 1.243868935853242874e-02 7.146600168198347092e-03 2.610199851915240288e-03 7.780219893902540207e-03 1.642782613635063171e-02 2.675662562251091003e-02 2.660811878740787506e-02 2.080787159502506256e-02 2.579934895038604736e-02 2.862741611897945404e-02 1.057174336165189743e-02 1.300950814038515091e-02 1.232625823467969894e-02 1.379459444433450699e-02 9.164963848888874054e-03 5.423593334853649139e-03 4.626102745532989502e-03 7.966231554746627808e-03 4.107113927602767944e-03 5.659124255180358887e-02 4.658833518624305725e-02 5.824598483741283417e-03 1.804444380104541779e-02 7.658029906451702118e-03 1.759558916091918945e-02 2.382075414061546326e-02 2.072925306856632233e-02 1.760319573804736137e-03 1.826456934213638306e-02 8.490631356835365295e-03 1.565219089388847351e-02 2.409628406167030334e-02 2.231717295944690704e-02 1.813353970646858215e-02 1.775098592042922974e-02 1.483623683452606201e-02 6.540780887007713318e-03 3.182203695178031921e-02 4.138066992163658142e-02 1.977748982608318329e-02 1.265542861074209213e-02 1.473368960432708263e-03 6.904416717588901520e-03 1.208375301212072372e-02 1.385584939271211624e-02 4.737433046102523804e-04 2.263876423239707947e-02 4.919740371406078339e-03 2.381576597690582275e-02 4.121718462556600571e-03 1.171283982694149017e-02 6.473260931670665741e-03 5.153555888682603836e-03 2.183396928012371063e-02 1.912815123796463013e-02 6.137539632618427277e-03 8.902904577553272247e-03 2.160806208848953247e-03 4.329109098762273788e-03 3.761648014187812805e-02 4.133530706167221069e-02 1.048040669411420822e-02 1.632465980947017670e-02 2.658960409462451935e-02 2.676667459309101105e-02 2.403720095753669739e-02 2.384060621261596680e-02 1.331959385424852371e-02 3.041264833882451057e-03 1.313674496486783028e-03 2.017735503613948822e-02 9.888470172882080078e-03 6.968401372432708740e-03 1.576113328337669373e-02 1.652644574642181396e-02 1.258957386016845703e-02 5.543664563447237015e-03 1.665754616260528564e-02 1.646692305803298950e-02 1.560348644852638245e-02 9.812872856855392456e-03 1.265099272131919861e-02 8.459019474685192108e-03 1.485209912061691284e-02 6.256342399865388870e-03 4.880896303802728653e-03 6.531793042086064816e-04 2.633122261613607407e-03 2.393071539700031281e-02
