8.625165224075317383e-01 6.194519996643066406e-02 8.850452490150928497e-03 3.978436812758445740e-02 3.915455564856529236e-02 5.219047889113426208e-02 4.086726531386375427e-02 5.807528272271156311e-03 1.275820424780249596e-03 2.155589172616600990e-03 5.365864932537078857e-02 7.832053117454051971e-03 4.863728955388069153e-02 1.858395407907664776e-03 1.558416336774826050e-02 1.822069287300109863e-02 9.981298819184303284e-03 1.808913610875606537e-02 4.038481041789054871e-03 1.320882118307054043e-03 1.185707934200763702e-02 3.580483794212341309e-02 4.704352468252182007e-03 4.267201293259859085e-03 1.279301941394805908e-02 6.018041749484837055e-04 3.513352200388908386e-02 1.634686999022960663e-02 1.055312622338533401e-02 2.152299508452415466e-03 2.313328720629215240e-02 1.545164640992879868e-02 2.567370794713497162e-02 1.206524111330509186e-02 1.985809952020645142e-02 1.500174030661582947e-02 1.324566174298524857e-02 7.855313830077648163e-03 1.365865021944046021e-02 2.577122300863265991e-02 4.305081907659769058e-03 1.709929108619689941e-02 1.520840637385845184e-02 1.170757343061268330e-03 2.213409869000315666e-03 1.008958835154771805e-02 3.933678194880485535e-02 3.407587483525276184e-02 1.371809747070074081e-02 8.637234568595886230e-03 4.597052247845567763e-05 5.141425877809524536e-03 2.437130175530910492e-02 2.314098179340362549e-02 8.218962699174880981e-03 1.671172329224646091e-03 1.295399386435747147e-02 2.477349713444709778e-03 8.284403942525386810e-03 1.378919091075658798e-02 2.239424176514148712e-02 1.301971450448036194e-02 2.535456046462059021e-02 2.519908174872398376e-02 1.625919900834560394e-02 2.089186757802963257e-02 1.298459153622388840e-02 1.325981691479682922e-02 1.766308955848217010e-02 1.346951443701982498e-02 1.643511466681957245e-02 1.164426654577255249e-02 3.579796105623245239e-02 2.820466412231326103e-03 3.900922089815139771e-02 7.794688921421766281e-03 1.645275764167308807e-02 9.602676145732402802e-04 1.628989540040493011e-02 1.862860471010208130e-02 1.973714493215084076e-02 7.436276413500308990e-03 2.895083650946617126e-02 1.960269920527935028e-02 9.851583279669284821e-03 3.989824093878269196e-03 1.286639925092458725e-02 6.519265472888946533e-03 2.375717274844646454e-03 2.162757143378257751e-02 2.496798150241374969e-02 2.812278456985950470e-02 2.302131056785583496e-02 1.564422622323036194e-02 1.750008575618267059e-02 2.083256281912326813e-02 6.864596623927354813e-03 1.560705248266458511e-02 9.515198878943920135e-03 8.557754568755626678e-03 5.826270207762718201e-03 1.357301254756748676e-03 1.824704557657241821e-02 3.771829869947396219e-05 1.608636043965816498e-02 6.435628747567534447e-04 6.086233537644147873e-03 5.367770325392484665e-03 2.939417725428938866e-03 6.423688493669033051e-03 5.088530480861663818e-03 2.861276268959045410e-03 1.279864367097616196e-02 1.249299850314855576e-02 2.758586779236793518e-03 1.438192278146743774e-02
6.194519996643066406e-02 8.625165224075317383e-01 2.080245641991496086e-03 3.038827888667583466e-02 3.510232642292976379e-02 5.136271566152572632e-02 5.167710408568382263e-02 6.621134933084249496e-03 6.311764474958181381e-03 8.117206394672393799e-03 5.513496324419975281e-02 1.557052601128816605e-02 4.937503486871719360e-02 1.299400534480810165e-02 1.743448339402675629e-02 1.882706955075263977e-02 9.461955167353153229e-03 9.379331022500991821e-03 2.372730057686567307e-03 5.183106404729187489e-04 1.054780185222625732e-02 3.438314050436019897e-02 4.330250900238752365e-03 2.801414346322417259e-03 1.291389018297195435e-02 2.269200747832655907e-03 3.082604520022869110e-02 2.444737590849399567e-02 2.195622026920318604e-02 1.412597112357616425e-02 2.961076609790325165e-02 6.708448287099599838e-03 1.989084109663963318e-02 7.690216414630413055e-03 2.015498653054237366e-02 1.445205323398113251e-02 1.209831982851028442e-02 9.404436685144901276e-03 2.100059948861598969e-02 3.207127004861831665e-02 5.642051342874765396e-03 1.341164670884609222e-02 1.478740479797124863e-02 4.063918720930814743e-03 1.170071866363286972e-02 2.189692854881286621e-02 4.549066722393035889e-02 4.534972831606864929e-02 1.070847827941179276e-02 8.856479078531265259e-03 2.566126175224781036e-03 8.215291425585746765e-03 2.893348596990108490e-02 2.391020767390727997e-02 4.777467343956232071e-03 3.598210401833057404e-03 1.462001912295818329e-02 1.035425113514065742e-03 9.568053297698497772e-03 1.540676597505807877e-02 1.393861509859561920e-02 1.066946610808372498e-02 2.211024984717369080e-02 2.119502052664756775e-02 1.985246315598487854e-02 2.026644349098205566e-02 6.862222682684659958e-03 9.155105799436569214e-03 1.247253268957138062e-02 1.132890582084655762e-02 6.070655770599842072e-03 7.363793440163135529e-03 3.033728338778018951e-02 1.729754498228430748e-03 3.449152410030364990e-02 1.124008325859904289e-03 1.086511742323637009e-02 6.923913024365901947e-04 1.149242557585239410e-02 1.575161889195442200e-02 2.106790617108345032e-02 1.070106960833072662e-02 1.792284846305847168e-02 1.256908569484949112e-02 2.395338611677289009e-03 1.038443483412265778e-02 1.171383261680603027e-02 5.539193749427795410e-03 6.562344060512259603e-05 1.066927984356880188e-02 3.375730291008949280e-02 2.593172527849674225e-02 3.717494755983352661e-02 1.196566317230463028e-02 1.339766941964626312e-02 1.419801730662584305e-02 1.344290468841791153e-02 2.212702482938766479e-02 2.710596192628145218e-03 2.604357359814457595e-05 8.223657496273517609e-03 1.613016822375357151e-03 5.795484874397516251e-03 5.958760622888803482e-03 2.085772715508937836e-02 8.387682028114795685e-03 8.252646774053573608e-03 5.951036233454942703e-03 6.626550573855638504e-03 5.733341677114367485e-04 7.553158327937126160e-03 1.166659058071672916e-03 1.006796676665544510e-02 1.302625238895416260e-02 1.525629032403230667e-02 1.706698909401893616e-02
8.850452490150928497e-03 2.080245641991496086e-03 8.625165224075317383e-01 8.505987003445625305e-03 1.036205422133207321e-02 3.147835610434412956e-03 7.951557636260986328e-03 5.480406805872917175e-02 2.435239776968955994e-02 1.153790391981601715e-02 7.228862959891557693e-03 2.216933667659759521e-02 2.347973175346851349e-03 8.754847571253776550e-03 6.911370437592267990e-03 9.637641720473766327e-03 6.476751528680324554e-03 1.340528018772602081e-02 1.246053539216518402e-02 1.586964726448059082e-02 1.793676987290382385e-02 2.115522697567939758e-02 1.323320996016263962e-02 5.324004217982292175e-03 5.020771641284227371e-03 8.268102072179317474e-03 2.487429231405258179e-02 2.488055452704429626e-02 2.894034050405025482e-02 1.704120635986328125e-02 1.854590512812137604e-02 8.550512604415416718e-03 3.796733682975172997e-03 9.769410826265811920e-03 1.929053454659879208e-03 1.244111626874655485e-04 6.831845734268426895e-03 2.756555564701557159e-02 3.387508448213338852e-03 6.566325202584266663e-03 1.654322445392608643e-02 3.292066510766744614e-03 1.176114566624164581e-02 1.119374204427003860e-02 7.263128645718097687e-03 3.291383385658264160e-02 1.114382501691579819e-02 1.221371348947286606e-02 7.966028526425361633e-03 4.645790439099073410e-03 2.281100256368517876e-03 2.623943611979484558e-03 5.236396100372076035e-03 8.101709187030792236e-03 5.508918780833482742e-03 1.546334754675626755e-02 5.046559963375329971e-03 1.750127598643302917e-02 2.056358568370342255e-02 6.998175755143165588e-03 1.012502354569733143e-03 1.739774644374847412e-02 2.748744096606969833e-03 1.200068369507789612e-02 1.577153801918029785e-02 1.144250668585300446e-02 2.256526640849187970e-04 9.800286032259464264e-03 8.455842733383178711e-03 1.819193176925182343e-02 7.721074856817722321e-03 5.430054385215044022e-03 1.490466203540563583e-02 1.863125897943973541e-02 1.510884729214012623e-03 1.313212141394615173e-02 1.416239514946937561e-02 8.548947982490062714e-03 6.464252248406410217e-03 1.290291175246238708e-02 6.883878260850906372e-02 3.272490575909614563e-02 1.846200041472911835e-02 1.154068578034639359e-02 2.919769845902919769e-03 1.376712415367364883e-02 2.229099161922931671e-02 1.311414781957864761e-02 1.437326148152351379e-02 4.867485840804874897e-04 1.752324961125850677e-02 2.252224273979663849e-02 1.989733427762985229e-02 6.739943753927946091e-03 3.780484839808195829e-04 5.171547178179025650e-03 1.591533794999122620e-02 1.357933785766363144e-02 5.073397886008024216e-03 7.386920973658561707e-03 8.822628296911716461e-03 1.608988241059705615e-04 2.185778319835662842e-02 4.906769841909408569e-03 5.143016111105680466e-03 8.776735514402389526e-03 3.444825066253542900e-03 2.009916491806507111e-02 9.443691000342369080e-03 2.325756475329399109e-02 2.605178765952587128e-02 1.510420232079923153e-03 7.105953060090541840e-03 1.325386390089988708e-02 1.046272739768028259e-02 6.885457318276166916e-03
3.978436812758445740e-02 3.038827888667583466e-02 8.505987003445625305e-03 8.625165224075317383e-01 6.368983536958694458e-02 3.326568379998207092e-02 1.623485609889030457e-02 2.296188846230506897e-02 1.382693648338317871e-02 7.999915629625320435e-03 2.260765619575977325e-02 1.537995599210262299e-02 2.411944419145584106e-02 1.010103616863489151e-02 3.672776510939002037e-03 2.590040676295757294e-02 2.088529057800769806e-02 2.241576276719570160e-02 1.310524158179759979e-02 9.684620890766382217e-04 1.946816686540842056e-03 2.139949938282370567e-03 1.011573150753974915e-02 2.132216235622763634e-03 1.321120746433734894e-02 1.256245188415050507e-02 5.891073960810899734e-03 2.899563685059547424e-02 3.279900643974542618e-03 6.666901987046003342e-03 1.248564943671226501e-02 8.351659635081887245e-04 4.789032042026519775e-02 3.292032983154058456e-03 4.013363271951675415e-02 3.432979807257652283e-03 8.146786130964756012e-03 1.288369856774806976e-02 2.589038759469985962e-02 2.662483789026737213e-02 8.162975311279296875e-03 1.679189689457416534e-02 1.066284161061048508e-02 4.575093335006386042e-04 1.164302323013544083e-02 1.560215093195438385e-02 9.782539680600166321e-03 2.778622554615139961e-03 2.409596461802721024e-03 2.090406790375709534e-02 4.442184232175350189e-03 8.015836938284337521e-04 3.831152990460395813e-02 6.782388780266046524e-03 1.023008394986391068e-02 2.214145474135875702e-02 2.739658020436763763e-02 3.645695978775620461e-03 1.724749058485031128e-02 3.715724917128682137e-03 2.924552187323570251e-02 2.049329504370689392e-02 4.698570445179939270e-02 3.806725516915321350e-02 6.846953765489161015e-04 7.714317645877599716e-03 1.379864756017923355e-02 1.860138261690735817e-03 3.867061808705329895e-02 5.217877915129065514e-04 4.743472859263420105e-02 1.410373952239751816e-02 6.010146811604499817e-02 6.172484136186540127e-04 5.879226326942443848e-02 1.315007451921701431e-02 3.440119326114654541e-02 1.392196491360664368e-02 1.962294615805149078e-02 2.560446970164775848e-02 1.657149568200111389e-02 2.251647226512432098e-02 5.292094498872756958e-02 2.936369739472866058e-02 1.575215347111225128e-02 1.103069167584180832e-02 1.009398512542247772e-02 1.843300834298133850e-02 1.639011688530445099e-02 1.095582824200391769e-02 1.242000423371791840e-02 7.400935515761375427e-03 5.530579946935176849e-03 4.283959046006202698e-03 2.202803734689950943e-03 4.393039736896753311e-03 1.248445361852645874e-02 7.214001379907131195e-03 6.154194939881563187e-03 1.140267029404640198e-02 8.894135244190692902e-03 2.308872528374195099e-03 9.757864288985729218e-03 2.931814873591065407e-03 1.368764229118824005e-02 7.135931868106126785e-03 4.202130716294050217e-03 1.697625033557415009e-03 1.097515877336263657e-02 3.098731394857168198e-03 1.356425229460000992e-02 2.591738943010568619e-03 1.791097410023212433e-02 1.436782721430063248e-02 6.472995039075613022e-03 5.010637105442583561e-04
3.915455564856529236e-02 3.510232642292976379e-02 1.036205422133207321e-02 6.368983536958694458e-02 8.625165224075317383e-01 3.253233432769775391e-02 2.061154693365097046e-02 2.794012054800987244e-02 6.729538552463054657e-03 8.396551012992858887e-03 2.527633123099803925e-02 1.288012601435184479e-02 2.276868186891078949e-02 8.608262985944747925e-03 8.782083168625831604e-03 2.282540500164031982e-02 2.469201013445854187e-02 2.033533900976181030e-02 3.006919287145137787e-02 9.612784720957279205e-03 4.519658163189888000e-03 8.111513307085260749e-05 3.597631352022290230e-03 2.129127271473407745e-03 8.174191229045391083e-03 6.261414848268032074e-03 6.808905891375616193e-05 2.324255183339118958e-02 4.466569051146507263e-03 3.886296413838863373e-03 1.213516015559434891e-02 4.044648259878158569e-03 4.654179513454437256e-02 8.303085342049598694e-03 3.916603699326515198e-02 7.265411317348480225e-03 1.205949112772941589e-02 1.506237592548131943e-02 1.958520337939262390e-02 3.152470290660858154e-02 1.356358267366886139e-02 7.899202406406402588e-03 7.436597254127264023e-03 1.380476541817188263e-02 7.920011878013610840e-03 4.701778758317232132e-03 1.859892904758453369e-02 1.551449950784444809e-02 6.503278389573097229e-03 2.122716233134269714e-02 1.184189808554947376e-03 3.240009536966681480e-03 3.729588910937309265e-02 8.321532979607582092e-03 1.076997286872938275e-04 2.208449132740497589e-02 2.151504345238208771e-02 3.102171933278441429e-03 1.352108828723430634e-02 2.932459115982055664e-03 2.150643430650234222e-02 2.164827100932598114e-02 4.410237818956375122e-02 3.730338439345359802e-02 2.606306457892060280e-03 3.697566222399473190e-03 1.112733967602252960e-02 4.122385755181312561e-03 3.246755525469779968e-02 2.027549548074603081e-03 4.864084348082542419e-02 8.919409476220607758e-03 5.505913123488426208e-02 3.881827695295214653e-03 6.004979461431503296e-02 5.298115313053131104e-03 2.592305094003677368e-02 1.320481300354003906e-02 2.536034584045410156e-02 2.053690329194068909e-02 1.098751649260520935e-02 2.497674711048603058e-02 5.173089355230331421e-02 4.152932018041610718e-02 7.409075740724802017e-03 1.588452979922294617e-02 1.246106717735528946e-02 2.235050685703754425e-02 1.116347592324018478e-02 8.879424072802066803e-03 1.239455584436655045e-02 5.610269960016012192e-03 5.613704212009906769e-03 1.936481450684368610e-03 3.453463548794388771e-03 2.397973876213654876e-04 1.941304281353950500e-02 1.207241881638765335e-02 2.478050591889768839e-04 6.716258358210325241e-03 7.252113893628120422e-03 5.029100459069013596e-03 6.719153840094804764e-03 8.803314529359340668e-03 1.185394916683435440e-02 8.944352157413959503e-03 7.962510921061038971e-03 2.088557695969939232e-03 1.399704627692699432e-02 4.705396946519613266e-03 1.710131950676441193e-02 3.757099853828549385e-03 1.146117225289344788e-02 1.044842135161161423e-02 8.989527821540832520e-03 2.849332988262176514e-03
5.219047889113426208e-02 5.136271566152572632e-02 3.147835610434412956e-03 3.326568379998207092e-02 3.253233432769775391e-02 8.625165224075317383e-01 6.240109354257583618e-02 1.321873394772410393e-03 3.584676189348101616e-03 8.255741558969020844e-03 4.618364572525024414e-02 2.556572854518890381e-02 3.742895275354385376e-02 1.304855290800333023e-02 1.445831358432769775e-02 2.612572908401489258e-02 1.551316026598215103e-02 8.410524576902389526e-03 3.138420172035694122e-03 4.137601703405380249e-03 1.202865969389677048e-02 2.839317172765731812e-02 1.319240406155586243e-02 1.349757052958011627e-02 1.039283350110054016e-02 8.830100297927856445e-03 2.814577519893646240e-02 3.933121636509895325e-02 2.043646946549415588e-02 2.664971724152565002e-02 2.993824332952499390e-02 1.291631441563367844e-02 1.809811778366565704e-02 8.605664595961570740e-03 1.647643931210041046e-02 1.523853000253438950e-02 7.637430913746356964e-03 7.529009133577346802e-03 1.952521689236164093e-02 2.540585212409496307e-02 6.102601997554302216e-03 1.144332345575094223e-02 1.882384903728961945e-02 5.977833061479032040e-04 1.708532683551311493e-02 1.154796220362186432e-02 5.829777941107749939e-02 5.052163824439048767e-02 8.052165620028972626e-03 4.794809967279434204e-03 4.834090825170278549e-03 9.477430954575538635e-03 1.794090494513511658e-02 1.175170857459306717e-02 9.349231608211994171e-03 5.134886130690574646e-03 9.707548655569553375e-03 4.975864198058843613e-03 1.044018194079399109e-02 8.464426733553409576e-03 2.288452163338661194e-02 1.806025765836238861e-02 1.684939861297607422e-02 1.244205515831708908e-02 9.598261676728725433e-03 1.426950283348560333e-02 4.686117172241210938e-03 5.126614123582839966e-03 1.682400889694690704e-02 6.615821272134780884e-03 1.268583256751298904e-02 6.272304803133010864e-03 3.275781869888305664e-02 8.601792069384828210e-05 3.126080706715583801e-02 5.482678301632404327e-03 9.559942409396171570e-03 4.718472249805927277e-03 1.656338013708591461e-02 2.588373422622680664e-02 1.687075942754745483e-02 1.085999421775341034e-02 2.351815998554229736e-02 7.229672279208898544e-03 2.044122666120529175e-03 1.297127082943916321e-02 1.070570107549428940e-02 7.213302887976169586e-04 4.844745155423879623e-03 1.858802698552608490e-02 3.573901578783988953e-02 1.812815666198730469e-02 3.549905493855476379e-02 7.979469373822212219e-03 9.163690730929374695e-03 1.216921024024486542e-02 1.310003269463777542e-02 1.531312894076108932e-02 9.018462151288986206e-03 1.116441283375024796e-02 4.352105315774679184e-03 3.162109525874257088e-03 3.313646418973803520e-03 3.277661511674523354e-03 8.419007062911987305e-03 1.894736895337700844e-03 5.655504763126373291e-03 1.064704637974500656e-02 3.039560047909617424e-03 1.590253040194511414e-02 1.471226755529642105e-02 3.222087863832712173e-03 7.781859487295150757e-03 8.246662095189094543e-03 1.624863594770431519e-02 1.425457745790481567e-02
4.086726531386375427e-02 5.167710408568382263e-02 7.951557636260986328e-03 1.623485609889030457e-02 2.061154693365097046e-02 6.240109354257583618e-02 8.625165224075317383e-01 2.179588424041867256e-03 3.263109363615512848e-03 7.283403072506189346e-03 4.590444639325141907e-02 2.868616208434104919e-02 3.815666213631629944e-02 2.587761729955673218e-02 1.904647238552570343e-02 1.880782097578048706e-02 6.337372120469808578e-03 6.768014281988143921e-03 3.456761594861745834e-03 2.985801780596375465e-03 1.194036286324262619e-02 2.579252049326896667e-02 1.350217498838901520e-02 1.741128228604793549e-02 1.059976220130920410e-02 8.442804217338562012e-03 2.723437547683715820e-02 3.590618818998336792e-02 2.753610536456108093e-02 2.728554792702198029e-02 3.021652624011039734e-02 9.445119649171829224e-03 1.322652399539947510e-02 1.039836555719375610e-02 1.085641887038946152e-02 2.123558707535266876e-02 1.383455842733383179e-02 6.662366911768913269e-03 2.123876102268695831e-02 2.338339015841484070e-02 4.694452974945306778e-03 1.447032950818538666e-02 1.878034882247447968e-02 4.585821181535720825e-03 3.105236403644084930e-02 2.510876208543777466e-02 6.218716129660606384e-02 6.203849986195564270e-02 1.483472529798746109e-02 1.798256114125251770e-02 4.427378065884113312e-03 1.057880278676748276e-02 1.118659973144531250e-02 8.883364498615264893e-03 1.064508222043514252e-02 1.011107768863439560e-02 9.469447657465934753e-03 1.451801508665084839e-03 4.349936265498399734e-03 8.621280081570148468e-03 1.595356501638889313e-02 1.482951827347278595e-02 1.317072380334138870e-02 1.937309280037879944e-03 1.232448779046535492e-02 1.413557212799787521e-02 3.732841461896896362e-03 8.242505602538585663e-03 8.398315869271755219e-03 3.429113887250423431e-03 4.380845930427312851e-03 3.242573235183954239e-03 1.702439785003662109e-02 6.778793409466743469e-03 1.615615561604499817e-02 3.140680957585573196e-03 5.802483065053820610e-04 1.122863870114088058e-02 1.527546206489205360e-03 1.495487987995147705e-02 1.559391524642705917e-02 1.150168292224407196e-02 1.438554469496011734e-02 3.452647011727094650e-03 2.445105055812746286e-04 3.404761431738734245e-03 1.120386272668838501e-02 4.553328268229961395e-03 5.620896816253662109e-03 1.446538977324962616e-02 3.656683489680290222e-02 1.769041083753108978e-02 4.770329222083091736e-02 1.088243722915649414e-02 8.824496529996395111e-03 1.125911436975002289e-02 1.840901188552379608e-02 1.974188163876533508e-02 1.273311767727136612e-02 1.388939749449491501e-02 8.787741884589195251e-03 7.069624960422515869e-03 6.933499127626419067e-03 4.614634905010461807e-03 1.038443204015493393e-02 2.554795704782009125e-03 1.113084331154823303e-02 5.197172518819570541e-03 6.055353209376335144e-03 1.559491828083992004e-02 1.960012689232826233e-02 5.970340222120285034e-03 7.664279080927371979e-03 1.041395496577024460e-02 2.980129607021808624e-02 1.061875652521848679e-02
5.807528272271156311e-03 6.621134933084249496e-03 5.480406805872917175e-02 2.296188846230506897e-02 2.794012054800987244e-02 1.321873394772410393e-03 2.179588424041867256e-03 8.625165224075317383e-01 6.438017822802066803e-03 1.674311608076095581e-02 1.040357537567615509e-02 5.782204214483499527e-03 9.963995777070522308e-03 1.299504376947879791e-02 3.234879299998283386e-02 3.618769580498337746e-03 5.309701431542634964e-03 7.097613997757434845e-03 7.058392278850078583e-03 2.767745219171047211e-02 3.117603994905948639e-02 3.523715957999229431e-02 6.495342589914798737e-03 1.545895542949438095e-02 1.635817997157573700e-02 1.076136156916618347e-02 3.148130327463150024e-02 7.000526878982782364e-03 3.006701357662677765e-02 7.909324020147323608e-03 1.498615182936191559e-02 1.796775124967098236e-02 1.705835014581680298e-02 2.166765742003917694e-02 8.531808853149414062e-03 1.985187083482742310e-02 2.426524646580219269e-02 3.605604544281959534e-02 3.598024835810065269e-03 9.419671259820461273e-03 3.177295252680778503e-02 2.436173614114522934e-03 1.969078369438648224e-02 1.135993842035531998e-02 1.357394969090819359e-03 2.301029860973358154e-02 4.316681995987892151e-03 7.732966449111700058e-03 1.031358074396848679e-02 9.786302223801612854e-03 1.467875670641660690e-02 1.948187686502933502e-02 1.514616073109209538e-03 2.178251370787620544e-02 5.909292493015527725e-03 1.727666147053241730e-02 8.167707128450274467e-04 1.142965815961360931e-02 1.614209450781345367e-02 2.201827242970466614e-02 1.506280852481722832e-03 5.468113813549280167e-04 6.426679901778697968e-03 5.132161080837249756e-03 2.894373424351215363e-02 1.914182119071483612e-02 8.165691047906875610e-03 2.346282638609409332e-02 8.570071309804916382e-03 2.927233651280403137e-02 1.592613942921161652e-02 1.740354113280773163e-02 2.129908092319965363e-02 2.521587535738945007e-02 1.671662554144859314e-02 2.014428004622459412e-02 5.540119949728250504e-03 1.174600794911384583e-02 5.979569628834724426e-03 2.276177145540714264e-02 4.472109302878379822e-02 4.194018989801406860e-02 3.057868219912052155e-02 4.370357841253280640e-03 2.800010610371828079e-03 1.549560669809579849e-02 3.518828749656677246e-02 3.501571342349052429e-02 1.088419579900801182e-03 1.292333286255598068e-02 1.845840364694595337e-02 2.924418263137340546e-02 1.081208325922489166e-02 2.120577916502952576e-02 1.116072665899991989e-02 1.691983081400394440e-02 1.863618195056915283e-02 1.762468181550502777e-02 9.671763516962528229e-03 7.160208187997341156e-03 8.486424572765827179e-03 1.582931913435459137e-02 1.380387507379055023e-02 1.901465281844139099e-02 1.627373509109020233e-02 2.833758480846881866e-02 1.880307309329509735e-02 1.296724937856197357e-02 2.739064209163188934e-02 1.082754414528608322e-02 2.829385921359062195e-02 1.189669501036405563e-02 4.893785808235406876e-03 1.390151306986808777e-02 3.527801018208265305e-03 6.791571620851755142e-03
1.275820424780249596e-03 6.311764474958181381e-03 2.435239776968955994e-02 1.382693648338317871e-02 6.729538552463054657e-03 3.584676189348101616e-03 3.263109363615512848e-03 6.438017822802066803e-03 8.625165224075317383e-01 2.287387102842330933e-02 6.945229135453701019e-03 3.135734423995018005e-02 8.644722402095794678e-03 2.011178992688655853e-02 1.360972318798303604e-02 1.761089824140071869e-02 1.365042477846145630e-02 4.089972004294395447e-02 4.793020896613597870e-03 1.477834209799766541e-02 1.251100841909646988e-02 2.476815599948167801e-03 3.110017627477645874e-02 2.314879745244979858e-02 1.125391479581594467e-02 2.266623079776763916e-03 7.098554633557796478e-03 1.347813196480274200e-02 1.573130837641656399e-03 1.080086827278137207e-02 6.463562138378620148e-03 1.542250253260135651e-02 1.512394659221172333e-02 1.348640955984592438e-02 9.282772429287433624e-03 2.531382627785205841e-02 1.566798612475395203e-02 1.106221578083932400e-03 1.127543579787015915e-02 5.255120806396007538e-03 9.006388485431671143e-03 3.480882570147514343e-02 1.313215028494596481e-02 8.191790431737899780e-03 1.581115834414958954e-02 1.235689874738454819e-02 2.297451719641685486e-02 2.302737347781658173e-02 3.305313736200332642e-02 5.250289570540189743e-03 2.585422061383724213e-02 2.616703510284423828e-02 1.324292737990617752e-02 8.644252084195613861e-03 3.744522482156753540e-02 1.149367562902625650e-05 2.862872183322906494e-02 7.883489131927490234e-03 2.719934564083814621e-03 1.241019368171691895e-02 2.428308129310607910e-02 6.677748635411262512e-03 1.601395010948181152e-02 6.734538823366165161e-03 1.326101087033748627e-02 1.592116244137287140e-02 1.871765032410621643e-02 1.757485605776309967e-02 2.410857938230037689e-02 1.775414124131202698e-02 9.039910510182380676e-03 2.900680713355541229e-02 1.350959017872810364e-02 1.740014553070068359e-02 3.758838400244712830e-03 2.814308553934097290e-02 4.221590608358383179e-02 2.174682728946208954e-02 3.587278351187705994e-02 1.378615666180849075e-02 1.337794214487075806e-02 9.265990927815437317e-03 2.547596953809261322e-02 1.430308260023593903e-02 2.337794378399848938e-02 1.527636498212814331e-02 1.293152477592229843e-02 1.011486258357763290e-02 3.832722082734107971e-02 1.649022288620471954e-02 3.170044161379337311e-03 1.002648193389177322e-02 1.624674536287784576e-02 2.850468084216117859e-02 2.151193469762802124e-02 1.936966180801391602e-02 2.138565480709075928e-02 3.010049462318420410e-02 3.430161625146865845e-02 2.500440739095211029e-02 2.202753163874149323e-02 2.070965431630611420e-02 1.133375149220228195e-02 2.223693393170833588e-02 1.739067584276199341e-02 1.803520321846008301e-02 2.275844849646091461e-02 2.939373627305030823e-02 8.096932433545589447e-03 1.198414713144302368e-03 5.102876108139753342e-03 2.147292904555797577e-02 2.401001565158367157e-02 1.492856070399284363e-02 1.895039528608322144e-02 3.332582116127014160e-02
2.155589172616600990e-03 8.117206394672393799e-03 1.153790391981601715e-02 7.999915629625320435e-03 8.396551012992858887e-03 8.255741558969020844e-03 7.283403072506189346e-03 1.674311608076095581e-02 2.287387102842330933e-02 8.625165224075317383e-01 5.861768499016761780e-03 5.375616718083620071e-03 8.744700811803340912e-03 1.509930752217769623e-02 1.686820015311241150e-02 1.510729664005339146e-03 1.391516719013452530e-02 7.174797356128692627e-03 4.396609961986541748e-02 1.357588917016983032e-02 1.869012787938117981e-02 1.022439543157815933e-02 1.079744659364223480e-02 2.459278143942356110e-02 1.439918763935565948e-02 3.778687212616205215e-03 1.373905688524246216e-02 1.926781237125396729e-02 1.505154557526111603e-02 8.652710675960406661e-05 2.353041619062423706e-02 2.230799198150634766e-02 1.283802371472120285e-02 2.035332098603248596e-02 1.210758835077285767e-02 4.330537747591733932e-03 2.022592350840568542e-02 1.675710454583168030e-02 9.231788106262683868e-03 3.448093775659799576e-03 1.223274879157543182e-02 1.534319389611482620e-02 2.012059278786182404e-02 6.838079541921615601e-03 1.246395613998174667e-02 2.162463404238224030e-02 5.033378954976797104e-03 9.977843612432479858e-03 5.902038887143135071e-03 2.726239524781703949e-02 2.236235886812210083e-02 2.731183730065822601e-02 5.466353148221969604e-03 1.255743112415075302e-02 4.855854786001145840e-04 2.873009257018566132e-02 1.938386121764779091e-03 2.940599247813224792e-02 7.618351810378953815e-05 1.278085447847843170e-02 8.288485929369926453e-03 4.285800270736217499e-03 6.413550581783056259e-03 5.636174231767654419e-03 1.331029273569583893e-02 1.319513469934463501e-02 2.287940308451652527e-02 2.690511755645275116e-02 5.314331501722335815e-03 3.552272170782089233e-02 2.443176507949829102e-02 2.412117458879947662e-02 8.707395754754543304e-03 3.547772765159606934e-02 1.454042154364287853e-03 1.404219865798950195e-02 9.694839827716350555e-03 4.999078810214996338e-02 1.400099229067564011e-02 4.534957185387611389e-02 1.069089304655790329e-02 1.557871513068675995e-02 1.057035010308027267e-02 3.493224829435348511e-02 1.450538355857133865e-02 3.341121599078178406e-02 2.034833282232284546e-02 2.005233801901340485e-02 6.786250043660402298e-03 2.550205588340759277e-02 8.737518452107906342e-03 2.270879037678241730e-02 1.020104158669710159e-02 2.526643499732017517e-02 6.692320574074983597e-03 1.989122666418552399e-02 3.314208239316940308e-02 2.541216090321540833e-02 2.829527668654918671e-02 2.439846657216548920e-02 1.524612680077552795e-02 2.361143752932548523e-02 2.091913297772407532e-02 2.057640813291072845e-02 1.947114942595362663e-04 1.243925467133522034e-02 1.436534151434898376e-02 1.329780556261539459e-02 2.047701179981231689e-02 1.809182018041610718e-02 3.362645581364631653e-02 9.817672893404960632e-03 1.248821336776018143e-02 1.177940424531698227e-02 2.942175418138504028e-02 1.640840061008930206e-02
5.365864932537078857e-02 5.513496324419975281e-02 7.228862959891557693e-03 2.260765619575977325e-02 2.527633123099803925e-02 4.618364572525024414e-02 4.590444639325141907e-02 1.040357537567615509e-02 6.945229135453701019e-03 5.861768499016761780e-03 8.625165224075317383e-01 1.402901299297809601e-02 5.112749338150024414e-02 1.371850632131099701e-02 2.202485129237174988e-02 2.022644877433776855e-02 1.515534147620201111e-02 1.387966983020305634e-02 3.408000105991959572e-03 2.706392668187618256e-03 9.933349676430225372e-03 3.923426941037178040e-02 7.606879342347383499e-03 9.463947266340255737e-03 7.885562255978584290e-03 7.185388822108507156e-03 3.719584643840789795e-02 1.424448937177658081e-02 2.697598002851009369e-02 6.898264400660991669e-03 3.230372071266174316e-02 1.635782420635223389e-02 1.723852008581161499e-02 1.632917486131191254e-02 1.141866762191057205e-02 1.808531209826469421e-02 2.047537826001644135e-02 1.224177796393632889e-02 1.468439772725105286e-02 2.649807371199131012e-02 7.805795408785343170e-03 1.803609915077686310e-02 1.521527860313653946e-02 1.427965052425861359e-02 2.370221540331840515e-02 2.235522307455539703e-02 4.439376294612884521e-02 4.384925216436386108e-02 1.595466397702693939e-02 3.189609386026859283e-03 1.076498301699757576e-03 2.237871987745165825e-03 2.533427998423576355e-02 2.987263351678848267e-02 1.096662413328886032e-02 3.711412660777568817e-03 1.481121778488159180e-02 1.273166853934526443e-03 5.940062925219535828e-03 2.232766523957252502e-02 1.467724144458770752e-02 8.980461396276950836e-03 1.709048636257648468e-02 1.576893031597137451e-02 2.482214197516441345e-02 2.773865126073360443e-02 7.118141278624534607e-03 1.284538488835096359e-02 1.278978213667869568e-02 1.731007359921932220e-02 9.859190322458744049e-03 1.499934215098619461e-02 2.254323847591876984e-02 5.318393465131521225e-03 2.551514469087123871e-02 6.924382876604795456e-03 1.557279285043478012e-02 8.100841194391250610e-03 5.915052723139524460e-03 7.700771093368530273e-03 2.803895436227321625e-02 8.335296064615249634e-03 1.554077304899692535e-02 1.431809645146131516e-02 1.785709027899429202e-04 4.688500892370939255e-03 1.833543181419372559e-02 1.483820099383592606e-02 7.925617392174899578e-04 1.086812652647495270e-02 3.124387934803962708e-02 3.146436065435409546e-02 3.570496290922164917e-02 2.178579010069370270e-02 1.975893974304199219e-02 2.291380241513252258e-02 9.112203493714332581e-03 1.382024493068456650e-02 1.234038267284631729e-02 6.724866572767496109e-03 1.065062638372182846e-02 8.255785331130027771e-03 6.631182972341775894e-03 1.248841999768046662e-05 1.562372874468564987e-02 1.145963184535503387e-02 1.867749169468879700e-02 6.396525073796510696e-03 1.348731480538845062e-02 5.026363767683506012e-03 2.718738978728652000e-03 4.469907376915216446e-03 9.980461560189723969e-03 1.023209188133478165e-02 1.691827364265918732e-02 6.214682012796401978e-03
7.832053117454051971e-03 1.557052601128816605e-02 2.216933667659759521e-02 1.537995599210262299e-02 1.288012601435184479e-02 2.556572854518890381e-02 2.868616208434104919e-02 5.782204214483499527e-03 3.135734423995018005e-02 5.375616718083620071e-03 1.402901299297809601e-02 8.625165224075317383e-01 1.260189898312091827e-02 5.050815269351005554e-02 1.333806291222572327e-02 2.531333267688751221e-02 1.053401455283164978e-02 1.796042732894420624e-02 1.615560799837112427e-02 7.556708529591560364e-03 1.233259681612253189e-02 2.182172378525137901e-03 3.884202241897583008e-02 2.111147902905941010e-02 1.311557646840810776e-02 1.626215875148773193e-02 5.790300667285919189e-03 5.040415748953819275e-02 1.721056364476680756e-02 4.757390543818473816e-02 5.855316761881113052e-03 3.625222248956561089e-03 8.917509578168392181e-03 4.827589727938175201e-04 1.588234677910804749e-02 2.380011416971683502e-02 7.770441938191652298e-03 6.425985135138034821e-03 2.468481473624706268e-02 1.538612134754657745e-02 8.425999432802200317e-03 2.701309882104396820e-02 1.528483256697654724e-02 8.800484240055084229e-03 3.752759471535682678e-02 2.906097099184989929e-03 7.110277190804481506e-03 1.861992641352117062e-03 2.348433248698711395e-02 5.356287118047475815e-03 2.268315479159355164e-02 1.603512093424797058e-02 2.364996448159217834e-02 5.528737790882587433e-03 3.050587698817253113e-02 2.427998464554548264e-03 3.094978444278240204e-02 1.278773043304681778e-02 1.198044884949922562e-02 1.238826289772987366e-02 1.661048457026481628e-02 6.318478379398584366e-03 9.168744087219238281e-03 6.841867696493864059e-03 1.559837255626916885e-02 1.505928393453359604e-02 3.504677675664424896e-03 1.617347938008606434e-03 1.960460096597671509e-02 9.073730558156967163e-03 3.064680495299398899e-04 1.502627413719892502e-02 2.020061388611793518e-02 1.213288586586713791e-02 1.046697422862052917e-02 1.957030035555362701e-02 3.131953999400138855e-02 8.600329048931598663e-03 2.747979015111923218e-02 1.118863839656114578e-02 3.082620911300182343e-03 1.031298656016588211e-02 1.505227014422416687e-02 1.225267536938190460e-02 1.005615387111902237e-02 8.955892175436019897e-03 1.294874772429466248e-02 7.820507744327187538e-04 3.554470837116241455e-02 2.460670471191406250e-02 2.800820022821426392e-02 7.195555372163653374e-04 1.278086379170417786e-02 1.553303189575672150e-02 1.865994371473789215e-02 7.405415643006563187e-03 4.069697577506303787e-03 1.268974412232637405e-02 1.866014674305915833e-02 8.109672926366329193e-03 2.168785594403743744e-02 1.670185476541519165e-02 3.560004057362675667e-03 9.754664264619350433e-03 2.462763525545597076e-02 1.735207065939903259e-02 1.945495977997779846e-02 1.533344481140375137e-02 1.027699653059244156e-02 1.491378247737884521e-02 5.927039310336112976e-03 1.863126270473003387e-02 2.170790545642375946e-02 1.588121987879276276e-02 2.670596167445182800e-02 2.664696052670478821e-02
4.863728955388069153e-02 4.937503486871719360e-02 2.347973175346851349e-03 2.411944419145584106e-02 2.276868186891078949e-02 3.742895275354385376e-02 3.815666213631629944e-02 9.963995777070522308e-03 8.644722402095794678e-03 8.744700811803340912e-03 5.112749338150024414e-02 1.260189898312091827e-02 8.625165224075317383e-01 1.160466484725475311e-02 2.587566897273063660e-02 1.720914430916309357e-02 1.056198030710220337e-02 1.664020493626594543e-02 1.491435337811708450e-03 1.108686905354261398e-02 1.432635542005300522e-02 3.834182769060134888e-02 1.030091661959886551e-02 1.175136957317590714e-02 1.688103564083576202e-02 2.842506393790245056e-03 3.871669620275497437e-02 1.194934174418449402e-02 2.777758985757827759e-02 7.519252598285675049e-03 3.353485837578773499e-02 1.708188280463218689e-02 2.043180167675018311e-02 2.094313129782676697e-02 1.687677763402462006e-02 2.044782787561416626e-02 2.422406524419784546e-02 1.582736894488334656e-02 1.761702075600624084e-02 2.877221629023551941e-02 9.999735280871391296e-03 2.164846844971179962e-02 2.072430960834026337e-02 8.358729071915149689e-03 1.669745706021785736e-02 2.101384103298187256e-02 3.597134724259376526e-02 3.693775832653045654e-02 1.975000277161598206e-02 8.920677937567234039e-04 6.256950553506612778e-03 3.111750585958361626e-03 2.482003718614578247e-02 2.697945944964885712e-02 1.253323536366224289e-02 6.286167190410196781e-04 2.083072438836097717e-02 5.020605865865945816e-03 9.279740042984485626e-03 2.185078896582126617e-02 1.392330415546894073e-02 8.291426114737987518e-03 2.149357460439205170e-02 1.777468621730804443e-02 2.647266536951065063e-02 2.949145622551441193e-02 1.600366458296775818e-02 1.886057481169700623e-02 1.717271842062473297e-02 1.896890439093112946e-02 9.732397273182868958e-03 1.883461326360702515e-02 2.444238588213920593e-02 8.913596160709857941e-03 2.687572874128818512e-02 1.055483799427747726e-02 1.735446043312549591e-02 1.114147156476974487e-02 2.367872977629303932e-03 2.585731679573655128e-03 1.478120032697916031e-02 1.297611626796424389e-03 1.633085682988166809e-02 1.256367657333612442e-02 8.034679107367992401e-03 2.610437339171767235e-03 1.891295053064823151e-02 1.877775229513645172e-02 3.849195316433906555e-03 8.972830139100551605e-03 2.767092734575271606e-02 3.199236840009689331e-02 2.700851112604141235e-02 2.472187019884586334e-02 2.496826648712158203e-02 2.929510548710823059e-02 5.858898628503084183e-03 6.743703037500381470e-03 1.670056767761707306e-02 1.284278742969036102e-02 1.863900385797023773e-02 1.449976116418838501e-02 1.129666622728109360e-02 6.292127538472414017e-03 1.771865040063858032e-02 1.336396206170320511e-02 2.037977986037731171e-02 8.570351637899875641e-03 1.676771417260169983e-02 1.397848315536975861e-02 2.311829011887311935e-03 1.899275230243802071e-03 1.671523787081241608e-02 1.670408807694911957e-02 1.147779263556003571e-02 5.379015114158391953e-03
