8.371817469596862793e-01 6.311442703008651733e-02 1.218361128121614456e-02 3.072130121290683746e-02 1.741478964686393738e-02 6.262485682964324951e-02 6.120989471673965454e-02 1.454369444400072098e-02 5.752581171691417694e-03 1.483388361521065235e-03 6.451435387134552002e-02 2.678073942661285400e-02 5.045396834611892700e-02 2.582074142992496490e-02 9.757414460182189941e-03 5.273919552564620972e-03 2.900512656196951866e-03 2.238201163709163666e-02 1.858974061906337738e-02 8.805753896012902260e-04 2.656716096680611372e-04 3.688140958547592163e-02 6.723805330693721771e-03 2.030851505696773529e-02 1.459637191146612167e-03 3.434360725805163383e-03 3.780327364802360535e-02 8.349484764039516449e-03 2.121203392744064331e-02 4.516397602856159210e-03 6.773601751774549484e-03 2.968513639643788338e-03 3.039553761482238770e-02 6.874377722851932049e-04 1.766302809119224548e-02 8.033460937440395355e-03 1.771127060055732727e-02 8.471855893731117249e-03 3.460005158558487892e-03 5.743322428315877914e-03 9.022479876875877380e-03 2.947245084214955568e-04 2.065100893378257751e-02 1.476904377341270447e-02 1.856137812137603760e-02 1.307527348399162292e-02 6.675212085247039795e-02 3.872912377119064331e-02 1.753309858031570911e-03 3.894080873578786850e-04 1.243285252712666988e-03 7.249275688081979752e-03 5.977492779493331909e-03 1.167499140137806535e-04 2.115036919713020325e-02 2.976628951728343964e-03 4.161135852336883545e-02 1.513561140745878220e-02 2.867359900847077370e-03 7.709950208663940430e-03 3.800631687045097351e-02 1.227776892483234406e-02 1.967456750571727753e-02 2.264020778238773346e-02 3.134962543845176697e-02 1.383743900805711746e-02 1.092371344566345215e-02 3.252297407016158104e-03 2.730864658951759338e-02 1.517752930521965027e-02 5.090589169412851334e-03 2.184807881712913513e-02 2.454055473208427429e-02 1.501631829887628555e-02 4.686301108449697495e-03 2.478641457855701447e-02 1.425453834235668182e-02 2.044609282165765762e-03 2.473170869052410126e-02 1.703961170278489590e-03 1.051397249102592468e-02 1.337547414004802704e-02 1.949403667822480202e-03 9.909081272780895233e-03 1.436402648687362671e-02 7.123784627765417099e-03 1.819751225411891937e-02 5.104157142341136932e-03 3.979437425732612610e-02 1.233074348419904709e-02 5.735135078430175781e-02 5.044000595808029175e-02 1.867923699319362640e-02 2.647155895829200745e-02 1.188844442367553711e-02 2.928572939708828926e-03 1.807946711778640747e-02 2.537053637206554413e-02 1.622968167066574097e-02 4.847577773034572601e-03 6.488305982202291489e-03 2.506659599021077156e-03 5.122174043208360672e-03 5.876814946532249451e-03 1.854987698607146740e-03 1.603803364560008049e-03 1.826682314276695251e-02 8.572393096983432770e-03 6.870409939438104630e-03 6.622466724365949631e-03 9.636035189032554626e-03 1.250719372183084488e-02 2.343432046473026276e-03 1.776331476867198944e-02 1.421482302248477936e-02 8.264452219009399414e-03
6.311442703008651733e-02 8.371817469596862793e-01 7.801060564815998077e-03 2.845517918467521667e-02 1.903339847922325134e-02 5.400240048766136169e-02 6.232751160860061646e-02 1.221437659114599228e-02 5.716028157621622086e-03 7.806500885635614395e-03 6.787927448749542236e-02 3.367316350340843201e-02 6.819752603769302368e-02 3.988105431199073792e-02 1.546690240502357483e-02 7.821999490261077881e-03 4.591391887515783310e-03 1.790221408009529114e-02 1.291016116738319397e-02 7.034205831587314606e-03 2.228165976703166962e-03 4.076714813709259033e-02 1.392949186265468597e-02 2.612401172518730164e-02 3.011001972481608391e-03 3.150685457512736320e-03 2.592670172452926636e-02 5.399530753493309021e-03 1.884891279041767120e-02 9.467453695833683014e-03 1.405001524835824966e-02 4.637071862816810608e-03 2.991935424506664276e-02 6.431059446185827255e-03 8.171087130904197693e-03 2.509910613298416138e-02 2.516865544021129608e-02 1.866503991186618805e-02 5.649551749229431152e-03 7.132206112146377563e-03 5.007427651435136795e-03 1.212718710303306580e-02 7.722147740423679352e-03 1.138152461498975754e-02 1.973695307970046997e-02 1.338518131524324417e-02 4.948532581329345703e-02 4.269784316420555115e-02 1.853579306043684483e-03 4.194651264697313309e-03 8.427353575825691223e-03 4.943153820931911469e-03 1.006123516708612442e-02 7.600183133035898209e-03 2.022847533226013184e-02 2.497546840459108353e-03 3.712631762027740479e-02 1.537494827061891556e-02 1.456690486520528793e-02 1.846122741699218750e-02 3.916204720735549927e-02 1.891425438225269318e-02 4.437058232724666595e-03 2.344456873834133148e-02 4.215606674551963806e-02 3.045418113470077515e-02 1.447382569313049316e-02 1.334025431424379349e-02 2.446799539029598236e-02 1.609032042324542999e-02 1.199177745729684830e-02 1.175841689109802246e-02 2.978590875864028931e-02 1.260755211114883423e-02 7.621102966368198395e-03 1.781217940151691437e-02 5.262875463813543320e-03 1.393986400216817856e-03 2.661714330315589905e-02 8.729361928999423981e-03 8.095025084912776947e-03 3.172596916556358337e-03 1.005281883408315480e-04 1.855639554560184479e-02 1.729419268667697906e-02 1.817028783261775970e-02 2.272612601518630981e-02 9.300759993493556976e-04 4.056792333722114563e-02 1.408585626631975174e-02 4.283608123660087585e-02 5.229943618178367615e-02 3.686241805553436279e-02 3.480251878499984741e-02 3.345743287354707718e-03 1.783095649443566799e-03 1.783396862447261810e-02 1.621274836361408234e-02 1.864885794930160046e-03 2.206080127507448196e-03 4.004640504717826843e-03 1.418201718479394913e-03 3.316199639812111855e-03 7.820788770914077759e-03 1.572704059071838856e-03 4.796774126589298248e-03 7.985586300492286682e-03 4.974474664777517319e-03 2.433046698570251465e-03 6.635755300521850586e-03 5.547129083424806595e-03 6.010660901665687561e-03 6.305451504886150360e-03 1.352118328213691711e-02 1.723955757915973663e-02 2.105485461652278900e-02
1.218361128121614456e-02 7.801060564815998077e-03 8.371817469596862793e-01 3.775171237066388130e-03 1.241537369787693024e-02 1.223681215196847916e-02 1.756809093058109283e-02 2.842410467565059662e-02 2.426074817776679993e-02 7.585632265545427799e-04 2.492249244824051857e-03 1.520742569118738174e-02 3.485957160592079163e-03 9.409359656274318695e-03 7.524233311414718628e-03 8.626949973404407501e-03 1.261714380234479904e-03 1.811013370752334595e-02 5.730717442929744720e-03 1.060927752405405045e-03 1.609259750694036484e-03 8.568491786718368530e-03 4.246078431606292725e-03 1.401266898028552532e-03 1.418957300484180450e-02 1.308577973395586014e-02 2.455216832458972931e-02 1.084307488054037094e-02 1.001182850450277328e-02 7.938168011605739594e-03 2.215792983770370483e-02 5.435259547084569931e-03 1.311052124947309494e-02 1.791880279779434204e-02 2.935861796140670776e-02 8.338127285242080688e-03 6.961338687688112259e-03 2.188660204410552979e-02 9.671171195805072784e-03 1.599404402077198029e-02 9.342871489934623241e-04 1.712152035906910896e-03 8.064473513513803482e-05 1.956178061664104462e-02 1.049188058823347092e-02 7.562409620732069016e-03 1.709578372538089752e-02 1.381950080394744873e-02 5.840584170073270798e-03 8.027236908674240112e-03 6.221494637429714203e-03 8.615209721028804779e-03 2.428870089352130890e-02 3.183447197079658508e-02 8.258324116468429565e-03 3.661292372271418571e-03 5.289297550916671753e-03 3.803120693191885948e-03 1.605448685586452484e-02 2.350102737545967102e-02 1.044669537805020809e-03 7.699688896536827087e-03 2.722426317632198334e-03 1.520333578810095787e-03 1.637444272637367249e-02 1.161567121744155884e-02 9.709420846775174141e-04 8.295886218547821045e-03 1.231966819614171982e-02 2.105040475726127625e-02 6.959343794733285904e-03 2.380493655800819397e-02 8.751512505114078522e-03 2.964908070862293243e-02 7.691138889640569687e-03 2.811864390969276428e-02 2.993499860167503357e-02 3.889095503836870193e-03 2.129119634628295898e-02 1.194032002240419388e-02 1.508875656872987747e-02 2.902244450524449348e-03 4.023202881217002869e-02 6.881092675030231476e-03 1.263412274420261383e-02 6.982623599469661713e-03 5.376174114644527435e-03 1.475067622959613800e-02 6.221003364771604538e-03 1.597798243165016174e-02 1.987517438828945160e-02 8.856425061821937561e-03 5.600225646048784256e-03 2.679148688912391663e-02 2.291305689141154289e-03 2.084261970594525337e-03 2.394409850239753723e-02 1.755342818796634674e-02 9.864174062386155128e-04 4.187258891761302948e-03 7.867286913096904755e-03 1.132678333669900894e-02 3.164921700954437256e-02 1.687930151820182800e-02 1.460374612361192703e-02 2.002563327550888062e-02 8.127287961542606354e-03 2.012733183801174164e-02 4.095581360161304474e-03 1.442205533385276794e-02 4.287578538060188293e-02 2.480292506515979767e-02 1.133306138217449188e-02 7.795026060193777084e-03 4.836359992623329163e-02 2.708082832396030426e-02
3.072130121290683746e-02 2.845517918467521667e-02 3.775171237066388130e-03 8.371817469596862793e-01 3.522941097617149353e-02 3.352840989828109741e-02 2.715312689542770386e-02 1.942204311490058899e-02 6.551781669259071350e-03 4.075341275893151760e-04 1.504976674914360046e-02 2.750623784959316254e-02 1.974058337509632111e-02 2.879129908978939056e-02 1.523310039192438126e-02 5.163276568055152893e-03 4.593305638991296291e-04 6.085633765906095505e-03 7.870636880397796631e-03 6.569932214915752411e-03 6.465663667768239975e-03 7.270203786902129650e-04 7.138625252991914749e-03 7.338410243391990662e-03 1.200024783611297607e-02 1.865704171359539032e-02 6.820526439696550369e-03 1.280492078512907028e-02 9.952204301953315735e-03 1.449321210384368896e-02 3.505168249830603600e-03 1.429938990622758865e-02 2.705169469118118286e-02 6.905060261487960815e-03 1.944454386830329895e-02 1.072955504059791565e-02 5.601664073765277863e-03 1.220268290489912033e-02 2.922810241580009460e-02 2.622867375612258911e-02 3.874945396091789007e-04 6.830115307820960879e-05 1.074738148599863052e-02 1.214001420885324478e-02 9.699438698589801788e-03 1.011399552226066589e-02 3.229669854044914246e-02 1.924060843884944916e-02 3.558452241122722626e-03 5.526221357285976410e-03 8.079635910689830780e-03 5.228539928793907166e-03 6.846416275948286057e-03 8.360580541193485260e-03 3.168668970465660095e-02 1.981913298368453979e-02 3.547833859920501709e-02 2.272714674472808838e-02 1.622022315859794617e-02 1.377461384981870651e-02 2.776009403169155121e-02 2.729591727256774902e-02 4.387137945741415024e-03 2.933537960052490234e-02 1.790516451001167297e-02 1.843759976327419281e-02 2.664244966581463814e-03 8.335066959261894226e-03 1.321352552622556686e-02 6.456170696765184402e-03 1.228136941790580750e-02 1.896725594997406006e-02 3.581778332591056824e-02 3.389646112918853760e-02 4.591799806803464890e-03 3.002784214913845062e-02 2.672318834811449051e-03 1.152534130960702896e-02 2.729500643908977509e-02 9.382971562445163727e-03 1.856347359716892242e-02 1.315338071435689926e-02 1.090980228036642075e-02 1.908946223556995392e-02 2.163528261007741094e-04 4.521600436419248581e-03 1.964383013546466827e-02 6.723920814692974091e-03 2.072148956358432770e-02 1.525131426751613617e-02 3.232853487133979797e-02 1.171406824141740799e-03 1.398043613880872726e-02 6.601943634450435638e-03 2.184374444186687469e-02 2.048983052372932434e-02 2.820444852113723755e-02 2.329005300998687744e-02 9.043165482580661774e-03 7.974040694534778595e-03 5.024804268032312393e-03 3.985313698649406433e-03 1.673975959420204163e-02 2.009452879428863525e-02 9.636359289288520813e-03 2.235877560451626778e-03 2.866582944989204407e-03 3.861189587041735649e-03 1.267063431441783905e-03 3.680892521515488625e-03 1.774039305746555328e-02 1.148197799921035767e-02 8.991949260234832764e-03 1.257119141519069672e-02 6.679158192127943039e-03 9.271612390875816345e-03
1.741478964686393738e-02 1.903339847922325134e-02 1.241537369787693024e-02 3.522941097617149353e-02 8.371817469596862793e-01 2.317822165787220001e-02 2.853911183774471283e-02 8.447176776826381683e-03 6.589351221919059753e-03 3.470737114548683167e-02 6.476659793406724930e-03 9.098120965063571930e-03 9.617411531507968903e-03 5.026443395763635635e-03 1.804861053824424744e-02 3.404637053608894348e-02 3.103947080671787262e-02 8.278125897049903870e-03 4.657048732042312622e-02 1.099247392266988754e-02 1.667501963675022125e-02 1.076200697571039200e-02 1.792310364544391632e-02 2.409120835363864899e-02 1.181666553020477295e-02 1.772262342274188995e-02 6.494816858321428299e-03 2.062555588781833649e-02 1.607487350702285767e-02 2.216400764882564545e-02 8.885703980922698975e-03 1.043558306992053986e-02 6.972728297114372253e-04 1.702497899532318115e-02 1.181421335786581039e-03 1.303392834961414337e-02 1.794851198792457581e-02 7.128549739718437195e-03 2.428194694221019745e-02 4.155097156763076782e-02 3.897786140441894531e-03 3.089266130700707436e-03 1.077145061572082341e-04 1.279072556644678116e-02 7.071200292557477951e-03 4.255899693816900253e-03 2.464215271174907684e-02 2.312230691313743591e-02 2.542971633374691010e-02 6.113127805292606354e-03 1.000991370528936386e-02 7.642860058695077896e-03 1.990596065297722816e-03 9.846504544839262962e-04 7.197557482868432999e-03 8.150517940521240234e-03 6.777712609618902206e-03 2.269059047102928162e-02 1.135412883013486862e-02 1.010665018111467361e-02 7.121912669390439987e-03 1.345468312501907349e-02 8.965106680989265442e-03 5.270402412861585617e-03 1.312999799847602844e-02 7.814382202923297882e-03 9.898204356431961060e-03 1.565754995681345463e-03 1.681305281817913055e-02 2.626721002161502838e-02 2.883173525333404541e-02 1.096137892454862595e-02 2.471349947154521942e-02 3.027653694152832031e-02 3.689854592084884644e-02 1.055591460317373276e-02 1.054588146507740021e-02 3.592498973011970520e-02 3.880422329530119896e-03 1.820143684744834900e-02 1.842957222834229469e-03 7.359617855399847031e-03 2.140855975449085236e-02 4.796349629759788513e-02 2.188842743635177612e-03 9.514983743429183960e-03 1.427950710058212280e-02 1.552767958492040634e-02 2.137343585491180420e-02 3.733194619417190552e-02 1.827703043818473816e-02 4.021611530333757401e-03 5.722627975046634674e-03 1.202114112675189972e-02 1.108093280345201492e-02 2.326540090143680573e-02 3.517210483551025391e-02 3.983771603088825941e-04 4.900994710624217987e-03 1.210614107549190521e-03 1.657189801335334778e-02 1.603748835623264313e-02 1.066941302269697189e-02 9.358442388474941254e-03 1.046065823175013065e-03 5.866725463420152664e-03 1.071133092045783997e-02 2.478725044056773186e-03 2.259111404418945312e-02 2.910601207986474037e-03 1.699112541973590851e-02 1.052401866763830185e-02 1.363730151206254959e-02 6.862075999379158020e-03 2.532332146074622869e-04 1.593227125704288483e-02
6.262485682964324951e-02 5.400240048766136169e-02 1.223681215196847916e-02 3.352840989828109741e-02 2.317822165787220001e-02 8.371817469596862793e-01 6.452918052673339844e-02 7.342805620282888412e-03 2.029482834041118622e-02 1.190678495913743973e-02 4.875368997454643250e-02 3.270695731043815613e-02 4.582925140857696533e-02 2.934785932302474976e-02 9.372043423354625702e-04 1.911536790430545807e-02 1.829355768859386444e-02 1.427521556615829468e-02 2.498202584683895111e-02 1.052137464284896851e-03 7.213151082396507263e-03 2.402851916849613190e-02 1.564976526424288750e-03 8.745308965444564819e-03 4.925005137920379639e-03 8.713454008102416992e-03 1.805306226015090942e-02 1.051131403073668480e-03 9.075904265046119690e-03 7.773055694997310638e-03 1.000066194683313370e-02 3.739048028364777565e-03 2.982589788734912872e-02 2.425872022286057472e-03 1.803173869848251343e-02 3.395210718736052513e-03 1.619129761820659041e-05 4.232003819197416306e-03 9.687800891697406769e-03 1.211006287485361099e-02 5.525704007595777512e-03 1.306140888482332230e-02 2.045269869267940521e-02 1.547746732831001282e-02 2.257801406085491180e-02 2.193441055715084076e-02 6.682042032480239868e-02 4.295457527041435242e-02 2.458860166370868683e-03 8.909611031413078308e-03 1.010844204574823380e-02 1.108290813863277435e-02 2.341223414987325668e-03 8.884805254638195038e-03 1.634657941758632660e-02 6.907672155648469925e-03 3.952410072088241577e-02 2.227865159511566162e-02 4.009203054010868073e-03 4.465431906282901764e-03 3.185654059052467346e-02 2.332922630012035370e-02 1.884580776095390320e-02 2.186674065887928009e-02 2.173338830471038818e-02 1.698098517954349518e-02 8.798917755484580994e-03 5.455442704260349274e-03 3.200448304414749146e-02 1.134532853029668331e-03 2.143584564328193665e-02 2.658241800963878632e-02 3.338038548827171326e-02 1.573423855006694794e-02 9.766022674739360809e-03 2.541293762624263763e-02 2.770922891795635223e-02 1.668371073901653290e-02 1.884246431291103363e-02 4.774737171828746796e-03 2.711205277591943741e-03 1.643916033208370209e-02 9.353769943118095398e-03 1.512161456048488617e-03 1.614160835742950439e-02 1.076532341539859772e-02 1.053860317915678024e-02 1.028758194297552109e-02 2.834952808916568756e-02 9.548400528728961945e-03 4.227902740240097046e-02 3.668437525629997253e-02 1.994549669325351715e-02 2.195391803979873657e-02 2.647506259381771088e-02 1.848450861871242523e-02 1.916154287755489349e-02 1.362315844744443893e-02 1.621397770941257477e-02 1.631308160722255707e-02 1.357647124677896500e-02 6.532609462738037109e-03 6.258400157094001770e-03 1.156284287571907043e-02 3.320334944874048233e-03 2.115449635311961174e-03 2.444552443921566010e-02 1.087026204913854599e-02 6.971415597945451736e-03 3.509877133183181286e-04 1.510094292461872101e-02 7.989059202373027802e-03 2.366792876273393631e-03 2.044946141541004181e-02 3.406331175938248634e-03 4.016921855509281158e-03
6.120989471673965454e-02 6.232751160860061646e-02 1.756809093058109283e-02 2.715312689542770386e-02 2.853911183774471283e-02 6.452918052673339844e-02 8.371817469596862793e-01 7.907577790319919586e-03 5.522390361875295639e-03 8.228339254856109619e-03 5.528526380658149719e-02 3.247644007205963135e-02 4.860908538103103638e-02 3.457835316658020020e-02 4.666809923946857452e-03 1.875299401581287384e-02 1.856670714914798737e-02 3.089845995418727398e-04 2.519568055868148804e-02 3.485551802441477776e-03 4.758391994982957840e-03 1.890973187983036041e-02 2.265807474032044411e-03 1.228198129683732986e-02 4.383003339171409607e-03 8.720822632312774658e-03 2.636147662997245789e-02 1.339009590446949005e-02 4.959855228662490845e-03 5.381629336625337601e-03 1.380314677953720093e-02 2.435169182717800140e-03 3.095754049718379974e-02 3.980847541242837906e-03 1.534873899072408676e-02 9.042548947036266327e-03 3.559675300493836403e-03 6.697051227092742920e-03 9.763879701495170593e-03 1.639502868056297302e-02 8.782049641013145447e-03 1.244150218553841114e-03 1.309768855571746826e-02 1.517333835363388062e-02 3.241807967424392700e-02 2.389725856482982635e-02 6.077610328793525696e-02 5.573102459311485291e-02 4.727933555841445923e-04 7.919178344309329987e-03 2.753191394731402397e-03 3.338203765451908112e-03 4.111811984330415726e-03 3.034405875951051712e-03 1.015510130673646927e-02 1.637204922735691071e-02 3.097237087786197662e-02 3.224734961986541748e-02 9.102949872612953186e-03 1.346038095653057098e-02 2.957714535295963287e-02 3.007064200937747955e-02 1.220186334103345871e-02 2.854403294622898102e-02 2.926841005682945251e-02 2.251846902072429657e-02 2.120858291164040565e-03 4.675381351262331009e-03 3.119924664497375488e-02 1.991664525121450424e-03 2.901777625083923340e-02 1.749647036194801331e-02 3.747142106294631958e-02 2.251226454973220825e-02 7.258161902427673340e-03 1.628533005714416504e-02 1.204078830778598785e-02 1.656272448599338531e-02 2.166922762989997864e-02 5.050238221883773804e-03 2.677397336810827255e-03 8.919587358832359314e-03 4.081696970388293266e-04 3.654505126178264618e-03 1.348422281444072723e-02 9.464577771723270416e-03 7.956258021295070648e-03 1.284071616828441620e-02 3.476095944643020630e-02 2.088068798184394836e-02 4.349069297313690186e-02 3.530037030577659607e-02 2.717645093798637390e-02 2.834706567227840424e-02 1.779760792851448059e-02 1.447953004390001297e-02 2.646222338080406189e-02 1.339488010853528976e-02 7.096627261489629745e-03 9.656769223511219025e-03 1.185842789709568024e-02 3.760574385523796082e-03 3.802299033850431442e-03 6.731581874191761017e-03 4.111730493605136871e-03 1.807492109946906567e-03 2.017839439213275909e-02 3.104393836110830307e-03 7.381343748420476913e-03 2.553092315793037415e-03 1.701804250478744507e-02 6.873493548482656479e-03 5.728049669414758682e-03 1.570896059274673462e-02 1.900263875722885132e-02 1.715703681111335754e-02
1.454369444400072098e-02 1.221437659114599228e-02 2.842410467565059662e-02 1.942204311490058899e-02 8.447176776826381683e-03 7.342805620282888412e-03 7.907577790319919586e-03 8.371817469596862793e-01 1.408798038028180599e-03 7.777998223900794983e-03 2.436859533190727234e-02 4.167158156633377075e-03 2.388588339090347290e-02 1.630373299121856689e-03 5.245122686028480530e-02 2.165074646472930908e-02 1.835240609943866730e-02 2.306831069290637970e-02 3.140059998258948326e-04 8.171054534614086151e-03 1.415379811078310013e-03 4.286936298012733459e-02 1.025442685931921005e-02 2.531968988478183746e-03 6.324811838567256927e-03 1.154407858848571777e-02 3.138019144535064697e-02 1.420955732464790344e-02 1.134212315082550049e-02 1.532563101500272751e-02 1.954475790262222290e-02 2.211794024333357811e-03 6.327080191113054752e-04 6.933702970854938030e-04 7.461496861651539803e-04 2.246830984950065613e-02 3.806963190436363220e-02 3.207360580563545227e-02 2.495639771223068237e-02 1.408706652000546455e-03 3.268824890255928040e-02 8.740643039345741272e-03 6.978535093367099762e-03 1.252899970859289169e-02 1.744505390524864197e-02 2.176623977720737457e-02 9.420068934559822083e-03 1.305215060710906982e-02 4.183984361588954926e-03 4.243967123329639435e-03 4.177929088473320007e-02 2.204056642949581146e-02 1.066743955016136169e-02 7.481431588530540466e-03 1.573283970355987549e-02 6.846370175480842590e-03 7.396023254841566086e-03 1.524550607427954674e-03 7.733461447060108185e-03 3.450839314609766006e-03 1.793384552001953125e-02 1.293863286264240742e-03 8.521531708538532257e-03 8.726068772375583649e-03 1.169966626912355423e-02 7.839630357921123505e-03 5.477666389197111130e-03 4.694138653576374054e-03 7.334043271839618683e-03 1.513788290321826935e-02 1.789406500756740570e-02 1.881660893559455872e-02 8.289453573524951935e-03 1.572312670759856701e-03 2.011427283287048340e-02 8.265976794064044952e-03 7.636133581399917603e-03 7.545948959887027740e-03 7.602911442518234253e-03 7.288310676813125610e-03 5.946476757526397705e-02 3.972388431429862976e-02 1.157100778073072433e-02 6.528966594487428665e-03 1.489132922142744064e-02 1.681919582188129425e-02 6.135026365518569946e-02 3.165905177593231201e-02 1.241237670183181763e-02 2.119791228324174881e-03 1.242425385862588882e-02 2.118295431137084961e-02 7.086745928972959518e-03 9.359580464661121368e-03 9.136824868619441986e-03 8.447527070529758930e-04 6.060971412807703018e-03 1.667331717908382416e-02 1.239487435668706894e-02 2.315168082714080811e-02 9.360157884657382965e-03 1.025799848139286041e-02 5.107205826789140701e-03 2.646979503333568573e-02 4.113166127353906631e-03 8.233888074755668640e-03 3.825159277766942978e-03 4.035892430692911148e-03 2.727987011894583702e-03 3.576677525416016579e-03 6.112570874392986298e-03 8.447478525340557098e-03 2.721879864111542702e-03 5.300544202327728271e-03 3.801681566983461380e-03 8.026373572647571564e-03
5.752581171691417694e-03 5.716028157621622086e-03 2.426074817776679993e-02 6.551781669259071350e-03 6.589351221919059753e-03 2.029482834041118622e-02 5.522390361875295639e-03 1.408798038028180599e-03 8.371817469596862793e-01 3.292324766516685486e-02 5.211696494370698929e-03 2.115559327648952603e-04 6.768719758838415146e-03 7.745602051727473736e-04 1.372177153825759888e-02 1.858088001608848572e-02 1.673876121640205383e-02 3.576442599296569824e-02 1.027572620660066605e-02 9.883584454655647278e-03 2.740112366154789925e-03 1.732997596263885498e-02 1.133824419230222702e-02 1.798638724721968174e-03 1.396589912474155426e-02 6.876250263303518295e-03 1.110724266618490219e-02 1.348503492772579193e-02 2.309317514300346375e-02 2.501181326806545258e-02 1.284070964902639389e-02 5.846468731760978699e-03 9.729739278554916382e-03 3.934158477932214737e-03 1.355057582259178162e-02 1.323091099038720131e-03 9.121257811784744263e-03 2.365333400666713715e-02 1.546429656445980072e-02 2.478464506566524506e-02 9.282211773097515106e-03 2.158781699836254120e-02 1.906319521367549896e-03 1.986780116567388177e-04 4.138692747801542282e-03 2.190717309713363647e-02 1.229566801339387894e-02 1.962802000343799591e-02 4.117751121520996094e-02 1.181243825703859329e-02 1.640397310256958008e-02 1.083184033632278442e-02 1.904262788593769073e-02 7.787061389535665512e-03 5.053151398897171021e-02 4.376771685201674700e-04 3.111575730144977570e-02 1.760424929670989513e-03 1.361040212213993073e-02 1.191894896328449249e-02 1.806778460741043091e-02 3.518117591738700867e-03 3.986423835158348083e-03 1.677269488573074341e-02 3.932799212634563446e-03 1.946589909493923187e-02 2.921759895980358124e-02 1.808593235909938812e-02 3.057245723903179169e-02 5.070595070719718933e-03 8.095421828329563141e-03 1.168574555777013302e-03 8.252924308180809021e-03 2.204359509050846100e-02 1.009152177721261978e-02 6.185738369822502136e-03 6.977316737174987793e-02 2.337731607258319855e-02 3.865673020482063293e-02 1.137253269553184509e-02 1.762545481324195862e-02 1.533325295895338058e-02 2.329048700630664825e-02 1.234369818121194839e-02 2.974656410515308380e-02 1.996625028550624847e-02 7.764265406876802444e-03 1.975737139582633972e-02 1.201473176479339600e-02 7.456884253770112991e-03 2.273002406582236290e-03 1.678369939327239990e-02 1.311467960476875305e-02 6.110038142651319504e-03 1.757940091192722321e-02 5.961789749562740326e-03 2.329345606267452240e-02 5.096476525068283081e-03 2.996721304953098297e-02 2.255538664758205414e-02 5.464301444590091705e-03 9.609926491975784302e-03 7.548762951046228409e-03 1.717622857540845871e-03 1.759639941155910492e-02 1.959247887134552002e-02 1.815296476706862450e-03 6.800033152103424072e-03 4.870481323450803757e-03 1.036688685417175293e-02 1.514902431517839432e-02 1.345688384026288986e-02 1.719958521425724030e-02 3.068020800128579140e-03 6.823956035077571869e-03 4.043888766318559647e-03
1.483388361521065235e-03 7.806500885635614395e-03 7.585632265545427799e-04 4.075341275893151760e-04 3.470737114548683167e-02 1.190678495913743973e-02 8.228339254856109619e-03 7.777998223900794983e-03 3.292324766516685486e-02 8.371817469596862793e-01 8.334017358720302582e-03 2.678642421960830688e-02 5.792313721030950546e-03 3.424195200204849243e-02 1.525811478495597839e-02 1.954814605414867401e-02 2.330929599702358246e-02 1.242284197360277176e-03 5.600062385201454163e-02 1.579642482101917267e-02 1.481494586914777756e-02 6.380924489349126816e-03 2.341081574559211731e-02 3.202282264828681946e-02 2.054090611636638641e-02 2.585035003721714020e-02 1.112366653978824615e-02 2.246922999620437622e-02 2.188224904239177704e-02 2.714602276682853699e-02 1.560628414154052734e-02 6.101897917687892914e-03 1.497595570981502533e-02 1.505000796169042587e-02 4.317856859415769577e-03 1.579321362078189850e-02 3.499267995357513428e-02 4.704714752733707428e-03 1.402055658400058746e-02 1.903673633933067322e-02 2.302473224699497223e-02 2.047487534582614899e-02 1.466056890785694122e-02 2.352566458284854889e-02 7.333531975746154785e-03 1.827608421444892883e-02 5.965276621282100677e-03 3.834739094600081444e-03 1.609266176819801331e-02 2.025520987808704376e-02 2.280907332897186279e-02 2.773366682231426239e-02 7.904935628175735474e-03 1.091540232300758362e-02 1.021431665867567062e-02 2.326967194676399231e-02 5.949303973466157913e-03 3.929715603590011597e-02 7.756245322525501251e-03 9.479139931499958038e-03 2.191999368369579315e-02 3.955767024308443069e-03 2.531398320570588112e-03 1.117871981114149094e-02 2.085559256374835968e-02 1.053096912801265717e-02 7.422716356813907623e-03 1.951112644746899605e-03 5.470126867294311523e-03 3.937182947993278503e-02 3.128933534026145935e-02 1.400914881378412247e-02 6.286949384957551956e-03 2.093172632157802582e-02 4.214874655008316040e-02 1.646981574594974518e-03 1.417870912700891495e-02 6.403300166130065918e-02 9.036744944751262665e-03 5.205747485160827637e-02 7.916259579360485077e-03 1.208544149994850159e-02 2.114388532936573029e-02 6.185329332947731018e-02 1.025596517138183117e-03 1.033441629260778427e-02 1.252127718180418015e-02 9.888738393783569336e-03 4.139943048357963562e-03 5.224594101309776306e-02 1.324744150042533875e-02 1.264683809131383896e-02 1.892364211380481720e-02 1.936312299221754074e-03 7.634974084794521332e-03 1.234263554215431213e-02 2.510983310639858246e-02 1.256884355098009109e-02 1.077838614583015442e-02 2.312979102134704590e-02 7.174394093453884125e-03 2.128494903445243835e-03 1.212863158434629440e-02 4.396896343678236008e-03 1.369067188352346420e-02 5.064912606030702591e-03 1.493850909173488617e-02 9.554740972816944122e-03 9.024401195347309113e-03 2.250106818974018097e-02 1.606514863669872284e-02 1.316382456570863724e-02 9.948852472007274628e-03 1.099603530019521713e-02 1.080844365060329437e-02 1.971742697060108185e-02
6.451435387134552002e-02 6.787927448749542236e-02 2.492249244824051857e-03 1.504976674914360046e-02 6.476659793406724930e-03 4.875368997454643250e-02 5.528526380658149719e-02 2.436859533190727234e-02 5.211696494370698929e-03 8.334017358720302582e-03 8.371817469596862793e-01 1.917051896452903748e-02 6.652529537677764893e-02 2.087835967540740967e-02 1.489211618900299072e-02 9.181624627672135830e-04 7.300810422748327255e-03 2.151927165687084198e-02 6.858402863144874573e-03 9.077087044715881348e-03 6.025571841746568680e-03 4.601198807358741760e-02 1.160466019064188004e-02 2.595524489879608154e-02 6.134194787591695786e-03 5.886704311706125736e-04 3.616565465927124023e-02 7.223346270620822906e-03 2.669282443821430206e-02 6.405722349882125854e-03 1.912899315357208252e-02 5.442065186798572540e-03 2.261373400688171387e-02 3.348737256601452827e-03 4.364627879112958908e-03 2.878046035766601562e-02 2.975118532776832581e-02 1.622565276920795441e-02 6.109124515205621719e-03 1.191591727547347546e-03 3.478956408798694611e-03 1.740819029510021210e-02 9.121713228523731232e-03 1.937750540673732758e-02 2.354697324335575104e-02 7.013104856014251709e-03 4.470852017402648926e-02 3.929293528199195862e-02 2.648407244123518467e-04 7.972267456352710724e-03 6.095535587519407272e-03 4.122523125261068344e-03 9.636607021093368530e-03 3.619038965553045273e-03 1.086548808962106705e-02 7.934329187264665961e-05 3.092150390148162842e-02 1.567780040204524994e-02 4.840251524001359940e-03 2.866777125746011734e-03 3.620273247361183167e-02 1.800481602549552917e-02 9.204231901094317436e-05 1.705011352896690369e-02 4.529014974832534790e-02 2.897949703037738800e-02 1.642682403326034546e-02 8.745572529733181000e-03 1.414264459162950516e-02 2.489539608359336853e-02 5.208071786910295486e-03 6.729120388627052307e-03 2.205414511263370514e-02 6.809508427977561951e-03 1.083152834326028824e-02 2.075544558465480804e-02 6.017108913511037827e-03 5.114085972309112549e-03 2.567998319864273071e-02 5.841728998348116875e-04 1.034142356365919113e-02 1.059082802385091782e-02 1.386726461350917816e-02 1.677521876990795135e-02 1.479908917099237442e-02 1.146918721497058868e-02 2.230808325111865997e-02 3.307471517473459244e-03 3.450291231274604797e-02 4.182245582342147827e-03 3.819214180111885071e-02 6.803742051124572754e-02 2.192260138690471649e-02 3.713887557387351990e-02 4.235766362398862839e-03 1.084714382886886597e-02 1.236450392752885818e-02 1.844037324190139771e-02 3.138686763122677803e-03 6.815901957452297211e-03 1.865519909188151360e-03 9.563106577843427658e-04 2.779973438009619713e-03 2.588861156255006790e-03 5.738560575991868973e-03 1.637123175896704197e-03 1.379171200096607208e-02 3.124986775219440460e-03 1.117740198969841003e-02 8.022920228540897369e-03 1.244164817035198212e-02 2.823991933837532997e-03 1.386205200105905533e-02 7.469784468412399292e-03 4.945413675159215927e-03 1.310930773615837097e-02
2.678073942661285400e-02 3.367316350340843201e-02 1.520742569118738174e-02 2.750623784959316254e-02 9.098120965063571930e-03 3.270695731043815613e-02 3.247644007205963135e-02 4.167158156633377075e-03 2.115559327648952603e-04 2.678642421960830688e-02 1.917051896452903748e-02 8.371817469596862793e-01 2.149267122149467468e-02 7.969661056995391846e-02 1.679333671927452087e-02 2.405479172011837363e-04 6.630584131926298141e-03 1.030803006142377853e-02 4.624887835234403610e-03 7.677361834794282913e-03 1.093311328440904617e-02 1.320387795567512512e-02 4.551783204078674316e-02 3.964989632368087769e-02 1.027853880077600479e-02 1.985740102827548981e-02 1.198910991661250591e-03 3.293950110673904419e-02 1.313705835491418839e-02 4.489200562238693237e-02 1.854543574154376984e-02 1.392686972394585609e-03 1.085056178271770477e-02 1.693692058324813843e-02 5.201310850679874420e-03 1.706090010702610016e-02 4.871160257607698441e-03 1.888512750156223774e-03 9.427604265511035919e-03 1.938618224812671542e-04 1.960432715713977814e-02 3.570787608623504639e-03 1.246410515159368515e-02 2.958486974239349365e-02 1.917994581162929535e-02 1.510593947023153305e-02 2.136714197695255280e-02 1.132551673799753189e-02 1.187391672283411026e-02 1.196143031120300293e-02 2.132981829345226288e-02 2.654697932302951813e-02 3.094591200351715088e-03 5.392343737185001373e-03 2.792817912995815277e-02 5.970648489892482758e-03 7.465118076652288437e-03 1.974212005734443665e-02 6.856997497379779816e-03 1.064077951014041901e-02 2.315545827150344849e-02 2.471520798280835152e-03 9.230819530785083771e-03 6.685624830424785614e-03 1.863989792764186859e-02 1.702901721000671387e-02 6.252942141145467758e-03 9.179705753922462463e-03 1.837909966707229614e-02 1.319869793951511383e-02 1.682727970182895660e-02 2.421922236680984497e-02 1.524725835770368576e-02 1.120788231492042542e-02 1.264511607587337494e-02 2.513387799263000488e-02 5.971984472125768661e-03 2.727712690830230713e-02 6.267993012443184853e-04 2.131820842623710632e-02 6.331416778266429901e-03 2.089961431920528412e-03 1.359996502287685871e-03 8.535825647413730621e-03 1.625035889446735382e-02 1.834340952336788177e-02 1.306272950023412704e-02 4.595358856022357941e-03 2.817001892253756523e-03 2.880829200148582458e-02 1.954088732600212097e-02 1.747321896255016327e-02 3.074185736477375031e-02 1.170238945633172989e-02 2.683066762983798981e-02 1.820581220090389252e-02 7.774625904858112335e-03 2.136772498488426208e-02 6.956335622817277908e-03 7.459817919880151749e-03 4.653389565646648407e-03 2.373462077230215073e-03 6.424932740628719330e-03 8.831134065985679626e-03 1.700254622846841812e-03 1.160652609542012215e-03 5.710860714316368103e-03 8.103926666080951691e-03 2.420752309262752533e-02 7.337388116866350174e-03 6.214340683072805405e-03 2.857765369117259979e-02 1.094194129109382629e-03 1.860012300312519073e-02 7.951293140649795532e-03 3.001078590750694275e-02
5.045396834611892700e-02 6.819752603769302368e-02 3.485957160592079163e-03 1.974058337509632111e-02 9.617411531507968903e-03 4.582925140857696533e-02 4.860908538103103638e-02 2.388588339090347290e-02 6.768719758838415146e-03 5.792313721030950546e-03 6.652529537677764893e-02 2.149267122149467468e-02 8.371817469596862793e-01 2.809401042759418488e-02 2.660710923373699188e-02 5.182336899451911449e-04 1.328952610492706299e-03 1.837637834250926971e-02 7.575746160000562668e-03 1.160597708076238632e-02 9.362511336803436279e-03 5.159397423267364502e-02 1.421120204031467438e-02 2.189411036670207977e-02 7.287054788321256638e-03 7.962230592966079712e-04 2.062808535993099213e-02 2.356413751840591431e-03 2.331731654703617096e-02 1.313395239412784576e-02 1.878455653786659241e-02 1.058998703956604004e-02 1.593243889510631561e-02 1.241164840757846832e-02 1.365276752039790154e-03 3.549638018012046814e-02 3.500590845942497253e-02 2.002678811550140381e-02 2.812952036038041115e-03 4.538017310551367700e-05 1.533213723450899124e-02 1.253521628677845001e-02 5.826125852763652802e-03 1.680252328515052795e-02 4.746687598526477814e-03 1.795006915926933289e-03 3.754619508981704712e-02 2.880392782390117645e-02 5.248237401247024536e-03 2.360738581046462059e-03 7.042150944471359253e-03 2.758076414465904236e-03 1.737410202622413635e-02 1.164624374359846115e-02 1.357083674520254135e-02 8.550019003450870514e-03 3.107091039419174194e-02 9.774068370461463928e-03 1.999566145241260529e-02 2.185725234448909760e-02 3.281622752547264099e-02 1.218861993402242661e-02 6.929902825504541397e-03 1.158038340508937836e-02 4.573956876993179321e-02 3.604624420404434204e-02 2.097361907362937927e-02 1.757142506539821625e-02 1.000801287591457367e-02 2.200276032090187073e-02 4.453926812857389450e-03 1.092376653105020523e-03 1.724642142653465271e-02 6.644547451287508011e-03 1.169456541538238525e-02 1.394746638834476471e-02 2.390397712588310242e-03 1.968362135812640190e-03 2.483317069709300995e-02 2.282269857823848724e-02 1.261723414063453674e-02 2.663548570126295090e-03 3.376256674528121948e-03 1.887755841016769409e-02 1.668957620859146118e-02 2.118099108338356018e-02 3.185164183378219604e-02 1.579410210251808167e-02 3.576793521642684937e-02 2.008406631648540497e-02 3.094484284520149231e-02 5.382381007075309753e-02 3.173366189002990723e-02 3.881601989269256592e-02 7.099623791873455048e-03 4.383942577987909317e-03 1.360499672591686249e-02 7.425756659358739853e-03 4.750918131321668625e-03 5.534699186682701111e-03 2.566594630479812622e-04 4.089265596121549606e-03 2.851171651855111122e-03 5.889541469514369965e-03 5.914928857237100601e-03 1.252604462206363678e-02 5.979628767818212509e-03 1.142479851841926575e-02 1.236796379089355469e-02 5.524106789380311966e-03 1.913812826387584209e-03 1.028593746013939381e-03 1.292958669364452362e-02 1.003716886043548584e-02 1.158317923545837402e-02 1.910373941063880920e-02
