8.398282527923583984e-01 6.662095338106155396e-02 1.682172343134880066e-02 1.606340147554874420e-02 1.498601026833057404e-02 4.670070111751556396e-02 5.122058093547821045e-02 3.092535026371479034e-02 1.487295981496572495e-02 2.211463637650012970e-02 4.664943367242813110e-02 4.502368718385696411e-02 4.406180605292320251e-02 4.268226400017738342e-02 3.471373021602630615e-02 2.814047737047076225e-03 1.935989968478679657e-02 1.724635483697056770e-03 6.432028021663427353e-03 5.370776169002056122e-03 1.025916822254657745e-02 1.803214102983474731e-02 3.093858808279037476e-02 2.596292272210121155e-02 9.011523216031491756e-04 1.051303115673363209e-03 1.290718466043472290e-02 3.589423000812530518e-02 2.001122944056987762e-02 3.687888011336326599e-02 1.502860523760318756e-02 1.938778092153370380e-03 2.338850405067205429e-03 1.082527544349431992e-02 7.350842468440532684e-03 1.323132310062646866e-02 2.612292394042015076e-02 1.567918062210083008e-02 1.044687908142805099e-02 4.138670396059751511e-03 3.078580461442470551e-02 3.712965641170740128e-03 4.886985989287495613e-04 2.478419058024883270e-02 1.174945849925279617e-02 4.679577890783548355e-03 3.426823019981384277e-02 2.115220762789249420e-02 6.971973460167646408e-03 4.174179863184690475e-03 2.213578484952449799e-02 1.743501052260398865e-02 3.086152113974094391e-02 2.173287235200405121e-02 4.430944565683603287e-03 1.708954572677612305e-02 1.551592629402875900e-02 8.236104622483253479e-03 3.293102979660034180e-02 2.368004061281681061e-02 5.763844237662851810e-04 3.109381359536200762e-04 3.974256105720996857e-03 1.289404463022947311e-02 2.210391312837600708e-02 1.554673723876476288e-02 1.132990792393684387e-02 1.609829487279057503e-03 4.699474375229328871e-04 1.087391097098588943e-02 1.987683773040771484e-02 5.706624127924442291e-03 7.420344743877649307e-03 1.186504401266574860e-02 1.383086387068033218e-02 5.044842604547739029e-03 1.037887856364250183e-02 3.326944261789321899e-02 1.305991038680076599e-02 1.674343645572662354e-02 1.909865252673625946e-02 1.188582740724086761e-02 1.936102472245693207e-02 1.255431585013866425e-02 1.425798691343516111e-04 9.925955906510353088e-03 3.617006167769432068e-02 1.590332575142383575e-02 2.339770458638668060e-02 1.345065329223871231e-02 3.851812332868576050e-02 1.563548855483531952e-02 3.587792068719863892e-02 1.211163494735956192e-02 3.204833716154098511e-02 2.689333632588386536e-02 4.095373209565877914e-03 5.730420816689729691e-04 7.247796747833490372e-03 1.264001987874507904e-02 8.203916251659393311e-03 1.130121387541294098e-02 1.105483807623386383e-02 6.757186260074377060e-03 2.005217783153057098e-02 1.149309333413839340e-02 3.929879516363143921e-03 8.288821205496788025e-03 7.645674049854278564e-03 6.829602643847465515e-04 3.719192743301391602e-02 2.520601823925971985e-02 7.166968658566474915e-03 1.945235300809144974e-03 1.192807778716087341e-02 2.264366857707500458e-02
6.662095338106155396e-02 8.398282527923583984e-01 1.798083633184432983e-02 1.877210848033428192e-02 1.240349374711513519e-02 2.998041361570358276e-02 4.704365506768226624e-02 2.100215107202529907e-02 9.298911318182945251e-03 2.218632958829402924e-02 4.193068668246269226e-02 3.994138538837432861e-02 4.642603546380996704e-02 4.454503953456878662e-02 2.295142412185668945e-02 8.945448324084281921e-03 1.746340654790401459e-02 9.054315276443958282e-03 4.904052708297967911e-03 8.601284585893154144e-03 4.873275756835937500e-03 1.872320845723152161e-02 2.643856033682823181e-02 2.784468419849872589e-02 9.286073618568480015e-04 6.150939967483282089e-03 1.514922920614480972e-02 2.563200891017913818e-02 1.992553099989891052e-02 2.915487997233867645e-02 1.858858764171600342e-02 6.392827257513999939e-03 1.503262901678681374e-03 8.968806825578212738e-03 9.730133228003978729e-03 2.417389675974845886e-02 3.616386651992797852e-02 1.050210092216730118e-02 9.403241798281669617e-03 2.380687656113877892e-04 1.551420055329799652e-02 1.704376772977411747e-03 7.170062977820634842e-03 1.791766844689846039e-02 2.359412610530853271e-02 2.055673394352197647e-03 3.088603541254997253e-02 1.582686975598335266e-02 7.706959266215562820e-03 4.207041580229997635e-03 1.930999383330345154e-02 1.900383457541465759e-02 2.297504805028438568e-02 1.925399713218212128e-02 3.140012267976999283e-03 1.344811543822288513e-02 6.811361294239759445e-03 5.489686504006385803e-03 2.951789088547229767e-02 2.061984315514564514e-02 1.020979508757591248e-02 1.221122452989220619e-03 8.849899284541606903e-03 1.919478736817836761e-02 2.188901975750923157e-02 1.379950996488332748e-02 7.307032588869333267e-03 4.116990137845277786e-03 1.175734773278236389e-02 9.876609547063708305e-04 1.295752450823783875e-02 7.090657949447631836e-03 4.421461839228868484e-03 4.172286018729209900e-03 1.041777618229389191e-02 5.365317687392234802e-03 6.003774469718337059e-04 2.599633671343326569e-02 2.674902789294719696e-02 1.012055482715368271e-02 1.232858747243881226e-02 8.617602288722991943e-03 1.769619621336460114e-02 1.444645109586417675e-03 6.992680486291646957e-03 7.268537301570177078e-04 2.349815517663955688e-02 1.212796010076999664e-02 1.255238428711891174e-02 2.323864493519067764e-03 3.869895637035369873e-02 8.381781168282032013e-03 3.374282270669937134e-02 1.402373984456062317e-02 3.616560995578765869e-02 2.471357211470603943e-02 5.887803155928850174e-03 1.106913387775421143e-02 4.338891711086034775e-03 1.159242074936628342e-02 9.400357492268085480e-03 1.210826821625232697e-02 1.319583319127559662e-02 1.845379360020160675e-02 1.386683434247970581e-02 1.295555941760540009e-02 2.244323259219527245e-03 1.267539337277412415e-02 3.519643330946564674e-03 4.174493253231048584e-03 3.194656223058700562e-02 2.176882512867450714e-02 7.385354954749345779e-03 1.236239913851022720e-03 8.045988157391548157e-03 2.120145969092845917e-02
1.682172343134880066e-02 1.798083633184432983e-02 8.398282527923583984e-01 1.574953831732273102e-02 1.272132433950901031e-02 1.618112809956073761e-02 1.659118011593818665e-02 7.182857021689414978e-03 1.366450078785419464e-02 4.610898718237876892e-02 9.523014537990093231e-03 1.169886998832225800e-02 6.471662200056016445e-04 1.343478448688983917e-02 1.057686470448970795e-02 3.646153490990400314e-03 1.571432314813137054e-02 2.958980575203895569e-02 5.430419463664293289e-03 1.062348857522010803e-02 9.421297349035739899e-03 2.294149994850158691e-02 1.242704130709171295e-02 1.759809069335460663e-02 1.232667267322540283e-02 8.139061741530895233e-03 2.841824479401111603e-02 1.768157631158828735e-02 1.114195329137146473e-03 1.063513010740280151e-02 1.236035395413637161e-02 7.536418270319700241e-03 3.490824624896049500e-02 1.076234690845012665e-02 1.310297194868326187e-02 1.897891052067279816e-02 1.510206726379692554e-03 1.918083429336547852e-02 2.292856574058532715e-03 1.194761879742145538e-02 4.329934716224670410e-03 3.125528106465935707e-03 7.385286968201398849e-03 4.250484984368085861e-03 1.175969722680747509e-03 5.954773165285587311e-03 2.007858455181121826e-02 5.546132568269968033e-03 2.967962250113487244e-02 8.980684913694858551e-03 2.555901370942592621e-02 3.090462833642959595e-02 2.567733451724052429e-02 1.092672534286975861e-02 3.083656542003154755e-03 1.493143197149038315e-02 6.471103988587856293e-03 1.589617319405078888e-02 1.836984418332576752e-02 6.319409701973199844e-03 4.297782666981220245e-03 1.161328796297311783e-02 1.299110054969787598e-02 1.042990013957023621e-03 4.607322625815868378e-03 3.960354719310998917e-03 1.290511991828680038e-02 1.801090687513351440e-02 2.299493178725242615e-02 1.910193637013435364e-02 4.913741350173950195e-02 2.177105983719229698e-03 1.290765777230262756e-02 1.207582093775272369e-02 4.370391834527254105e-03 8.611197583377361298e-03 1.546714641153812408e-02 3.640107437968254089e-02 1.092827785760164261e-02 2.481069043278694153e-02 4.369276389479637146e-02 6.298378109931945801e-03 1.815352239646017551e-03 3.107088245451450348e-02 2.135722152888774872e-02 5.798097234219312668e-03 4.412086680531501770e-03 3.761718515306711197e-03 8.791903033852577209e-03 2.469883672893047333e-02 1.021298673003911972e-02 1.568394899368286133e-02 6.188400555402040482e-03 6.000339053571224213e-03 2.403496578335762024e-02 1.282652001827955246e-02 7.110706996172666550e-03 1.941598579287528992e-02 2.645207801833748817e-03 7.973625324666500092e-03 2.043901942670345306e-02 5.204422865062952042e-03 5.573281552642583847e-03 8.901047986000776291e-04 1.382164470851421356e-02 8.201086893677711487e-03 3.502437099814414978e-02 1.250952715054154396e-03 1.825138181447982788e-02 9.457652340643107891e-04 8.502918295562267303e-03 1.258671097457408905e-02 2.693738322705030441e-03 2.084041945636272430e-03 2.452032873407006264e-03 2.999087329953908920e-03
1.606340147554874420e-02 1.877210848033428192e-02 1.574953831732273102e-02 8.398282527923583984e-01 7.854979485273361206e-02 1.657061465084552765e-02 1.664329878985881805e-02 8.159228600561618805e-03 4.987438675016164780e-03 1.963866502046585083e-02 1.013141684234142303e-02 1.160057913511991501e-02 9.867507964372634888e-03 1.216744910925626755e-02 9.373194538056850433e-03 5.255501018837094307e-04 8.415639400482177734e-03 9.940383955836296082e-03 3.755177184939384460e-02 1.677790284156799316e-02 2.366832084953784943e-02 3.145235404372215271e-02 1.929555903188884258e-03 3.348863450810313225e-03 1.539952866733074188e-02 3.680435474961996078e-03 2.350810170173645020e-02 4.964293446391820908e-03 6.551879923790693283e-03 9.926718194037675858e-04 3.646114841103553772e-03 1.003847364336252213e-02 3.186978027224540710e-02 1.252790912985801697e-02 2.287460677325725555e-02 3.208672860637307167e-03 6.650073919445276260e-03 1.645936816930770874e-02 4.547283425927162170e-02 5.046105384826660156e-02 8.003206457942724228e-04 1.863148878328502178e-03 1.111288834363222122e-02 7.169394753873348236e-03 3.280307631939649582e-03 9.948248974978923798e-03 1.334896031767129898e-02 3.533068578690290451e-03 1.057620067149400711e-02 1.052831485867500305e-02 1.257093437016010284e-02 1.192825846374034882e-02 1.401109807193279266e-02 1.699353009462356567e-02 9.256190620362758636e-03 4.245785530656576157e-03 2.029561810195446014e-02 1.667597331106662750e-02 2.612720057368278503e-02 3.248165920376777649e-02 3.591020777821540833e-02 3.576170653104782104e-02 4.383180662989616394e-02 2.464278042316436768e-02 1.007260009646415710e-02 1.670023985207080841e-02 9.682689793407917023e-03 2.464571781456470490e-02 2.751599298790097237e-03 8.412853814661502838e-03 4.127383232116699219e-03 7.978294976055622101e-03 4.939778149127960205e-02 5.525331478565931320e-03 4.202559217810630798e-02 2.505936473608016968e-02 1.684094313532114029e-04 1.135129760950803757e-02 1.960447058081626892e-02 1.766302809119224548e-02 1.920434087514877319e-02 1.092969067394733429e-02 4.474027082324028015e-02 1.756299287080764771e-02 1.246455684304237366e-02 2.303174138069152832e-02 5.129687488079071045e-03 5.976000800728797913e-03 5.690390709787607193e-03 6.252081133425235748e-03 2.393724629655480385e-03 1.642339490354061127e-02 4.342074971646070480e-03 8.222769945859909058e-03 4.278282076120376587e-02 3.429938107728958130e-02 1.333335787057876587e-02 6.104010390117764473e-04 5.334084853529930115e-04 5.300635006278753281e-03 6.825278513133525848e-03 1.242154091596603394e-02 7.122276816517114639e-03 1.659118197858333588e-02 9.627870284020900726e-03 5.786022171378135681e-03 2.510733902454376221e-02 3.649343177676200867e-02 9.263840503990650177e-03 3.050284273922443390e-02 5.135945510119199753e-03 1.348900236189365387e-02 1.460961252450942993e-02 1.835040375590324402e-02 3.171956911683082581e-02 4.466149955987930298e-03
1.498601026833057404e-02 1.240349374711513519e-02 1.272132433950901031e-02 7.854979485273361206e-02 8.398282527923583984e-01 2.018382400274276733e-02 1.794162392616271973e-02 1.735140196979045868e-02 1.772827655076980591e-02 1.242298725992441177e-02 1.144329831004142761e-02 1.781101152300834656e-02 8.070400916039943695e-03 1.385706849396228790e-02 1.278392784297466278e-02 1.137818768620491028e-02 1.815029233694076538e-02 1.119283400475978851e-02 3.901869803667068481e-02 1.083828229457139969e-02 1.834496855735778809e-02 2.744665928184986115e-02 5.155589897185564041e-03 2.553608268499374390e-03 8.449620567262172699e-03 7.291071582585573196e-03 1.743379794061183929e-02 4.726701808976940811e-05 3.599096555262804031e-03 6.536407861858606339e-03 1.108256541192531586e-02 3.807497443631291389e-03 3.464957699179649353e-02 4.169921856373548508e-03 2.197978273034095764e-02 1.130947470664978027e-02 6.219201255589723587e-03 1.232904568314552307e-02 4.472325742244720459e-02 4.478938132524490356e-02 3.627316793426871300e-03 1.650926657021045685e-03 2.579357242211699486e-03 2.367174718528985977e-03 5.211295094341039658e-03 2.327203750610351562e-03 7.922511547803878784e-03 1.117879175581037998e-03 1.173769310116767883e-02 2.890115370973944664e-03 1.245401334017515182e-02 1.224772725254297256e-02 1.585009694099426270e-02 2.616102434694766998e-02 7.478984538465738297e-03 2.064866386353969574e-02 2.003863081336021423e-02 2.733584493398666382e-02 2.907442487776279449e-02 3.655166923999786377e-02 3.687351197004318237e-02 4.309393838047981262e-02 4.219418019056320190e-02 2.413475327193737030e-02 1.764225028455257416e-02 2.161486260592937469e-02 3.591543296352028847e-03 1.843909174203872681e-02 3.960696514695882797e-03 7.606657687574625015e-03 9.765604510903358459e-03 4.954946693032979965e-03 4.024660959839820862e-02 2.291980665177106857e-03 3.519723564386367798e-02 1.902017183601856232e-02 1.129105966538190842e-02 4.344980232417583466e-03 1.797140575945377350e-02 1.140522211790084839e-02 1.717458479106426239e-02 1.273971982300281525e-02 3.763690963387489319e-02 2.556938119232654572e-02 6.336567923426628113e-03 1.629346981644630432e-02 5.125090945512056351e-03 1.115308143198490143e-02 1.789874280802905560e-03 9.211137890815734863e-03 5.185290705412626266e-03 1.132922619581222534e-02 8.045616559684276581e-03 4.873976577073335648e-03 3.140339255332946777e-02 2.930913865566253662e-02 9.620694443583488464e-03 2.426539082080125809e-03 3.242732491344213486e-03 1.506204367615282536e-03 1.473895832896232605e-02 3.391071368241682649e-05 3.437383100390434265e-03 1.230908464640378952e-02 1.670783758163452148e-02 1.908461749553680420e-02 2.799365110695362091e-02 4.156105220317840576e-02 3.746397560462355614e-03 3.729354590177536011e-02 5.797947756946086884e-03 1.031297724694013596e-02 5.860033445060253143e-03 1.383244153112173080e-02 3.371176123619079590e-02 4.970545880496501923e-03
4.670070111751556396e-02 2.998041361570358276e-02 1.618112809956073761e-02 1.657061465084552765e-02 2.018382400274276733e-02 8.398282527923583984e-01 7.809285819530487061e-02 2.089123427867889404e-02 1.292154937982559204e-02 2.842465415596961975e-02 3.118698671460151672e-02 5.812420323491096497e-02 2.954930998384952545e-02 4.623490199446678162e-02 2.266179025173187256e-02 1.729817315936088562e-02 3.125030547380447388e-02 1.390113495290279388e-02 5.435390863567590714e-03 8.334577083587646484e-03 1.868038438260555267e-02 1.024894136935472488e-02 2.674047835171222687e-02 1.869314536452293396e-02 4.752854350954294205e-03 6.836281158030033112e-03 2.850192133337259293e-03 3.748088702559471130e-02 5.352631676942110062e-03 3.247797489166259766e-02 1.122721377760171890e-02 1.147225033491849899e-02 1.754770427942276001e-02 2.867628063540905714e-04 5.402182228863239288e-03 3.575256327167153358e-03 3.495340701192617416e-03 1.825851202011108398e-02 9.426665492355823517e-03 6.229475140571594238e-03 1.812221482396125793e-02 6.067309528589248657e-03 5.233154166489839554e-03 1.450507994741201401e-02 6.901025772094726562e-04 2.103388076648116112e-03 4.703521355986595154e-02 3.665185347199440002e-02 2.225771918892860413e-02 1.381306070834398270e-02 8.012601174414157867e-03 1.215724088251590729e-02 1.650343090295791626e-02 8.847818709909915924e-03 1.256156526505947113e-02 8.157159201800823212e-03 1.645698025822639465e-02 8.870730176568031311e-03 1.064241118729114532e-02 1.105663273483514786e-02 1.507472898811101913e-02 1.140243746340274811e-02 7.185605354607105255e-03 5.123768001794815063e-03 8.369260467588901520e-03 3.103064605966210365e-03 1.358641497790813446e-02 1.904199307318776846e-04 3.766929730772972107e-03 1.996422372758388519e-02 1.621685177087783813e-02 2.060981700196862221e-03 1.426082756370306015e-02 8.344649337232112885e-03 2.592750079929828644e-02 2.084560459479689598e-03 2.668884769082069397e-02 3.866785392165184021e-02 1.216152124106884003e-02 1.968057826161384583e-02 7.745114620774984360e-03 1.005350961349904537e-03 2.540744096040725708e-02 5.851945374161005020e-03 8.755286224186420441e-03 1.401184778660535812e-02 2.200552448630332947e-02 4.369934089481830597e-03 1.958274282515048981e-02 2.018265426158905029e-02 2.259705215692520142e-02 1.976529136300086975e-02 2.927078306674957275e-02 8.941503241658210754e-03 2.184623666107654572e-02 2.383753843605518341e-02 4.484184086322784424e-03 6.135510280728340149e-03 3.959530033171176910e-03 1.501715276390314102e-03 8.950253948569297791e-03 7.695965468883514404e-03 9.107167832553386688e-03 7.041808567009866238e-04 7.424779701977968216e-03 4.614006727933883667e-03 6.124350242316722870e-03 1.545784994959831238e-02 6.784060969948768616e-03 8.674238808453083038e-03 2.550008334219455719e-02 1.443701703101396561e-02 9.725451236590743065e-04 1.138240750879049301e-02 3.289020154625177383e-03 9.585669264197349548e-03
5.122058093547821045e-02 4.704365506768226624e-02 1.659118011593818665e-02 1.664329878985881805e-02 1.794162392616271973e-02 7.809285819530487061e-02 8.398282527923583984e-01 1.348073314875364304e-02 1.420704834163188934e-02 3.181901574134826660e-02 2.527509257197380066e-02 6.496654450893402100e-02 2.872729301452636719e-02 6.917122751474380493e-02 1.166714262217283249e-02 6.376320961862802505e-03 2.734612859785556793e-02 1.066890079528093338e-02 1.046755071729421616e-02 1.038291398435831070e-02 5.744049791246652603e-03 9.608822292648255825e-04 3.182986378669738770e-02 2.587348967790603638e-02 5.011613946408033371e-03 1.437885593622922897e-02 3.433738136664032936e-03 2.786257117986679077e-02 3.366777207702398300e-03 3.332025930285453796e-02 1.141075603663921356e-02 1.363482885062694550e-02 2.503850683569908142e-02 8.089130744338035583e-03 1.380703062750399113e-03 3.476728918030858040e-03 1.616190560162067413e-02 6.380203645676374435e-03 2.906424226239323616e-03 1.125927548855543137e-02 7.407912518829107285e-03 2.997817937284708023e-03 3.131178673356771469e-03 8.853637613356113434e-03 2.167851291596889496e-02 1.578975468873977661e-02 5.662385746836662292e-02 4.547495394945144653e-02 1.102013140916824341e-02 9.366307407617568970e-03 9.979983791708946228e-03 1.532826013863086700e-02 6.961616221815347672e-03 1.012487686239182949e-03 5.757352337241172791e-03 1.529905572533607483e-02 1.780415303073823452e-03 1.151855802163481712e-03 1.200463902205228806e-02 1.250599417835474014e-02 1.853503473103046417e-02 8.414635434746742249e-03 9.322864934802055359e-03 8.556677028536796570e-03 7.094134110957384109e-03 2.876331564038991928e-03 1.882371306419372559e-02 9.524219669401645660e-03 1.794431917369365692e-02 5.915539339184761047e-03 2.041335683315992355e-04 4.582223773468285799e-04 2.389061497524380684e-03 5.544190760701894760e-03 1.598851755261421204e-02 4.939803853631019592e-03 6.756012327969074249e-03 3.524233400821685791e-02 6.965562235563993454e-03 7.927247323095798492e-03 2.784213051199913025e-03 5.934768356382846832e-03 2.652742341160774231e-02 9.591847658157348633e-03 1.021547988057136536e-02 6.417741533368825912e-03 1.228903047740459442e-02 2.667018212378025055e-03 2.375090029090642929e-03 1.257457584142684937e-02 3.499215841293334961e-02 4.819235298782587051e-03 4.247255250811576843e-02 4.518745932728052139e-03 2.640221267938613892e-02 2.259135991334915161e-02 6.449978798627853394e-03 7.978943176567554474e-03 3.561022458598017693e-03 3.166081849485635757e-03 1.829268224537372589e-02 5.736260674893856049e-03 6.743456702679395676e-03 5.187354516237974167e-03 3.818119643256068230e-03 8.547819219529628754e-03 1.486169360578060150e-02 1.349832117557525635e-02 7.045899517834186554e-03 3.642896423116326332e-03 2.995530515909194946e-02 1.901067793369293213e-02 5.425946321338415146e-03 4.329319577664136887e-03 4.200314171612262726e-03 1.528159901499748230e-02
3.092535026371479034e-02 2.100215107202529907e-02 7.182857021689414978e-03 8.159228600561618805e-03 1.735140196979045868e-02 2.089123427867889404e-02 1.348073314875364304e-02 8.398282527923583984e-01 9.285780601203441620e-03 1.089338213205337524e-02 2.416181564331054688e-02 2.570095472037792206e-02 3.260566666722297668e-02 1.896619424223899841e-02 6.246028468012809753e-02 2.881317632272839546e-03 1.282668765634298325e-02 2.307789027690887451e-02 3.773425519466400146e-02 1.073834113776683807e-02 2.113918028771877289e-02 2.201650105416774750e-02 2.143699675798416138e-02 5.903366487473249435e-03 1.173944678157567978e-02 7.677031215280294418e-03 5.563880549743771553e-04 2.825489640235900879e-02 1.309267152100801468e-02 3.068207204341888428e-02 5.684054340235888958e-04 9.572353214025497437e-03 6.428218912333250046e-03 4.051510710269212723e-03 4.029781557619571686e-03 1.652446947991847992e-02 2.016400545835494995e-02 4.565238021314144135e-03 1.987709430977702141e-03 2.839057706296443939e-03 2.341497130692005157e-02 1.061042421497404575e-03 8.681651204824447632e-03 1.492538116872310638e-02 4.124708473682403564e-03 2.486944722477346659e-04 2.082178741693496704e-02 9.739112108945846558e-03 2.428814070299267769e-03 1.954423077404499054e-02 1.894889585673809052e-02 8.573074825108051300e-03 1.735559850931167603e-02 1.415583584457635880e-02 3.189950017258524895e-03 2.123856358230113983e-02 1.957177184522151947e-03 1.347113866358995438e-02 1.736365444958209991e-02 2.125489898025989532e-02 2.208025753498077393e-02 1.837945356965065002e-02 8.167012594640254974e-03 2.771596424281597137e-03 3.403196344152092934e-03 1.191604044288396835e-02 1.157312770374119282e-03 1.276506390422582626e-02 8.825885131955146790e-03 3.544647246599197388e-03 2.451772801578044891e-03 1.120724156498908997e-02 1.582529395818710327e-02 4.744748584926128387e-03 1.761839166283607483e-02 1.060505863279104233e-02 1.355658285319805145e-02 1.722490973770618439e-02 4.538903944194316864e-03 1.922575570642948151e-02 4.100567474961280823e-02 3.254350647330284119e-02 2.776674181222915649e-02 4.726346209645271301e-02 7.610418833792209625e-03 2.164890523999929428e-03 4.272651299834251404e-02 2.812804281711578369e-02 1.129246316850185394e-02 7.891394197940826416e-03 2.375471591949462891e-02 7.059252820909023285e-03 1.799796521663665771e-02 3.780931700021028519e-03 1.981959864497184753e-02 9.283562190830707550e-03 7.016852498054504395e-03 2.895380370318889618e-02 5.583410616964101791e-03 1.988301984965801239e-02 6.524347700178623199e-03 9.257049299776554108e-03 1.044886186718940735e-02 6.174997892230749130e-03 8.184392936527729034e-03 5.017319228500127792e-03 2.410461893305182457e-03 8.117909543216228485e-03 1.715305261313915253e-02 1.136721856892108917e-02 2.571498230099678040e-02 1.837811432778835297e-02 1.534173963591456413e-03 2.282647974789142609e-02 1.048997044563293457e-02 2.512840740382671356e-02
1.487295981496572495e-02 9.298911318182945251e-03 1.366450078785419464e-02 4.987438675016164780e-03 1.772827655076980591e-02 1.292154937982559204e-02 1.420704834163188934e-02 9.285780601203441620e-03 8.398282527923583984e-01 3.848236799240112305e-02 1.234008930623531342e-02 1.880789734423160553e-02 1.428556721657514572e-02 9.129595942795276642e-03 1.682903990149497986e-02 5.589618813246488571e-03 9.800745174288749695e-03 6.026830524206161499e-02 2.462136372923851013e-02 5.372112616896629333e-03 2.237717853859066963e-03 1.783399097621440887e-02 1.024861726909875870e-02 2.687724772840738297e-03 8.182017132639884949e-03 1.132767368108034134e-02 1.659934408962726593e-02 9.726624935865402222e-03 9.627643972635269165e-03 1.671552658081054688e-02 7.796826306730508804e-03 8.132798597216606140e-03 1.048224605619907379e-02 1.563040725886821747e-02 1.199343125335872173e-03 2.509858226403594017e-03 8.054972626268863678e-03 8.928903844207525253e-04 5.132955964654684067e-03 1.062320731580257416e-02 6.391652394086122513e-03 1.569588854908943176e-02 1.198161672800779343e-02 1.859072968363761902e-02 3.004918107762932777e-03 2.155745588243007660e-02 5.228300578892230988e-03 1.025129691697657108e-03 1.932587474584579468e-02 2.307903766632080078e-02 1.409003138542175293e-02 2.753205597400665283e-03 1.255009509623050690e-02 2.471784129738807678e-02 5.998870730400085449e-02 7.109455298632383347e-03 2.058255858719348907e-02 3.950978163629770279e-03 6.175833288580179214e-03 1.541255880147218704e-02 2.768274955451488495e-02 5.113639868795871735e-03 1.526914420537650585e-03 8.168303407728672028e-03 6.768073886632919312e-03 6.572128739207983017e-03 7.827610708773136139e-03 1.140239555388689041e-02 4.217280820012092590e-02 2.072336617857217789e-03 3.116104006767272949e-02 2.476087771356105804e-02 1.131948176771402359e-02 8.636692538857460022e-03 4.887428600341081619e-03 2.724957093596458435e-02 7.803269475698471069e-02 3.099979087710380554e-02 2.376578934490680695e-02 1.789214275777339935e-02 1.620046608150005341e-02 2.152094803750514984e-02 3.931925445795059204e-02 2.320921048521995544e-03 7.196628022938966751e-03 1.741752028465270996e-02 8.251260034739971161e-03 1.573369838297367096e-02 3.454736247658729553e-02 2.314310148358345032e-02 2.878238447010517120e-03 4.214148037135601044e-03 1.476089563220739365e-02 2.380200661718845367e-03 9.242305532097816467e-03 2.630958333611488342e-03 1.505787856876850128e-02 1.838341169059276581e-02 1.440407242625951767e-02 1.090017613023519516e-03 7.225208915770053864e-03 1.400564983487129211e-02 2.577290497720241547e-02 6.119705270975828171e-03 2.395088970661163330e-02 2.624038048088550568e-02 4.616122227162122726e-03 6.793613545596599579e-03 1.729494892060756683e-02 7.419309578835964203e-03 4.486680030822753906e-03 6.184492725878953934e-03 1.020384300500154495e-02 1.470112893730401993e-02 1.116197835654020309e-02 5.002040325052803382e-06
2.211463637650012970e-02 2.218632958829402924e-02 4.610898718237876892e-02 1.963866502046585083e-02 1.242298725992441177e-02 2.842465415596961975e-02 3.181901574134826660e-02 1.089338213205337524e-02 3.848236799240112305e-02 8.398282527923583984e-01 1.642601937055587769e-02 1.876885257661342621e-02 9.757704101502895355e-03 2.758123353123664856e-02 1.921180984936654568e-03 5.847843829542398453e-03 1.959884352982044220e-02 2.614397928118705750e-02 2.099134027957916260e-02 1.099923346191644669e-02 4.414449795149266720e-04 2.013078704476356506e-02 1.766087859869003296e-02 2.693786844611167908e-02 3.263266407884657383e-04 1.351958140730857849e-03 2.293515205383300781e-02 1.726559922099113464e-02 2.761539304628968239e-03 7.871493697166442871e-03 1.019165571779012680e-02 5.990977399051189423e-03 2.628206834197044373e-02 1.838615979067981243e-03 1.473429892212152481e-02 9.122703224420547485e-03 1.485665049403905869e-02 1.089903805404901505e-02 2.465290762484073639e-02 2.416472323238849640e-02 1.067254226654767990e-02 8.009840734302997589e-03 4.825704265385866165e-03 2.073048613965511322e-02 7.744764443486928940e-04 1.661029411479830742e-03 1.421844493597745895e-02 2.496719127520918846e-03 1.100595295429229736e-02 2.294361591339111328e-02 1.212340965867042542e-02 8.984779007732868195e-03 1.368552725762128830e-02 4.450829699635505676e-03 8.093059062957763672e-03 3.999378532171249390e-02 1.451098546385765076e-02 2.535565942525863647e-02 7.824259810149669647e-03 1.045452617108821869e-02 5.921005271375179291e-03 1.135465316474437714e-02 1.375406980514526367e-02 4.958791192620992661e-03 1.100402139127254486e-02 8.518176618963479996e-04 4.142869263887405396e-03 6.668990943580865860e-03 2.221191301941871643e-02 2.746162377297878265e-02 4.693079739809036255e-02 4.452664405107498169e-03 2.457480877637863159e-02 1.406879629939794540e-02 3.827974433079361916e-03 7.616599090397357941e-03 2.589532360434532166e-02 6.162199005484580994e-02 1.260011177510023117e-02 3.794881701469421387e-02 3.337271045893430710e-03 8.767949417233467102e-03 1.121262554079294205e-02 4.558253660798072815e-02 7.930155843496322632e-03 6.039807107299566269e-03 1.594954053871333599e-03 1.884839875856414437e-04 7.405718322843313217e-03 4.517275840044021606e-02 1.280868891626596451e-03 2.580359950661659241e-02 1.050780713558197021e-02 1.385650970041751862e-02 2.396928332746028900e-02 2.677254960872232914e-04 1.608065702021121979e-02 2.744581177830696106e-02 2.290666475892066956e-02 1.774409785866737366e-02 1.212172955274581909e-02 1.529529504477977753e-02 6.038657389581203461e-03 1.175657473504543304e-02 2.280716411769390106e-02 5.934698972851037979e-03 9.696537628769874573e-03 5.050981417298316956e-04 1.506994757801294327e-02 4.043982829898595810e-03 3.349426435306668282e-03 4.146580118685960770e-03 1.643982832320034504e-04 3.376889042556285858e-03 1.564380014315247536e-03 4.693867173045873642e-03
4.664943367242813110e-02 4.193068668246269226e-02 9.523014537990093231e-03 1.013141684234142303e-02 1.144329831004142761e-02 3.118698671460151672e-02 2.527509257197380066e-02 2.416181564331054688e-02 1.234008930623531342e-02 1.642601937055587769e-02 8.398282527923583984e-01 2.250679954886436462e-02 4.960349574685096741e-02 1.375690661370754242e-02 3.691598400473594666e-02 2.201665891334414482e-03 1.542536448687314987e-02 1.456453651189804077e-02 6.779867224395275116e-03 6.720716599375009537e-03 2.093817107379436493e-02 3.848854452371597290e-02 2.487532049417495728e-02 2.395538985729217529e-02 1.663293130695819855e-02 1.772847771644592285e-02 2.370679751038551331e-02 1.990341581404209137e-02 3.262962028384208679e-02 1.683137565851211548e-02 3.123318031430244446e-02 6.923664477653801441e-04 1.393702812492847443e-02 2.188971452414989471e-02 1.961586438119411469e-02 1.185555383563041687e-02 1.973440311849117279e-02 2.585336007177829742e-02 9.351973421871662140e-03 6.996734533458948135e-03 2.973433956503868103e-02 1.881418749690055847e-02 1.847285404801368713e-02 1.876866444945335388e-02 1.644057966768741608e-02 8.089422248303890228e-03 2.779436297714710236e-02 2.221627347171306610e-02 3.159839659929275513e-03 8.575809188187122345e-03 2.525522373616695404e-02 2.223337255418300629e-02 3.312953561544418335e-02 2.486580424010753632e-02 4.713540431112051010e-03 1.620966196060180664e-02 1.763492636382579803e-02 7.906448096036911011e-03 3.215039521455764771e-02 2.019081823527812958e-02 2.999980701133608818e-03 6.249627098441123962e-03 2.060057595372200012e-02 2.167826145887374878e-02 3.855548053979873657e-02 3.050824068486690521e-02 3.721947781741619110e-03 1.557708159089088440e-02 6.615355960093438625e-04 1.960608363151550293e-02 1.097527518868446350e-02 2.297831699252128601e-02 2.469105413183569908e-03 1.158591452986001968e-02 6.011124700307846069e-03 8.951605297625064850e-03 1.792499981820583344e-02 2.344329655170440674e-02 1.175428088754415512e-02 8.325618691742420197e-03 2.395651303231716156e-02 1.803641952574253082e-02 5.986209958791732788e-03 1.535187591798603535e-03 1.600142009556293488e-02 1.303532393649220467e-03 4.208942875266075134e-02 2.824966423213481903e-02 1.862593553960323334e-02 3.315387992188334465e-03 3.307124599814414978e-02 3.484448045492172241e-02 2.229776047170162201e-02 3.153514117002487183e-02 1.695129089057445526e-02 1.245107594877481461e-02 8.815808221697807312e-03 6.813354324549436569e-03 1.675045490264892578e-02 2.462695538997650146e-02 1.110594347119331360e-02 2.257137745618820190e-02 2.068823017179965973e-02 2.428088895976543427e-02 2.283798158168792725e-02 2.458125725388526917e-02 9.066740050911903381e-03 1.507986243814229965e-02 2.283667773008346558e-02 1.049622520804405212e-02 2.775616571307182312e-02 2.255610935389995575e-02 1.224892400205135345e-02 1.407788041979074478e-02 1.376501377671957016e-02 1.876733824610710144e-02
4.502368718385696411e-02 3.994138538837432861e-02 1.169886998832225800e-02 1.160057913511991501e-02 1.781101152300834656e-02 5.812420323491096497e-02 6.496654450893402100e-02 2.570095472037792206e-02 1.880789734423160553e-02 1.876885257661342621e-02 2.250679954886436462e-02 8.398282527923583984e-01 2.328160032629966736e-02 6.968121230602264404e-02 1.880150288343429565e-02 5.937187932431697845e-03 2.488528564572334290e-02 1.431179791688919067e-02 6.157909054309129715e-03 1.899369992315769196e-02 5.458051804453134537e-03 2.747122896835207939e-03 3.241096064448356628e-02 2.117931097745895386e-02 2.000517584383487701e-02 2.586796693503856659e-02 3.510529641062021255e-03 4.054595902562141418e-02 6.908765644766390324e-04 4.476892948150634766e-02 1.545873703435063362e-03 2.263757400214672089e-02 1.994260214269161224e-02 1.191783323884010315e-02 3.377806395292282104e-03 1.909952983260154724e-02 1.915036700665950775e-02 5.776606500148773193e-03 8.239585906267166138e-03 5.255399271845817566e-03 1.019205339252948761e-02 1.559539232403039932e-02 1.891868002712726593e-02 1.142202410846948624e-02 1.447183452546596527e-02 2.958801342174410820e-03 3.807976096868515015e-02 1.700891554355621338e-02 2.237567305564880371e-02 2.607171237468719482e-02 1.195233967155218124e-02 1.598424091935157776e-02 1.624033041298389435e-02 3.901413874700665474e-03 1.531607564538717270e-02 4.248492419719696045e-03 7.544014370068907738e-04 5.887874402105808258e-03 2.001825533807277679e-02 1.193380355834960938e-02 1.818167231976985931e-02 1.456696819514036179e-02 6.721828132867813110e-03 9.403212927281856537e-03 2.996420953422784805e-04 8.995566517114639282e-03 2.893300354480743408e-02 1.964365504682064056e-02 6.089482456445693970e-03 4.542899783700704575e-03 1.209872588515281677e-02 2.569637028500437737e-03 1.348074711859226227e-02 1.158130820840597153e-02 2.616563066840171814e-02 1.573077961802482605e-02 1.389896124601364136e-02 3.140476718544960022e-02 9.895425755530595779e-04 2.160873264074325562e-02 1.486449036747217178e-02 5.701355636119842529e-03 2.570479363203048706e-02 1.445606723427772522e-02 2.158751897513866425e-02 1.504126284271478653e-02 2.039866335690021515e-02 4.741153214126825333e-03 1.454645581543445587e-02 1.488516386598348618e-02 2.766553126275539398e-02 3.834755625575780869e-03 3.003859147429466248e-02 4.790178500115871429e-03 1.576425693929195404e-02 1.192080322653055191e-02 2.714869799092411995e-03 7.445991039276123047e-03 1.330369524657726288e-02 5.031561013311147690e-03 2.267082780599594116e-02 3.195989876985549927e-03 2.773211803287267685e-03 6.999933160841464996e-03 4.979814868420362473e-03 8.942139334976673126e-03 1.382343564182519913e-02 1.471091154962778091e-02 2.072563581168651581e-02 1.508440729230642319e-02 3.753983229398727417e-02 3.792905062437057495e-02 2.233610488474369049e-02 6.310650147497653961e-03 1.930672791786491871e-03 1.586269587278366089e-02
4.406180605292320251e-02 4.642603546380996704e-02 6.471662200056016445e-04 9.867507964372634888e-03 8.070400916039943695e-03 2.954930998384952545e-02 2.872729301452636719e-02 3.260566666722297668e-02 1.428556721657514572e-02 9.757704101502895355e-03 4.960349574685096741e-02 2.328160032629966736e-02 8.398282527923583984e-01 1.595152541995048523e-02 4.085507616400718689e-02 2.097017364576458931e-03 1.109480392187833786e-02 5.671986844390630722e-03 3.328849794343113899e-03 2.375253941863775253e-03 2.055512182414531708e-02 3.724999353289604187e-02 2.407445944845676422e-02 2.491820603609085083e-02 9.538245387375354767e-03 1.448893547058105469e-02 1.911962404847145081e-02 2.195216156542301178e-02 2.462374418973922729e-02 2.154849842190742493e-02 3.376278281211853027e-02 4.983412800356745720e-04 1.135220099240541458e-02 1.714255101978778839e-02 2.551926672458648682e-02 2.356117591261863708e-02 3.278777748346328735e-02 1.629763655364513397e-02 9.770982898771762848e-03 7.559611927717924118e-03 2.514325454831123352e-02 2.028177492320537567e-02 1.799798011779785156e-02 1.092816889286041260e-02 1.663401909172534943e-02 5.566164851188659668e-03 2.389002591371536255e-02 2.195134945213794708e-02 9.075415320694446564e-03 4.328771028667688370e-03 1.743634231388568878e-02 1.444966066628694534e-02 3.120597265660762787e-02 3.037396632134914398e-02 6.467299535870552063e-03 1.249805651605129242e-02 1.002779044210910797e-02 8.565736934542655945e-03 3.279470652341842651e-02 2.558170072734355927e-02 3.982468973845243454e-03 5.819176323711872101e-03 2.336129546165466309e-02 2.419558912515640259e-02 3.061721101403236389e-02 2.936642803251743317e-02 3.454516176134347916e-03 1.747050881385803223e-02 2.536911051720380783e-03 7.567539811134338379e-03 8.542340248823165894e-03 2.846981398761272430e-02 5.650344304740428925e-03 4.800889641046524048e-03 1.309644151479005814e-02 9.536474943161010742e-03 1.315314136445522308e-02 2.148613147437572479e-02 1.335103623569011688e-02 2.071528695523738861e-02 2.003478817641735077e-02 1.998984254896640778e-02 1.289793476462364197e-02 8.155602961778640747e-03 1.811445690691471100e-02 1.062456634826958179e-03 3.738222643733024597e-02 2.955848351120948792e-02 1.390466000884771347e-02 2.673956565558910370e-03 2.831413596868515015e-02 2.325264364480972290e-02 2.477202191948890686e-02 2.968281507492065430e-02 1.792817562818527222e-02 4.536483436822891235e-03 2.845117123797535896e-03 8.100461214780807495e-03 1.555215381085872650e-02 2.370396070182323456e-02 1.870298199355602264e-02 2.982521802186965942e-02 1.331741642206907272e-02 2.590286172926425934e-02 2.128926664590835571e-02 1.760417968034744263e-02 2.199602313339710236e-02 1.242913026362657547e-02 2.457056380808353424e-02 9.616040624678134918e-03 2.727594785392284393e-02 2.414735034108161926e-02 1.433125324547290802e-02 1.436493545770645142e-02 1.027725264430046082e-02 2.294605597853660583e-02
