8.389298915863037109e-01 6.874530762434005737e-02 1.624163985252380371e-02 1.665809750556945801e-02 3.745728638023138046e-03 5.871966108679771423e-02 3.761410340666770935e-02 1.654587499797344208e-02 1.325317379087209702e-02 1.826093159615993500e-02 7.264034450054168701e-02 1.201081555336713791e-02 6.938312947750091553e-02 2.091854624450206757e-02 2.767220512032508850e-02 1.873968914151191711e-02 1.930435001850128174e-02 2.141223987564444542e-03 1.635736599564552307e-02 1.277856249362230301e-02 1.756178215146064758e-02 4.641118273138999939e-02 2.903072722256183624e-02 9.223730303347110748e-03 1.307861227542161942e-02 3.501304425299167633e-03 2.565455436706542969e-02 1.274832896888256073e-02 1.046835165470838547e-02 3.459566086530685425e-02 9.950564242899417877e-03 5.018606781959533691e-03 1.359170395880937576e-02 4.766309168189764023e-03 1.456849556416273117e-02 2.505523152649402618e-02 1.799018681049346924e-02 2.020264230668544769e-02 2.972570015117526054e-03 1.493550371378660202e-02 1.509911287575960159e-02 1.118941698223352432e-02 1.039984542876482010e-02 5.534051451832056046e-03 2.017798088490962982e-02 1.730219647288322449e-02 4.786620661616325378e-02 1.504910271614789963e-02 2.717483788728713989e-03 3.157162340357899666e-03 6.735542323440313339e-03 1.922415802255272865e-03 1.793425716459751129e-02 7.265745662152767181e-03 3.087065182626247406e-03 2.855917206034064293e-03 1.572167500853538513e-02 1.026900298893451691e-02 1.411619875580072403e-02 2.216606959700584412e-02 4.991605412214994431e-03 3.903898410499095917e-03 1.034042704850435257e-02 6.028520874679088593e-03 1.568117178976535797e-02 2.793789841234683990e-02 3.826718078926205635e-03 7.094151806086301804e-03 1.488645933568477631e-02 1.573658362030982971e-02 2.060715109109878540e-03 2.721445448696613312e-02 9.358666837215423584e-03 1.299942471086978912e-02 1.497369073331356049e-02 2.558731846511363983e-02 2.459986135363578796e-02 6.740646436810493469e-03 1.936007640324532986e-03 2.101265359669923782e-03 6.108717992901802063e-03 2.183296252042055130e-03 6.195278372615575790e-03 1.044539920985698700e-02 2.586742676794528961e-02 1.408328022807836533e-02 2.855533920228481293e-02 3.650594130158424377e-02 4.847353324294090271e-03 1.945110224187374115e-02 3.355722874402999878e-02 3.272834420204162598e-02 8.243223419412970543e-04 4.378674551844596863e-02 1.588156819343566895e-02 2.099277824163436890e-02 1.644268445670604706e-02 2.027190662920475006e-02 1.680646464228630066e-02 2.503222227096557617e-02 1.708395220339298248e-02 1.498171035200357437e-02 2.786737168207764626e-04 1.279206946492195129e-02 1.032452844083309174e-02 1.108475215733051300e-02 5.770044866949319839e-03 2.264000847935676575e-02 8.699422702193260193e-03 1.172256190329790115e-02 6.127625238150358200e-03 2.067564055323600769e-02 7.443324662744998932e-03 3.288379870355129242e-03 2.039957977831363678e-02 1.488322578370571136e-02
6.874530762434005737e-02 8.389298915863037109e-01 7.385917007923126221e-03 1.591636985540390015e-02 2.493568230420351028e-03 5.335184931755065918e-02 4.846964403986930847e-02 1.878798566758632660e-02 1.157477591186761856e-02 1.676415279507637024e-02 6.856711953878402710e-02 1.694031246006488800e-02 7.689163088798522949e-02 1.789793372154235840e-02 1.115380227565765381e-02 1.281975768506526947e-02 1.041755825281143188e-02 2.883201232179999352e-03 1.816842146217823029e-02 2.331011742353439331e-02 2.563578076660633087e-02 4.142694175243377686e-02 2.414093352854251862e-02 2.122139930725097656e-02 5.196600221097469330e-03 1.223956607282161713e-02 1.354965101927518845e-02 1.349313929677009583e-02 3.937196452170610428e-03 3.064953908324241638e-02 2.448233403265476227e-02 1.007460337132215500e-02 8.091506548225879669e-03 1.733791641891002655e-02 1.472444180399179459e-02 2.664558775722980499e-02 2.977233938872814178e-02 2.127194963395595551e-02 2.711858134716749191e-03 6.745073013007640839e-03 1.652104593813419342e-02 1.005621068179607391e-02 1.391869504004716873e-02 1.213994994759559631e-02 2.301516756415367126e-02 2.045845985412597656e-02 3.907838836312294006e-02 1.382185611873865128e-02 7.884114049375057220e-03 1.545594306662678719e-03 9.491262957453727722e-03 4.586354829370975494e-03 1.233395282179117203e-02 2.767266239970922470e-03 7.592252455651760101e-03 6.340898107737302780e-03 1.489659585058689117e-02 2.431989414617419243e-03 8.153574541211128235e-03 2.250345237553119659e-02 7.610021857544779778e-04 3.361410563229583204e-05 8.721115067601203918e-03 1.247670594602823257e-02 1.383870001882314682e-02 3.414141014218330383e-02 1.428801566362380981e-02 1.811292767524719238e-02 1.226276345551013947e-02 1.623325794935226440e-02 7.612002547830343246e-03 1.818007044494152069e-02 4.781288560479879379e-03 1.456980966031551361e-02 9.729124605655670166e-03 9.907212108373641968e-03 1.159228384494781494e-02 5.442228633910417557e-03 4.986375104635953903e-03 1.779195968993008137e-03 1.002818439155817032e-02 1.224420778453350067e-02 2.046683570370078087e-03 1.037653442472219467e-02 2.355322986841201782e-02 4.540036607068032026e-04 3.261626139283180237e-02 4.263935983180999756e-02 2.896938007324934006e-03 1.968967914581298828e-02 2.266832254827022552e-02 3.864943981170654297e-02 8.170182816684246063e-03 3.782602772116661072e-02 5.592066328972578049e-03 1.569653302431106567e-02 1.733590476214885712e-02 6.488994695246219635e-03 2.224544435739517212e-02 2.868110127747058868e-02 2.736229822039604187e-02 1.836272701621055603e-02 2.582844113931059837e-03 6.784548982977867126e-03 5.621535703539848328e-03 1.065145619213581085e-02 7.901665754616260529e-03 2.280714735388755798e-02 2.167086675763130188e-02 6.826814264059066772e-03 1.139933336526155472e-02 1.721602119505405426e-02 9.482042863965034485e-03 7.958387723192572594e-04 2.440750226378440857e-02 8.549236692488193512e-03
1.624163985252380371e-02 7.385917007923126221e-03 8.389298915863037109e-01 1.641515409573912621e-03 3.925352357327938080e-03 1.184916496276855469e-02 6.164093967527151108e-03 3.872092068195343018e-02 4.258610773831605911e-03 2.971992641687393188e-02 4.814056679606437683e-03 4.214131738990545273e-03 1.064775791019201279e-02 1.061846129596233368e-02 1.748365350067615509e-03 3.585844859480857849e-02 3.472871705889701843e-02 1.226252596825361252e-02 1.967369578778743744e-02 7.622040342539548874e-03 2.103123255074024200e-02 1.004130765795707703e-02 6.499928887933492661e-03 1.743865758180618286e-02 2.730307728052139282e-02 1.240428537130355835e-02 1.384383067488670349e-02 8.509973995387554169e-03 1.921873912215232849e-02 1.760506071150302887e-02 4.512012936174869537e-03 1.390168257057666779e-02 2.421194501221179962e-02 1.933837495744228363e-02 1.517893001437187195e-02 3.903862321749329567e-03 1.979445479810237885e-02 1.220236439257860184e-02 5.081458482891321182e-03 1.001867000013589859e-02 1.462892629206180573e-02 2.484676986932754517e-02 3.008143603801727295e-02 4.087509587407112122e-02 1.600849442183971405e-02 1.979953609406948090e-02 7.749308366328477859e-03 1.822038926184177399e-02 4.016656428575515747e-03 1.614479720592498779e-02 3.425399959087371826e-02 3.740694373846054077e-02 6.337083876132965088e-03 4.150339227635413408e-04 1.180728990584611893e-02 1.241671759635210037e-02 2.355335047468543053e-03 1.010976172983646393e-02 1.200073864310979843e-02 2.078075660392642021e-03 1.201451756060123444e-02 7.542586885392665863e-03 1.241664402186870575e-02 6.726184510625898838e-04 1.551489345729351044e-02 1.336118206381797791e-02 1.511865295469760895e-02 2.214590460062026978e-02 2.458841167390346527e-02 8.119015838019549847e-04 1.243432238698005676e-02 1.397304981946945190e-02 2.395841851830482483e-02 2.348051965236663818e-02 1.414072606712579727e-02 1.227505877614021301e-02 1.349956449121236801e-02 1.680450886487960815e-02 1.592469587922096252e-02 2.334580570459365845e-02 1.142405811697244644e-02 4.755350761115550995e-03 1.582446973770856857e-03 2.502500638365745544e-02 1.961343456059694290e-03 3.286536782979965210e-02 9.422955103218555450e-03 2.228617435321211815e-03 6.195654626935720444e-03 1.229821704328060150e-02 5.467574112117290497e-03 6.464037578552961349e-03 1.144243124872446060e-02 1.135523803532123566e-02 3.349291533231735229e-02 1.245523523539304733e-02 1.400812063366174698e-02 2.273895032703876495e-02 7.183581124991178513e-03 1.499259006232023239e-02 3.174779703840613365e-03 4.301275592297315598e-03 1.936977542936801910e-02 6.655149627476930618e-03 2.372070029377937317e-02 2.643437497317790985e-02 1.801808737218379974e-02 1.882805675268173218e-02 7.203440647572278976e-03 2.932023443281650543e-02 2.446589060127735138e-02 8.639574050903320312e-03 2.928085066378116608e-02 3.625070676207542419e-02 2.053371630609035492e-03 3.157417848706245422e-02
1.665809750556945801e-02 1.591636985540390015e-02 1.641515409573912621e-03 8.389298915863037109e-01 3.502025082707405090e-02 1.915298774838447571e-02 2.370443567633628845e-02 2.254200540482997894e-02 6.293833721429109573e-03 2.133963163942098618e-03 1.517499703913927078e-02 6.308341864496469498e-03 1.546805072575807571e-02 1.620618812739849091e-02 3.732186183333396912e-02 6.900352891534566879e-03 1.231795735657215118e-02 1.852970919571816921e-03 4.298148211091756821e-03 5.716651212424039841e-03 2.275431714951992035e-02 2.330560237169265747e-02 6.567640695720911026e-03 1.827688701450824738e-02 1.084431633353233337e-02 2.066160738468170166e-02 6.261478643864393234e-03 2.687648311257362366e-02 1.295300759375095367e-02 4.726388957351446152e-03 4.500146489590406418e-03 1.127585303038358688e-02 1.925465650856494904e-02 1.004055491648614407e-03 1.717011560685932636e-03 1.921504735946655273e-02 5.084186792373657227e-03 1.042925519868731499e-03 1.689108833670616150e-02 8.299736306071281433e-03 2.221370115876197815e-02 1.263566222041845322e-02 2.496931992936879396e-04 5.729667842388153076e-03 9.877334348857402802e-03 8.390080183744430542e-03 1.939732767641544342e-02 1.741521526128053665e-03 4.939605016261339188e-03 9.782481007277965546e-03 3.928689286112785339e-03 1.879545859992504120e-03 2.356145717203617096e-02 1.743348315358161926e-02 2.237443253397941589e-02 7.393123232759535313e-04 1.774644665420055389e-02 3.185832500457763672e-02 3.810791671276092529e-02 2.313666418194770813e-02 2.298476919531822205e-02 1.933829486370086670e-02 1.951214298605918884e-02 1.487365830689668655e-02 2.541426941752433777e-02 1.010897755622863770e-02 3.537086537107825279e-03 2.014686539769172668e-02 2.113427221775054932e-02 2.273480175063014030e-03 1.212276425212621689e-02 2.943152794614434242e-03 6.653451919555664062e-02 2.113292925059795380e-02 1.917231269180774689e-02 1.259477436542510986e-02 2.188169164583086967e-03 3.586199600249528885e-03 6.747571285814046860e-03 9.639627300202846527e-03 7.123333867639303207e-03 1.028531324118375778e-02 4.129295423626899719e-02 6.754772271960973740e-03 1.235450431704521179e-02 8.573891595005989075e-03 8.056103251874446869e-03 1.902290806174278259e-02 1.412226166576147079e-02 1.604878716170787811e-02 5.109242629259824753e-03 1.707654818892478943e-02 9.678144939243793488e-03 1.531854923814535141e-02 2.869370952248573303e-02 1.313943322747945786e-02 2.853293344378471375e-02 2.116074413061141968e-02 1.289435569196939468e-02 1.170777715742588043e-02 5.003963597118854523e-03 9.536598809063434601e-03 4.778876435011625290e-03 1.417728886008262634e-02 2.282872423529624939e-02 1.357030496001243591e-02 8.834485925035551190e-05 3.718265518546104431e-02 1.147072110325098038e-02 2.882637828588485718e-02 1.293765474110841751e-02 2.326984517276287079e-02 6.670609582215547562e-03 1.186505984514951706e-02 6.591812707483768463e-04 9.092508815228939056e-03
3.745728638023138046e-03 2.493568230420351028e-03 3.925352357327938080e-03 3.502025082707405090e-02 8.389298915863037109e-01 1.139340456575155258e-02 2.399506513029336929e-03 3.155325353145599365e-02 3.536478430032730103e-02 1.519635040313005447e-02 6.205071229487657547e-03 1.820017769932746887e-02 2.207076642662286758e-03 4.855476319789886475e-03 3.004897385835647583e-02 3.471069410443305969e-02 4.033166542649269104e-02 1.843259856104850769e-02 3.521210700273513794e-02 1.904495991766452789e-02 2.469146251678466797e-02 9.239180013537406921e-03 2.418737113475799561e-02 1.629284955561161041e-02 1.084548328071832657e-02 2.130305953323841095e-02 1.072087325155735016e-03 9.755486622452735901e-03 6.758982199244201183e-04 1.023340504616498947e-02 2.244599163532257080e-03 4.922779742628335953e-03 5.813725874759256840e-04 9.393827989697456360e-03 9.230562485754489899e-03 1.557819638401269913e-02 4.006689414381980896e-03 3.315662033855915070e-03 7.042649667710065842e-04 3.395001962780952454e-02 5.314270500093698502e-03 7.997776381671428680e-03 4.293391946703195572e-03 1.770765520632266998e-02 9.303212165832519531e-03 3.168683731928467751e-03 8.596424944698810577e-03 6.033499725162982941e-03 8.479110896587371826e-03 2.264677546918392181e-02 8.001573150977492332e-04 1.770513481460511684e-03 3.311362816020846367e-03 1.156838983297348022e-02 1.035017776302993298e-04 1.785382814705371857e-02 3.225518856197595596e-03 2.013318799436092377e-02 1.139503344893455505e-02 3.766465466469526291e-03 1.581025682389736176e-02 4.395524039864540100e-02 1.293245609849691391e-02 9.560187347233295441e-03 1.453936938196420670e-02 7.033899426460266113e-03 1.695332489907741547e-02 2.250771410763263702e-02 3.708081692457199097e-02 1.535360515117645264e-02 3.884239494800567627e-02 5.888885352760553360e-03 2.656038291752338409e-02 5.189745686948299408e-03 5.231717601418495178e-02 8.666558191180229187e-03 3.242176026105880737e-02 1.060749031603336334e-02 4.173695109784603119e-03 2.132234908640384674e-02 4.511061310768127441e-02 2.878175303339958191e-02 3.960069641470909119e-02 4.683648794889450073e-02 1.798224286176264286e-03 2.850780030712485313e-03 1.848887838423252106e-02 1.375681161880493164e-02 3.040711954236030579e-02 2.357154712080955505e-02 6.341772153973579407e-03 1.124375872313976288e-02 9.766161674633622169e-04 4.938164725899696350e-03 1.192222815006971359e-02 7.416031323373317719e-03 1.877896487712860107e-03 1.741260848939418793e-02 1.424744352698326111e-02 8.187117986381053925e-03 1.918399706482887268e-02 2.971376292407512665e-03 4.078806843608617783e-03 1.561777666211128235e-02 1.616148091852664948e-02 1.990475459024310112e-03 1.667728275060653687e-02 2.166888676583766937e-02 1.140759978443384171e-02 1.407047826796770096e-02 9.253300959244370461e-04 1.835375092923641205e-02 1.600099913775920868e-02 6.347603164613246918e-03 2.590541727840900421e-02 3.102411702275276184e-02
5.871966108679771423e-02 5.335184931755065918e-02 1.184916496276855469e-02 1.915298774838447571e-02 1.139340456575155258e-02 8.389298915863037109e-01 7.145120948553085327e-02 1.241405587643384933e-02 2.204468846321105957e-02 1.064139045774936676e-02 5.739140510559082031e-02 2.079201675951480865e-02 5.738587677478790283e-02 1.041040476411581039e-02 8.014611899852752686e-03 1.763670891523361206e-02 2.796628512442111969e-02 1.399678923189640045e-02 7.017794996500015259e-03 1.020052935928106308e-02 2.148252539336681366e-02 4.667103663086891174e-02 2.200259827077388763e-02 1.878183893859386444e-02 1.051043160259723663e-02 1.535166986286640167e-02 2.586786821484565735e-02 9.211283177137374878e-03 2.103144861757755280e-02 8.042350411415100098e-03 1.861677505075931549e-02 1.490316540002822876e-02 1.611562259495258331e-02 5.908920895308256149e-03 1.610895246267318726e-02 6.649289280176162720e-03 1.149260159581899643e-02 3.500877320766448975e-02 4.377177916467189789e-03 7.892965339124202728e-03 1.356894522905349731e-02 9.791658259928226471e-03 1.181395817548036575e-02 2.186296507716178894e-02 6.876431871205568314e-03 1.254659262485802174e-03 5.557620525360107422e-02 2.748808823525905609e-02 1.403748895972967148e-02 1.447014696896076202e-02 9.092990309000015259e-03 1.089698169380426407e-02 1.286692731082439423e-02 1.221391092985868454e-02 1.113579515367746353e-02 1.702357456088066101e-02 9.797927923500537872e-03 1.778748934157192707e-03 6.517302710562944412e-03 1.338530145585536957e-02 1.568833366036415100e-02 3.801956481765955687e-04 1.423111092299222946e-02 5.786673631519079208e-03 8.604037575423717499e-03 2.791017666459083557e-02 2.945057814940810204e-03 1.408797875046730042e-02 1.914284750819206238e-02 1.254261657595634460e-02 2.150382101535797119e-02 1.770410500466823578e-02 5.804051179438829422e-03 8.069677278399467468e-03 2.666920796036720276e-02 1.441389787942171097e-02 2.465438097715377808e-02 9.129342623054981232e-03 1.072413846850395203e-02 1.070750411599874496e-02 1.695052161812782288e-02 1.028832979500293732e-02 5.066210869699716568e-03 2.435376154608093202e-05 1.591039448976516724e-02 2.122858166694641113e-02 2.039914764463901520e-02 2.347475104033946991e-02 2.053047344088554382e-02 6.431624758988618851e-03 3.149717673659324646e-02 3.154596686363220215e-02 1.113672181963920593e-02 3.317381441593170166e-02 2.622684696689248085e-03 3.257468575611710548e-03 8.099898113869130611e-04 1.740342751145362854e-02 6.301521323621273041e-03 1.195351593196392059e-02 4.306260962039232254e-03 3.343916963785886765e-03 4.415660165250301361e-03 9.762850590050220490e-03 7.859231904149055481e-03 3.481513704173266888e-04 8.828211575746536255e-03 2.068723924458026886e-02 7.812744006514549255e-04 8.946920279413461685e-04 9.854462929069995880e-03 7.930372841656208038e-03 2.128645032644271851e-02 5.795215256512165070e-03 9.932606481015682220e-03 1.347639877349138260e-02
3.761410340666770935e-02 4.846964403986930847e-02 6.164093967527151108e-03 2.370443567633628845e-02 2.399506513029336929e-03 7.145120948553085327e-02 8.389298915863037109e-01 8.106488734483718872e-03 1.848525367677211761e-02 1.364306895993649960e-03 4.628451541066169739e-02 1.408029068261384964e-02 5.157925933599472046e-02 1.878121308982372284e-02 7.261930499225854874e-03 5.082668270915746689e-03 2.161819301545619965e-02 1.089457795023918152e-02 5.580923985689878464e-03 1.628408208489418030e-02 2.372829243540763855e-02 3.962779045104980469e-02 1.595579832792282104e-02 2.743568830192089081e-02 1.303787995129823685e-02 3.032510168850421906e-02 2.032310701906681061e-02 5.998351145535707474e-03 3.485179319977760315e-02 3.178097249474376440e-04 3.609359264373779297e-02 6.350838113576173782e-03 2.090024761855602264e-03 1.314340811222791672e-02 5.631055100820958614e-04 2.109031192958354950e-02 3.034886159002780914e-02 4.028728604316711426e-02 2.263437723740935326e-03 1.580775948241353035e-03 2.593572996556758881e-02 1.834695227444171906e-02 2.700358070433139801e-02 2.156361378729343414e-02 1.931688562035560608e-02 8.168061263859272003e-03 5.554654076695442200e-02 4.317237064242362976e-02 7.157933432608842850e-03 6.508037913590669632e-03 1.913585886359214783e-02 2.341071888804435730e-02 3.617525566369295120e-03 6.807923782616853714e-03 2.314452547580003738e-03 5.550798028707504272e-03 3.722259076312184334e-03 1.076056063175201416e-02 1.106153987348079681e-02 5.018379073590040207e-03 4.234091378748416901e-03 4.342959262430667877e-03 2.373112132772803307e-03 6.615879479795694351e-03 1.775158196687698364e-02 3.554474189877510071e-02 1.244353689253330231e-02 2.418890781700611115e-02 3.903983626514673233e-03 2.266231924295425415e-02 1.042714156210422516e-02 9.450562298297882080e-03 9.498830884695053101e-03 1.407019328325986862e-03 9.587170556187629700e-03 3.405653871595859528e-03 1.246376056224107742e-02 2.397807501256465912e-02 2.027132362127304077e-02 6.844762247055768967e-03 6.623738911002874374e-03 6.669864989817142487e-03 3.466814756393432617e-03 2.272682962939143181e-03 1.244711340405046940e-03 6.002634763717651367e-03 2.483006566762924194e-02 2.274138107895851135e-02 9.816670790314674377e-03 1.579203410074114799e-03 3.550770133733749390e-02 4.059945791959762573e-02 2.484022639691829681e-02 2.884604781866073608e-02 4.517096560448408127e-03 5.690369289368391037e-03 5.764047615230083466e-03 6.009380449540913105e-04 1.203384436666965485e-02 1.962216757237911224e-02 3.002069715876132250e-04 2.531344536691904068e-03 1.443424727767705917e-02 1.030231732875108719e-02 4.468235187232494354e-03 7.231171708554029465e-03 6.865796167403459549e-03 8.816126734018325806e-03 8.093301206827163696e-03 1.645630598068237305e-02 1.386779360473155975e-02 1.528373081237077713e-02 3.344210982322692871e-02 2.170528471469879150e-02 2.015009289607405663e-03 6.130523048341274261e-03
1.654587499797344208e-02 1.878798566758632660e-02 3.872092068195343018e-02 2.254200540482997894e-02 3.155325353145599365e-02 1.241405587643384933e-02 8.106488734483718872e-03 8.389298915863037109e-01 1.663229614496231079e-02 9.186809882521629333e-03 1.968337222933769226e-02 2.078998461365699768e-02 2.618123404681682587e-02 1.873295754194259644e-02 2.706010639667510986e-02 8.209344930946826935e-03 5.678758490830659866e-03 9.354117326438426971e-03 1.060959789901971817e-02 3.447284223511815071e-03 2.623033709824085236e-03 1.907696016132831573e-02 3.723512589931488037e-02 1.398346666246652603e-02 6.026591639965772629e-03 8.183118887245655060e-03 1.534311159048229456e-04 5.490384530276060104e-03 6.252350751310586929e-03 1.339442445896565914e-03 1.173858158290386200e-02 1.072406303137540817e-02 2.296010497957468033e-03 6.378844380378723145e-03 1.177379954606294632e-02 8.680979721248149872e-03 1.564126694574952126e-03 1.888985931873321533e-02 7.671435829252004623e-03 8.169503882527351379e-03 6.968792993575334549e-03 2.295169420540332794e-02 1.612843945622444153e-02 1.366469170898199081e-02 1.570274122059345245e-02 4.118693759664893150e-04 1.871807966381311417e-03 2.726102946326136589e-03 2.138675935566425323e-02 1.166849955916404724e-02 1.836464367806911469e-02 1.973302848637104034e-02 1.090196333825588226e-02 6.010344717651605606e-03 5.289813037961721420e-03 7.873346097767353058e-03 6.792765576392412186e-03 1.425391994416713715e-03 3.671495942398905754e-03 6.457550451159477234e-03 1.882068812847137451e-02 1.161767169833183289e-02 1.257654093205928802e-02 5.234554555499926209e-05 2.397109754383563995e-02 1.304482668638229370e-02 6.477591581642627716e-03 1.528365351259708405e-02 1.945885084569454193e-02 1.714131329208612442e-03 1.703320257365703583e-02 1.054570823907852173e-02 7.135547697544097900e-03 2.753171324729919434e-02 4.100237507373094559e-03 2.637142606545239687e-04 7.394752930849790573e-03 1.934430189430713654e-02 1.687154360115528107e-02 1.752898283302783966e-02 5.469851568341255188e-02 4.627642408013343811e-02 1.246223971247673035e-02 2.701476030051708221e-02 4.067059606313705444e-02 3.361402824521064758e-02 5.352583155035972595e-02 2.301032282412052155e-02 3.814555704593658447e-03 3.644399112090468407e-03 3.068929538130760193e-03 2.166725881397724152e-02 9.876972995698451996e-03 3.590771229937672615e-03 1.108706928789615631e-02 3.924983739852905273e-02 3.277434967458248138e-03 4.073344636708498001e-03 3.736958652734756470e-02 2.064078859984874725e-02 1.499898917973041534e-02 1.553768012672662735e-02 8.652416989207267761e-03 2.580301603302359581e-03 9.005048777908086777e-04 1.196896564215421677e-02 2.000543288886547089e-02 7.768851355649530888e-04 8.263343625003471971e-05 4.587633535265922546e-03 2.161247096955776215e-02 2.434537978842854500e-03 1.543721277266740799e-02 1.322069764137268066e-02 1.124105975031852722e-02 5.467007867991924286e-03
1.325317379087209702e-02 1.157477591186761856e-02 4.258610773831605911e-03 6.293833721429109573e-03 3.536478430032730103e-02 2.204468846321105957e-02 1.848525367677211761e-02 1.663229614496231079e-02 8.389298915863037109e-01 3.132689371705055237e-02 4.995628260076045990e-03 2.122895419597625732e-02 2.502078190445899963e-03 1.619735383428633213e-03 8.345687761902809143e-03 2.036664634943008423e-02 2.397333085536956787e-02 5.312963947653770447e-02 2.462602593004703522e-02 1.642424240708351135e-02 1.976202428340911865e-02 1.269144937396049500e-02 3.099097311496734619e-02 2.562067843973636627e-02 7.619521114975214005e-03 4.880810156464576721e-03 2.337636426091194153e-02 1.555833127349615097e-02 3.944801632314920425e-03 3.496196866035461426e-02 1.334902830421924591e-02 1.546334661543369293e-02 2.227824879810214043e-03 2.001591399312019348e-02 9.627364575862884521e-03 1.746347732841968536e-02 5.028384272009134293e-03 1.483707595616579056e-02 1.003586314618587494e-02 1.052379421889781952e-02 3.212041920050978661e-03 2.716416865587234497e-02 1.451591588556766510e-02 2.306211553514003754e-02 2.526157721877098083e-02 1.681210356764495373e-03 1.310460176318883896e-02 1.263681519776582718e-02 2.340953424572944641e-02 8.506777696311473846e-03 2.168125472962856293e-02 1.989059150218963623e-02 6.796578411012887955e-03 2.459429902955889702e-03 2.946679852902889252e-02 1.959376595914363861e-02 4.728461615741252899e-03 1.851194188930094242e-03 8.170092478394508362e-03 6.160171702504158020e-03 2.432732656598091125e-02 1.395718101412057877e-02 2.026872895658016205e-02 1.283325906842947006e-02 1.373426429927349091e-02 5.217209924012422562e-03 7.488932926207780838e-03 1.258525811135768890e-02 3.049608319997787476e-02 1.119322888553142548e-02 2.215824835002422333e-02 4.057104513049125671e-02 3.469262504950165749e-03 4.973369650542736053e-03 2.264455892145633698e-02 3.380868956446647644e-02 6.009962409734725952e-02 2.387295663356781006e-02 4.031965136528015137e-02 3.963201493024826050e-02 8.092954754829406738e-03 3.710659220814704895e-03 4.042691737413406372e-02 3.205436468124389648e-02 1.713802851736545563e-02 1.420055888593196869e-02 2.621615072712302208e-03 1.884563639760017395e-02 5.537410825490951538e-02 9.666201658546924591e-03 2.136312238872051239e-02 5.790303461253643036e-03 9.162637405097484589e-03 2.681804448366165161e-02 4.737799463327974081e-04 1.969192177057266235e-02 2.270503202453255653e-03 3.718831762671470642e-02 2.821719832718372345e-02 2.051301300525665283e-02 1.012048590928316116e-02 1.742458343505859375e-02 1.145096262916922569e-03 3.156960755586624146e-02 1.223218627274036407e-02 2.909268485382199287e-03 1.271700672805309296e-02 7.789861876517534256e-03 2.057564258575439453e-02 2.878064988180994987e-03 8.797673508524894714e-03 2.127207256853580475e-02 1.408319268375635147e-02 8.035636506974697113e-03 5.355786415748298168e-04 1.572791114449501038e-02
1.826093159615993500e-02 1.676415279507637024e-02 2.971992641687393188e-02 2.133963163942098618e-03 1.519635040313005447e-02 1.064139045774936676e-02 1.364306895993649960e-03 9.186809882521629333e-03 3.132689371705055237e-02 8.389298915863037109e-01 1.388705614954233170e-02 6.958366371691226959e-03 1.960116252303123474e-02 1.700042188167572021e-02 4.977528471499681473e-03 1.641356572508811951e-02 8.065427537076175213e-04 2.450069598853588104e-02 5.785375460982322693e-02 5.403710994869470596e-03 1.473059318959712982e-02 3.709853393957018852e-03 1.368606928735971451e-03 6.964772474020719528e-03 2.311231195926666260e-02 1.252338010817766190e-02 1.479997579008340836e-02 2.241159975528717041e-02 2.343954145908355713e-02 5.700381938368082047e-03 3.273578826338052750e-03 1.558914221823215485e-02 1.352261099964380264e-02 2.282663993537425995e-02 5.490846466273069382e-03 6.675431504845619202e-03 1.547017227858304977e-02 2.018699981272220612e-02 1.700149965472519398e-03 3.290803870186209679e-03 3.188520204275846481e-03 3.151182085275650024e-02 2.189565822482109070e-02 2.346204780042171478e-02 4.134796932339668274e-02 3.944218903779983521e-02 6.122319027781486511e-04 1.936522871255874634e-02 9.384470060467720032e-03 3.333340212702751160e-02 2.613321878015995026e-02 2.800626121461391449e-02 1.962063397513702512e-04 2.565317321568727493e-03 1.002263743430376053e-02 4.020392522215843201e-02 5.522106657736003399e-04 9.488089941442012787e-03 1.056030020117759705e-02 1.698510907590389252e-02 3.434214973822236061e-03 3.787335474044084549e-03 1.102563086897134781e-02 2.011902071535587311e-02 4.031702992506325245e-04 2.897469559684395790e-03 1.660860329866409302e-02 2.050482481718063354e-02 1.516130566596984863e-02 2.257656119763851166e-02 1.807093387469649315e-03 1.413085963577032089e-02 2.276693470776081085e-02 7.517037447541952133e-03 1.578452764078974724e-03 1.350729144178330898e-03 1.632941514253616333e-02 5.650779604911804199e-02 3.655560687184333801e-02 5.596825852990150452e-02 2.032501157373189926e-03 2.043878659605979919e-02 1.538155321031808853e-02 5.022482946515083313e-02 2.438931539654731750e-02 4.331260919570922852e-02 1.418777275830507278e-02 8.214188739657402039e-03 2.121024997904896736e-03 1.860088296234607697e-02 1.813808456063270569e-02 1.283518411219120026e-02 3.726488724350929260e-02 1.114566437900066376e-02 1.806362718343734741e-02 1.367175579071044922e-02 1.331284549087285995e-02 6.633656565099954605e-03 1.280986610800027847e-02 1.998668350279331207e-02 1.840532175265252590e-03 7.939602248370647430e-03 2.121197432279586792e-02 2.432803250849246979e-02 3.510482609272003174e-03 6.250468548387289047e-03 7.033711764961481094e-03 1.049373764544725418e-02 8.328014053404331207e-03 2.034967206418514252e-02 1.948118023574352264e-02 1.366570650134235620e-04 2.482768706977367401e-02 3.582442551851272583e-02 9.982757270336151123e-03 1.158874761313199997e-02
7.264034450054168701e-02 6.856711953878402710e-02 4.814056679606437683e-03 1.517499703913927078e-02 6.205071229487657547e-03 5.739140510559082031e-02 4.628451541066169739e-02 1.968337222933769226e-02 4.995628260076045990e-03 1.388705614954233170e-02 8.389298915863037109e-01 2.159016765654087067e-02 7.912450283765792847e-02 2.865207567811012268e-02 2.685453183948993683e-02 6.348007358610630035e-03 1.263740286231040955e-02 2.265170216560363770e-03 1.707422919571399689e-02 5.236032884567975998e-04 1.055699773132801056e-02 4.668255522847175598e-02 2.025583200156688690e-02 7.324545178562402725e-03 1.078337058424949646e-02 1.164004765450954437e-02 2.330861985683441162e-02 1.260619051754474640e-02 2.811327762901782990e-02 2.642366103827953339e-02 1.644235849380493164e-02 9.019909426569938660e-03 1.603626646101474762e-02 3.199422033503651619e-03 8.269184269011020660e-03 1.404083985835313797e-02 2.619898691773414612e-02 2.525621652603149414e-02 1.021295506507158279e-02 3.557643387466669083e-03 1.502752956002950668e-02 7.039705757051706314e-03 1.539719477295875549e-02 1.559558790177106857e-02 2.489400655031204224e-02 1.863416284322738647e-02 5.011194944381713867e-02 1.974279619753360748e-02 1.051400601863861084e-02 3.224681131541728973e-03 1.256981864571571350e-02 2.308400580659508705e-03 9.117447771131992340e-03 1.351510523818433285e-03 1.216474268585443497e-02 2.461091615259647369e-03 1.334378030151128769e-02 2.135731236307947256e-08 1.358328037895262241e-03 1.580618694424629211e-02 1.016594003885984421e-02 7.491813972592353821e-03 9.761316701769828796e-03 1.751155592501163483e-03 2.270149998366832733e-02 2.874305658042430878e-02 2.466816687956452370e-03 6.083206273615360260e-03 3.392266575247049332e-03 1.819547265768051147e-02 1.273836242035031319e-03 1.768462732434272766e-02 7.293898961506783962e-04 1.194978132843971252e-02 2.606846857815980911e-03 2.066873945295810699e-02 1.508478075265884399e-02 8.136788383126258850e-03 9.321416728198528290e-03 1.679782290011644363e-03 1.142032351344823837e-02 4.970060195773839951e-03 4.970023874193429947e-03 1.527336239814758301e-02 2.951690368354320526e-02 3.448113100603222847e-03 3.755749389529228210e-02 3.328855708241462708e-02 4.610808391589671373e-04 2.275578863918781281e-02 3.338921070098876953e-02 4.268670454621315002e-02 1.196609693579375744e-03 3.315090760588645935e-02 3.093527629971504211e-04 6.274023093283176422e-03 1.503938250243663788e-02 1.285698078572750092e-02 1.973321661353111267e-02 2.770613692700862885e-02 8.510849438607692719e-03 3.930555656552314758e-03 6.579098757356405258e-03 1.343091484159231186e-02 8.844192139804363251e-03 3.307958133518695831e-03 4.890684038400650024e-03 2.094948664307594299e-02 1.510474923998117447e-02 3.600079799070954323e-03 7.177639752626419067e-03 1.902934908866882324e-02 1.070588175207376480e-02 4.382510960567742586e-04 1.468731369823217392e-02 4.347709007561206818e-03
1.201081555336713791e-02 1.694031246006488800e-02 4.214131738990545273e-03 6.308341864496469498e-03 1.820017769932746887e-02 2.079201675951480865e-02 1.408029068261384964e-02 2.078998461365699768e-02 2.122895419597625732e-02 6.958366371691226959e-03 2.159016765654087067e-02 8.389298915863037109e-01 2.629465609788894653e-02 7.064498215913772583e-02 1.918430812656879425e-02 2.939033135771751404e-02 3.544898331165313721e-02 3.552298760041594505e-03 1.653192378580570221e-02 1.190132647752761841e-02 5.141212604939937592e-03 9.994797874242067337e-04 3.019985929131507874e-02 2.341693267226219177e-02 4.316078964620828629e-03 1.667927205562591553e-02 1.055352203547954559e-02 4.660394787788391113e-02 1.018713880330324173e-02 2.882422506809234619e-02 2.014677040278911591e-02 1.843370683491230011e-02 2.283052355051040649e-02 2.328132651746273041e-02 1.586751639842987061e-02 9.097905713133513927e-04 7.465506903827190399e-03 5.893522407859563828e-03 2.343218959867954254e-02 1.253578346222639084e-02 8.212652988731861115e-03 1.251053297892212868e-03 6.576946936547756195e-03 1.769602857530117035e-02 3.897852823138237000e-02 1.519533526152372360e-02 8.378596045076847076e-03 8.486094884574413300e-03 1.954651251435279846e-02 2.331002987921237946e-02 2.503311028704047203e-03 9.051189757883548737e-03 2.666069939732551575e-02 2.627567760646343231e-02 7.948463782668113708e-03 2.093193680047988892e-02 4.178235679864883423e-02 2.278867363929748535e-02 3.461729735136032104e-02 1.650506816804409027e-02 7.532107643783092499e-03 9.928300045430660248e-03 2.376333437860012054e-02 2.913130261003971100e-02 5.707981064915657043e-03 1.956757623702287674e-03 1.945696398615837097e-02 6.134661089163273573e-05 1.911877095699310303e-02 8.071425370872020721e-03 2.991949208080768585e-02 5.311876302585005760e-04 1.898486725986003876e-02 1.342391595244407654e-03 3.884911164641380310e-02 1.392958499491214752e-02 4.096121340990066528e-02 3.243905305862426758e-02 7.197083905339241028e-03 1.000866410322487354e-03 2.326749265193939209e-02 3.207681700587272644e-02 1.374879200011491776e-02 3.067563753575086594e-03 7.883572950959205627e-03 3.694740822538733482e-03 8.485522121191024780e-03 6.907744333148002625e-03 2.062558382749557495e-02 1.958606578409671783e-02 1.198746170848608017e-02 7.721486501395702362e-03 4.097215365618467331e-03 9.865425527095794678e-03 2.164598181843757629e-02 1.124007999897003174e-02 1.329892221838235855e-02 2.842960320413112640e-02 4.258260596543550491e-03 1.206621062010526657e-02 1.101213414222002029e-02 1.173373404890298843e-02 1.218373887240886688e-02 2.356703206896781921e-02 2.266226150095462799e-02 2.090423926711082458e-02 1.608233712613582611e-02 1.416611485183238983e-02 3.313472727313637733e-03 1.340344664640724659e-03 1.228936715051531792e-03 8.310737088322639465e-03 5.223155487328767776e-03 3.931693790946155787e-04 1.391612552106380463e-02 4.505181219428777695e-03
6.938312947750091553e-02 7.689163088798522949e-02 1.064775791019201279e-02 1.546805072575807571e-02 2.207076642662286758e-03 5.738587677478790283e-02 5.157925933599472046e-02 2.618123404681682587e-02 2.502078190445899963e-03 1.960116252303123474e-02 7.912450283765792847e-02 2.629465609788894653e-02 8.389298915863037109e-01 2.718254737555980682e-02 2.068280614912509918e-02 1.275024376809597015e-02 1.302255690097808838e-02 5.189956282265484333e-04 1.496691070497035980e-02 8.438481949269771576e-03 1.345943193882703781e-02 4.362413659691810608e-02 1.474470272660255432e-02 1.810002513229846954e-02 1.096229348331689835e-02 9.663647972047328949e-03 2.203816734254360199e-02 1.691932603716850281e-02 2.030779980123043060e-02 2.747879549860954285e-02 3.109231591224670410e-02 1.793779199942946434e-03 1.880287751555442810e-02 8.538763038814067841e-03 1.043027173727750778e-02 1.827958412468433380e-02 2.138738147914409637e-02 2.668561227619647980e-02 1.103443931788206100e-02 3.145222144667059183e-04 1.399842463433742523e-02 7.064031437039375305e-03 1.439051050692796707e-02 1.047659199684858322e-02 1.916617900133132935e-02 1.291236840188503265e-02 4.772841930389404297e-02 2.168224193155765533e-02 9.447354823350906372e-03 3.552566515281796455e-03 5.873524118214845657e-03 9.173605940304696560e-04 8.335269056260585785e-03 1.062216004356741905e-03 7.163369096815586090e-03 9.643806144595146179e-03 2.038710005581378937e-02 6.262610666453838348e-03 1.389342942275106907e-03 1.595525071024894714e-02 9.963225573301315308e-03 7.955235429108142853e-03 1.434189639985561371e-02 9.781006723642349243e-03 2.098190225660800934e-02 3.903491795063018799e-02 7.260847836732864380e-03 6.707119755446910858e-03 3.753581084311008453e-03 2.024419791996479034e-02 5.013594636693596840e-05 1.754536852240562439e-02 7.694917148910462856e-04 1.390069350600242615e-02 1.771404407918453217e-03 8.780951611697673798e-03 7.857069373130798340e-03 4.414377268403768539e-03 2.205508528277277946e-03 2.163327531889081001e-03 1.574100926518440247e-02 9.004782885313034058e-03 3.633241401985287666e-03 1.229811459779739380e-02 3.154321759939193726e-02 5.096751730889081955e-03 4.025148227810859680e-02 3.702821210026741028e-02 2.090190828312188387e-04 1.923899352550506592e-02 2.770355157554149628e-02 4.624802246689796448e-02 3.596727503463625908e-03 3.952713310718536377e-02 6.689515430480241776e-05 5.989057477563619614e-03 1.239794399589300156e-02 1.633340260013937950e-03 1.451399084180593491e-02 2.269827574491500854e-02 1.056472770869731903e-02 3.292771754786372185e-03 3.608888015151023865e-03 5.100029986351728439e-03 1.073890831321477890e-02 7.730954792350530624e-03 1.023328583687543869e-02 2.017613872885704041e-02 1.710972562432289124e-02 7.286330219358205795e-04 1.323277410119771957e-02 2.049987576901912689e-02 1.144696399569511414e-02 3.373295068740844727e-03 2.295255847275257111e-02 9.794331155717372894e-03
