8.266735076904296875e-01 8.039384335279464722e-02 1.612908579409122467e-02 1.241678372025489807e-02 3.179958090186119080e-02 4.167706239968538284e-03 9.307868778705596924e-03 1.908634230494499207e-02 9.679574519395828247e-03 1.097755692899227142e-02 5.304871872067451477e-02 2.318733744323253632e-02 2.580033428966999054e-02 3.118533268570899963e-02 2.502189204096794128e-02 1.001957058906555176e-02 4.942590370774269104e-03 2.352208830416202545e-02 4.800368100404739380e-03 3.598134219646453857e-02 3.456262871623039246e-02 2.371940203011035919e-02 1.562689617276191711e-02 1.495861262083053589e-02 2.280505746603012085e-02 1.096056681126356125e-02 1.094009540975093842e-02 1.347311772406101227e-02 2.138860709965229034e-02 1.678656227886676788e-02 1.666774041950702667e-02 1.694250665605068207e-02 1.828908547759056091e-02 1.437687780708074570e-02 1.540438644587993622e-02 1.844259910285472870e-02 2.240472100675106049e-02 4.213433712720870972e-03 1.778971590101718903e-02 8.128702640533447266e-03 1.753897778689861298e-02 9.635854512453079224e-03 1.180598884820938110e-02 7.720444351434707642e-03 2.453203313052654266e-02 3.399697691202163696e-02 5.697061307728290558e-03 1.816061139106750488e-02 2.006336674094200134e-02 2.584880590438842773e-02 1.768879592418670654e-03 2.392315305769443512e-02 2.654843777418136597e-02 1.769376918673515320e-02 1.222559530287981033e-02 2.681516297161579132e-02 6.670179776847362518e-03 2.568199124652892351e-04 2.438283897936344147e-02 1.829533837735652924e-02 5.938119255006313324e-03 2.634244970977306366e-03 2.303902804851531982e-02 2.425010316073894501e-02 2.435331605374813080e-02 1.408826187252998352e-02 2.050089463591575623e-02 2.169004827737808228e-02 9.074710309505462646e-03 1.779972016811370850e-02 6.809860467910766602e-03 1.079193968325853348e-02 1.383451395668089390e-03 1.746277324855327606e-02 5.019998643547296524e-03 1.029795315116643906e-02 8.870573714375495911e-03 9.021095000207424164e-03 6.856061372673138976e-05 1.612511347047984600e-03 1.602841913700103760e-02 2.375930361449718475e-02 8.107315748929977417e-03 3.371947631239891052e-02 1.786677981726825237e-03 5.577016272582113743e-04 1.934738084673881531e-02 8.387339301407337189e-03 3.690305724740028381e-02 2.132321242243051529e-03 2.624735794961452484e-02 2.198128774762153625e-02 9.298337623476982117e-03 2.708155289292335510e-02 1.709743030369281769e-02 2.971105976030230522e-03 1.647578366100788116e-02 5.486657377332448959e-03 1.294228434562683105e-02 6.990151014178991318e-03 9.415447711944580078e-04 2.033952064812183380e-02 1.279748417437076569e-02 4.082192666828632355e-03 1.987710781395435333e-02 8.247207850217819214e-03 1.261263340711593628e-02 2.215513214468955994e-02 5.376747809350490570e-03 1.296149939298629761e-02 1.374969631433486938e-02 1.057396829128265381e-02 2.345739863812923431e-02 6.617499049752950668e-03 7.899654097855091095e-03 1.725431904196739197e-02
8.039384335279464722e-02 8.266735076904296875e-01 6.282809656113386154e-03 7.989580743014812469e-03 3.308776766061782837e-02 6.736230570822954178e-03 3.622839599847793579e-02 1.805120334029197693e-02 1.078622974455356598e-02 1.035281177610158920e-02 4.907484352588653564e-02 2.435333654284477234e-02 5.637811496853828430e-02 2.256081625819206238e-02 3.285412490367889404e-02 2.503898460417985916e-03 5.237872246652841568e-03 2.010849304497241974e-02 1.134475320577621460e-02 2.819016017019748688e-02 2.977032214403152466e-02 3.082654438912868500e-02 2.971307933330535889e-02 2.171151340007781982e-02 1.273301709443330765e-02 8.409903384745121002e-03 8.376721292734146118e-03 1.457980368286371231e-02 9.973802603781223297e-03 5.240420345216989517e-03 2.915841899812221527e-02 1.776644401252269745e-02 1.842341199517250061e-02 1.308032311499118805e-02 5.255148746073246002e-03 1.274131331592798233e-02 3.436923772096633911e-02 1.078893983503803611e-04 1.864509843289852142e-02 4.273294471204280853e-03 2.325061894953250885e-02 4.847289528697729111e-03 2.607975853607058525e-03 1.638492010533809662e-02 2.534617669880390167e-02 2.789921313524246216e-02 5.359150469303131104e-03 6.861699745059013367e-03 1.428985875099897385e-02 2.781928330659866333e-02 1.424112915992736816e-02 3.763469308614730835e-02 2.389517240226268768e-02 1.048600766807794571e-02 1.670878031291067600e-03 1.063146069645881653e-02 1.136827375739812851e-02 2.913271775469183922e-03 2.526769973337650299e-02 2.271017245948314667e-02 2.383395563811063766e-03 9.089939296245574951e-03 1.972803287208080292e-02 2.273529209196567535e-02 1.578777655959129333e-02 2.594550326466560364e-02 9.857955388724803925e-03 1.463862974196672440e-02 3.284326056018471718e-03 4.366438835859298706e-03 3.215744625777006149e-03 1.367444987408816814e-03 9.221639484167098999e-04 7.243816275149583817e-03 1.084192562848329544e-02 1.357882004231214523e-02 2.123722108080983162e-03 6.332675693556666374e-04 2.973194932565093040e-03 1.005797274410724640e-02 1.548284199088811874e-02 2.383538894355297089e-02 3.383945440873503685e-03 2.671794407069683075e-02 9.869297035038471222e-03 9.710171259939670563e-03 2.446233853697776794e-02 2.977813780307769775e-02 3.041133284568786621e-02 3.473974298685789108e-03 2.579658851027488708e-02 1.261894591152667999e-02 5.445958580821752548e-03 2.423470839858055115e-02 1.817485317587852478e-02 7.381617557257413864e-03 3.745516994968056679e-03 7.921049371361732483e-03 8.995257318019866943e-03 4.953591153025627136e-03 2.013251185417175293e-03 2.282647415995597839e-02 3.113857528660446405e-04 2.590753603726625443e-03 7.519304752349853516e-03 4.262817092239856720e-03 1.853374950587749481e-02 2.131267683580517769e-03 1.042221393436193466e-02 1.486197672784328461e-02 7.042801473289728165e-03 9.854974225163459778e-03 1.108667068183422089e-02 3.618425980675965548e-04 1.222039852291345596e-02 1.748216897249221802e-02
1.612908579409122467e-02 6.282809656113386154e-03 8.266735076904296875e-01 9.641441516578197479e-03 1.014575269073247910e-02 1.784418523311614990e-02 1.946370489895343781e-02 4.583650082349777222e-02 6.510199047625064850e-03 1.828443072736263275e-02 1.101802103221416473e-02 1.598013006150722504e-02 8.165287785232067108e-03 1.196056138724088669e-02 1.564406044781208038e-02 1.040000817738473415e-03 4.359360318630933762e-03 2.519362140446901321e-03 1.090570725500583649e-02 1.570055820047855377e-02 1.488810218870639801e-02 1.573713868856430054e-02 1.580510102212429047e-02 3.163918852806091309e-03 1.861247047781944275e-02 1.253431662917137146e-02 2.566537261009216309e-02 3.086341358721256256e-02 2.264091558754444122e-02 2.079622633755207062e-02 1.100844796746969223e-02 1.898718066513538361e-02 2.580253593623638153e-02 2.174779027700424194e-02 2.561226487159729004e-02 5.714227445423603058e-03 3.715923754498362541e-03 2.631896361708641052e-02 7.338711526244878769e-03 1.159299816936254501e-02 8.094604127109050751e-03 1.148463226854801178e-02 1.562961377203464508e-02 2.101395465433597565e-02 3.148408373817801476e-03 1.737629808485507965e-02 2.384269237518310547e-02 1.540657412260770798e-02 4.250584635883569717e-03 4.330731462687253952e-03 2.152994833886623383e-02 1.487430930137634277e-02 1.035291329026222229e-02 1.767208427190780640e-02 5.653919652104377747e-03 2.326525934040546417e-02 1.499533839523792267e-02 5.535061005502939224e-03 4.069723933935165405e-02 2.806207723915576935e-02 2.122563496232032776e-02 1.746401935815811157e-02 3.482609987258911133e-02 2.946234866976737976e-02 1.914272084832191467e-02 7.882972247898578644e-03 1.612000912427902222e-02 1.696202531456947327e-02 2.012884477153420448e-03 1.083419565111398697e-02 8.231449872255325317e-03 1.614224165678024292e-02 1.683804206550121307e-02 1.089976262301206589e-02 2.884130924940109253e-02 1.696282625198364258e-02 5.820257123559713364e-03 1.408684533089399338e-02 2.330453880131244659e-02 1.075579319149255753e-02 5.537682771682739258e-02 4.831836745142936707e-02 1.830052817240357399e-03 2.913017384707927704e-02 1.532606256660073996e-04 4.789051134139299393e-03 2.332508936524391174e-02 2.915716171264648438e-02 6.944119930267333984e-03 2.676977217197418213e-02 1.835513301193714142e-02 1.399247348308563232e-02 1.025957893580198288e-02 2.749761939048767090e-02 8.475646376609802246e-03 7.448465563356876373e-03 5.635108798742294312e-03 9.013965725898742676e-03 3.476270660758018494e-02 2.675649151206016541e-02 3.766046138480305672e-04 1.800862810341641307e-04 1.086167898029088974e-02 4.053880460560321808e-03 9.379390627145767212e-03 2.735240152105689049e-03 2.660368336364626884e-03 1.598208211362361908e-02 5.130017176270484924e-03 1.204400602728128433e-02 5.990490783005952835e-03 3.403227077797055244e-03 1.374325808137655258e-02 6.551699712872505188e-03 1.653938124945852906e-05 7.862222380936145782e-03
1.241678372025489807e-02 7.989580743014812469e-03 9.641441516578197479e-03 8.266735076904296875e-01 7.020638138055801392e-02 1.546802278608083725e-02 9.129538200795650482e-03 2.555556222796440125e-02 2.053260803222656250e-03 1.460700994357466698e-03 3.293303772807121277e-02 2.024644240736961365e-02 3.083984740078449249e-02 1.399854663759469986e-02 3.021496906876564026e-02 1.673830486834049225e-02 1.189725287258625031e-02 1.457998878322541714e-03 1.044710353016853333e-02 1.452280953526496887e-02 4.453755449503660202e-03 3.322733193635940552e-02 7.650529500097036362e-03 2.513148821890354156e-03 1.913722977042198181e-02 1.844360679388046265e-02 4.299433901906013489e-03 2.664776146411895752e-02 3.538068756461143494e-02 1.319625787436962128e-02 1.014641113579273224e-02 2.010623179376125336e-02 6.002029869705438614e-03 1.927560567855834961e-02 1.380213629454374313e-02 1.179570704698562622e-02 3.563732374459505081e-03 1.693789288401603699e-02 7.664076983928680420e-03 3.051823750138282776e-02 1.706351898610591888e-02 1.891909725964069366e-02 2.375963330268859863e-02 2.173180400859564543e-04 1.190934516489505768e-02 3.758971765637397766e-02 1.897952146828174591e-02 1.493624038994312286e-02 7.884105667471885681e-03 2.089099586009979248e-02 5.457335617393255234e-03 7.784500252455472946e-03 1.799202337861061096e-02 1.652236469089984894e-02 1.950942911207675934e-03 1.594519428908824921e-02 2.382465079426765442e-02 5.830866750329732895e-03 1.717119361273944378e-03 1.141136512160301208e-02 1.699309423565864563e-02 7.732412777841091156e-03 2.745119621977210045e-03 3.942604176700115204e-03 2.306794188916683197e-02 2.446803078055381775e-02 1.217648293823003769e-02 6.366115994751453400e-03 1.305537763983011246e-02 1.461689174175262451e-02 1.162510830909013748e-02 1.082392502576112747e-02 6.114532798528671265e-02 3.490931121632456779e-03 4.665558040142059326e-02 5.952500272542238235e-03 9.193721227347850800e-03 1.287245377898216248e-02 1.896468177437782288e-02 6.199858151376247406e-03 3.806509776040911674e-03 1.870459411293268204e-03 7.565944455564022064e-03 1.305876020342111588e-02 4.117963369935750961e-03 4.612246993929147720e-03 1.018703915178775787e-02 1.239536609500646591e-02 3.721973160281777382e-03 2.354760840535163879e-02 2.820055373013019562e-02 2.235125191509723663e-02 1.630812324583530426e-02 1.728996261954307556e-02 1.513078343123197556e-02 3.496821969747543335e-02 4.847071599215269089e-03 1.142065133899450302e-02 1.021374017000198364e-02 1.737034693360328674e-02 2.710568532347679138e-02 5.003840103745460510e-02 1.939114741981029510e-02 6.723846774548292160e-03 9.242347441613674164e-04 1.725869602523744106e-03 4.468935541808605194e-03 4.409027751535177231e-03 3.740164637565612793e-02 2.936424128711223602e-02 1.175041589885950089e-02 3.763065324164927006e-04 1.911869645118713379e-02 2.683486230671405792e-02 6.560076959431171417e-03 1.286081876605749130e-02
3.179958090186119080e-02 3.308776766061782837e-02 1.014575269073247910e-02 7.020638138055801392e-02 8.266735076904296875e-01 6.796849891543388367e-03 1.952240802347660065e-02 3.202051669359207153e-02 6.864717230200767517e-03 9.909720160067081451e-03 5.347653105854988098e-02 3.577165305614471436e-02 3.885214030742645264e-02 2.658632211387157440e-02 2.811603248119354248e-02 3.184298053383827209e-02 1.580290868878364563e-02 1.325937220826745033e-03 2.749937353655695915e-03 1.346936915069818497e-02 1.117078121751546860e-02 3.535798937082290649e-02 6.427609361708164215e-03 4.262692760676145554e-03 7.845715736038982868e-04 3.383215982466936111e-03 9.219040162861347198e-03 3.369790688157081604e-02 9.803495369851589203e-03 1.416574604809284210e-02 2.533552469685673714e-03 1.503679668530821800e-03 1.297328155487775803e-02 2.312829717993736267e-03 7.966063916683197021e-03 2.454957284498959780e-04 7.388096768409013748e-03 5.033505614846944809e-03 3.075104439631104469e-03 1.636999659240245819e-02 4.106611479073762894e-03 1.084840856492519379e-02 1.747884601354598999e-02 1.263251062482595444e-02 2.174514532089233398e-02 4.496754705905914307e-02 2.111502736806869507e-02 8.695421740412712097e-03 7.901903591118752956e-04 7.789370283717289567e-05 1.367553323507308960e-02 4.021812975406646729e-02 2.872430952265858650e-03 6.113760173320770264e-03 2.697706222534179688e-03 1.517609693109989166e-02 1.815827004611492157e-02 5.916789174079895020e-03 3.689666045829653740e-03 9.945077821612358093e-03 1.044869795441627502e-02 1.594478078186511993e-02 2.162941265851259232e-03 1.299497112631797791e-02 1.835284987464547157e-03 1.400506217032670975e-02 1.384405326098203659e-02 1.109530031681060791e-02 8.888731710612773895e-03 1.197339617647230625e-03 1.072516199201345444e-02 4.361584316939115524e-03 5.330428853631019592e-02 1.334896869957447052e-02 5.659259483218193054e-02 7.871183566749095917e-03 9.680731222033500671e-03 7.546452805399894714e-03 2.134050242602825165e-02 9.834269993007183075e-03 2.928692148998379707e-03 5.112017504870891571e-03 2.091865427792072296e-02 5.390117876231670380e-03 1.568428054451942444e-02 2.445214428007602692e-02 1.556051522493362427e-02 1.431689411401748657e-02 9.766070172190666199e-03 5.023928824812173843e-03 3.183910250663757324e-02 2.188921160995960236e-02 1.446314901113510132e-02 1.158195361495018005e-02 1.104366872459650040e-02 3.878277540206909180e-02 2.233079867437481880e-03 5.394846666604280472e-03 2.603742992505431175e-03 1.659832522273063660e-02 1.686537079513072968e-02 4.377081245183944702e-02 1.168573973700404167e-03 5.289314780384302139e-03 2.235595369711518288e-03 7.178912637755274773e-04 9.406366385519504547e-03 2.085328102111816406e-02 2.318916097283363342e-02 1.149989780969917774e-03 9.533753618597984314e-03 8.747462183237075806e-03 1.511838566511869431e-02 3.277849755249917507e-04 1.925027812831103802e-03 8.604683913290500641e-03
4.167706239968538284e-03 6.736230570822954178e-03 1.784418523311614990e-02 1.546802278608083725e-02 6.796849891543388367e-03 8.266735076904296875e-01 6.267496198415756226e-02 1.121558807790279388e-02 2.171119675040245056e-02 4.938951693475246429e-03 4.212025925517082214e-02 3.284022584557533264e-02 2.632067911326885223e-02 2.018980309367179871e-02 1.182722672820091248e-02 3.473599674180150032e-03 4.439230542629957199e-03 3.314741700887680054e-02 2.106615342199802399e-02 2.369534596800804138e-02 1.746433600783348083e-02 6.039418745785951614e-03 7.930506020784378052e-03 8.512486703693866730e-03 1.536358706653118134e-02 1.391972065903246403e-03 1.561005413532257080e-02 2.129075862467288971e-02 5.376139190047979355e-03 3.803941234946250916e-02 1.001510303467512131e-02 1.291903434321284294e-03 8.496938273310661316e-03 1.895830384455621243e-03 1.598480530083179474e-02 2.290674671530723572e-02 1.457849889993667603e-02 2.082554856315255165e-03 5.961512215435504913e-03 1.943474076688289642e-02 1.115387119352817535e-02 1.975714461877942085e-03 1.525659230537712574e-03 3.368630073964595795e-03 3.379832580685615540e-02 4.245788324624300003e-03 6.435882300138473511e-02 4.740581661462783813e-02 6.540422909893095493e-04 1.553321629762649536e-02 3.025069460272789001e-02 1.949406787753105164e-02 1.961020054295659065e-03 1.209754147566854954e-03 1.389523409307003021e-02 1.594923809170722961e-02 1.469360478222370148e-02 1.849775947630405426e-02 3.664437448605895042e-03 1.075224485248327255e-02 1.056322362273931503e-02 1.362482178956270218e-02 1.726023294031620026e-02 7.978683337569236755e-03 4.648802336305379868e-03 1.982232742011547089e-02 2.022911608219146729e-02 1.967019215226173401e-02 4.419827833771705627e-03 3.689259989187121391e-03 4.523120005615055561e-04 2.751656249165534973e-02 2.888221107423305511e-02 2.748861152213066816e-04 1.972203701734542847e-02 1.168392226099967957e-02 3.786180168390274048e-02 2.415909059345722198e-02 1.477242074906826019e-02 2.421953948214650154e-03 7.795093115419149399e-03 4.832914564758539200e-03 3.679992631077766418e-02 2.130404673516750336e-02 1.334218424744904041e-03 3.364143660292029381e-03 1.778673962689936161e-03 3.004219615831971169e-03 5.771177355200052261e-03 3.773926058784127235e-03 2.429044246673583984e-02 1.843046210706233978e-02 4.417802393436431885e-02 1.747689396142959595e-02 1.969359070062637329e-02 1.482662372291088104e-02 2.346502617001533508e-02 5.691873840987682343e-03 5.379860289394855499e-03 5.481410189531743526e-04 3.157351398840546608e-03 6.756373215466737747e-03 1.594202220439910889e-02 1.553435530513525009e-02 1.237204181961715221e-03 1.644927822053432465e-02 1.172772236168384552e-02 6.757528055459260941e-03 7.805550936609506607e-03 2.752336859703063965e-02 1.977498643100261688e-02 1.506351027637720108e-02 1.635619066655635834e-02 1.010459568351507187e-02 2.337298914790153503e-02 1.888973079621791840e-02
9.307868778705596924e-03 3.622839599847793579e-02 1.946370489895343781e-02 9.129538200795650482e-03 1.952240802347660065e-02 6.267496198415756226e-02 8.266735076904296875e-01 6.951580755412578583e-03 9.925770573318004608e-03 3.443269524723291397e-03 3.659920021891593933e-02 1.637187786400318146e-02 5.366946011781692505e-02 2.553798072040081024e-02 5.104244221001863480e-03 1.948094367980957031e-02 1.469117682427167892e-02 2.397388778626918793e-02 2.142800251021981239e-03 1.436443440616130829e-02 3.665559459477663040e-03 5.990754812955856323e-03 1.165777258574962616e-02 9.097096510231494904e-03 1.202565897256135941e-02 1.051379647105932236e-02 2.973659336566925049e-02 2.924972958862781525e-02 5.949369166046380997e-03 1.893379539251327515e-02 3.912718966603279114e-02 5.778626538813114166e-03 2.206192119047045708e-03 1.166561525315046310e-02 1.921182498335838318e-02 2.262225188314914703e-02 1.021579187363386154e-02 9.976293891668319702e-03 8.800732903182506561e-03 9.581037797033786774e-03 9.721420705318450928e-03 1.190675236284732819e-02 1.554750744253396988e-02 1.238310430198907852e-02 1.243990659713745117e-02 5.490224342793226242e-03 3.544211015105247498e-02 6.981154531240463257e-02 1.783891231752932072e-03 1.504299789667129517e-02 2.364715188741683960e-02 1.282752491533756256e-03 4.051170311868190765e-03 1.758596301078796387e-02 6.623379886150360107e-03 1.219733245670795441e-02 1.136252749711275101e-02 1.291578169912099838e-02 2.831262303516268730e-03 8.254836313426494598e-03 1.654215902090072632e-02 1.751595921814441681e-02 7.866190746426582336e-03 6.421507336199283600e-03 3.448362695053219795e-03 4.074808955192565918e-02 1.364954467862844467e-02 7.061711978167295456e-03 6.095678079873323441e-03 2.978788875043392181e-02 8.511960506439208984e-03 3.550431225448846817e-03 1.888881064951419830e-02 2.397366240620613098e-02 9.584425017237663269e-03 2.111741527915000916e-02 6.856289226561784744e-03 4.964072559232590720e-06 1.682109199464321136e-02 1.222475524991750717e-02 4.482149088289588690e-04 7.091839797794818878e-03 4.409860447049140930e-02 8.732003159821033478e-03 3.699300810694694519e-03 1.194065203890204430e-03 1.010396052151918411e-03 2.579064294695854187e-02 1.449638698250055313e-02 7.533337920904159546e-03 1.716669835150241852e-02 2.258437126874923706e-02 5.836173519492149353e-02 3.607855876907706261e-03 1.024802308529615402e-02 2.053932100534439087e-02 2.968170866370201111e-02 1.773473434150218964e-02 6.959710735827684402e-03 1.333404053002595901e-02 1.630772487260401249e-03 7.433398626744747162e-03 3.060980886220932007e-02 5.518742837011814117e-03 1.349285896867513657e-02 9.982925839722156525e-03 2.056355401873588562e-02 1.332918088883161545e-02 6.832197774201631546e-03 5.353359039872884750e-03 3.733548894524574280e-02 2.120976150035858154e-02 5.709210876375436783e-03 1.732753240503370762e-03 3.568587452173233032e-02 1.418329076841473579e-03
1.908634230494499207e-02 1.805120334029197693e-02 4.583650082349777222e-02 2.555556222796440125e-02 3.202051669359207153e-02 1.121558807790279388e-02 6.951580755412578583e-03 8.266735076904296875e-01 9.636767208576202393e-03 7.473590318113565445e-03 1.591268181800842285e-02 6.124015897512435913e-03 1.515766512602567673e-02 2.252068603411316872e-03 4.397245496511459351e-02 1.957934349775314331e-02 1.535779517143964767e-02 3.128105076029896736e-03 6.926848553121089935e-03 2.199446782469749451e-02 2.592512592673301697e-02 3.646078333258628845e-02 2.369737811386585236e-02 1.777299679815769196e-02 1.966603286564350128e-02 1.185236871242523193e-02 1.791544258594512939e-02 1.223906408995389938e-02 2.539993077516555786e-02 1.583236828446388245e-02 1.902470551431179047e-02 1.898316084407269955e-03 2.300423942506313324e-02 3.983340226113796234e-03 1.587679237127304077e-02 1.443238276988267899e-02 9.521625004708766937e-03 2.909453213214874268e-02 2.423583529889583588e-02 2.286743931472301483e-02 2.286629565060138702e-02 7.002930156886577606e-03 1.093822345137596130e-02 2.093490399420261383e-02 1.937484927475452423e-02 6.635747849941253662e-03 1.898367516696453094e-02 2.016041055321693420e-02 9.849604219198226929e-03 3.768816823139786720e-03 2.565318718552589417e-02 1.785210520029067993e-02 1.702858321368694305e-02 3.562509641051292419e-02 1.631585508584976196e-02 5.468247458338737488e-03 1.001631282269954681e-02 1.822707010433077812e-03 2.706512250006198883e-02 2.734136767685413361e-02 2.546851057559251785e-03 1.163109578192234039e-02 2.860633470118045807e-02 1.378597039729356766e-02 1.357597298920154572e-02 1.605762355029582977e-02 1.500274892896413803e-02 1.883116178214550018e-02 1.949960365891456604e-02 9.886865504086017609e-03 4.079034086316823959e-03 9.051826782524585724e-03 1.021671760827302933e-02 1.135624013841152191e-03 2.623518928885459900e-03 1.581836608238518238e-03 6.539117544889450073e-03 1.464876811951398849e-02 2.109429426491260529e-02 3.668973920866847038e-03 5.148003250360488892e-02 6.004912033677101135e-02 1.431992743164300919e-03 1.850423961877822876e-02 4.717112984508275986e-03 5.837116390466690063e-03 4.678552225232124329e-02 5.507952347397804260e-02 7.618322037160396576e-03 2.054619602859020233e-02 2.524052560329437256e-02 1.971451193094253540e-02 1.015727128833532333e-02 2.291950769722461700e-02 6.938566453754901886e-03 1.953044161200523376e-02 5.703683942556381226e-03 2.259057015180587769e-02 1.858996227383613586e-02 1.970959082245826721e-02 1.371286064386367798e-02 2.122138254344463348e-02 1.681340113282203674e-02 9.780350374057888985e-04 2.519084699451923370e-02 1.474187616258859634e-02 3.307312959805130959e-03 1.023153215646743774e-02 4.388954956084489822e-03 1.920694299042224884e-02 8.467232808470726013e-03 9.707290679216384888e-03 2.214217744767665863e-02 1.671256124973297119e-02 4.593569319695234299e-03 1.459339354187250137e-02
9.679574519395828247e-03 1.078622974455356598e-02 6.510199047625064850e-03 2.053260803222656250e-03 6.864717230200767517e-03 2.171119675040245056e-02 9.925770573318004608e-03 9.636767208576202393e-03 8.266735076904296875e-01 5.384412407875061035e-02 7.089507766067981720e-03 3.946952894330024719e-02 1.972832251340150833e-03 2.462690509855747223e-02 1.489838771522045135e-02 2.432125248014926910e-02 2.313481830060482025e-02 5.246731266379356384e-02 2.742592059075832367e-02 1.280573941767215729e-02 1.439040643163025379e-03 1.011314149945974350e-02 1.750140450894832611e-02 1.942958682775497437e-02 1.635493710637092590e-02 5.573557224124670029e-03 7.757079787552356720e-03 1.101049780845642090e-02 1.385937910526990891e-02 8.778172545135021210e-03 5.918813403695821762e-03 1.277965307235717773e-02 2.861568704247474670e-03 8.708197623491287231e-03 2.044349908828735352e-02 1.098903734236955643e-02 1.288321334868669510e-02 2.104501053690910339e-02 8.057744242250919342e-03 5.225090775638818741e-03 2.358911372721195221e-02 1.611650548875331879e-02 4.215817898511886597e-03 7.597362156957387924e-03 5.438470467925071716e-02 1.122791878879070282e-02 2.171962335705757141e-02 2.671186812222003937e-03 6.801738403737545013e-03 1.374405529350042343e-02 3.344028256833553314e-03 1.342594064772129059e-02 1.162271574139595032e-02 5.640768446028232574e-03 3.406654298305511475e-02 1.981449499726295471e-02 1.580011472105979919e-02 2.490601129829883575e-02 1.303470198763534427e-04 5.708973854780197144e-03 1.404894795268774033e-02 2.900262363255023956e-03 5.079534370452165604e-03 9.298130171373486519e-04 1.107976119965314865e-02 1.980472542345523834e-02 1.633544266223907471e-02 1.438075490295886993e-02 1.788642629981040955e-02 2.676152996718883514e-02 1.812506839632987976e-02 4.034505411982536316e-02 1.681565679609775543e-02 2.617536857724189758e-02 6.189259234815835953e-03 2.457652240991592407e-02 6.350748240947723389e-02 5.160491913557052612e-02 5.034542456269264221e-02 1.876772264949977398e-03 1.138727832585573196e-02 5.097983404994010925e-03 3.470779210329055786e-02 2.116983756422996521e-02 1.251989509910345078e-02 3.259584074839949608e-03 9.848430752754211426e-03 1.361163449473679066e-03 2.595114521682262421e-02 1.095080282539129257e-02 1.024498231709003448e-02 1.116083003580570221e-03 1.802807487547397614e-02 1.601500250399112701e-02 3.807060187682509422e-03 1.890136674046516418e-02 1.658624596893787384e-02 2.301796153187751770e-02 2.515009045600891113e-02 4.859862383455038071e-03 9.457817068323493004e-04 7.648250903002917767e-04 5.002697929739952087e-03 1.351318508386611938e-02 7.720740512013435364e-03 8.685737848281860352e-03 1.794705749489367008e-03 2.527041360735893250e-02 1.218221522867679596e-02 1.857658475637435913e-02 1.318213623017072678e-02 1.470618764869868755e-03 1.780032180249691010e-02 2.602542191743850708e-02 1.789624430239200592e-02 7.840328849852085114e-03
1.097755692899227142e-02 1.035281177610158920e-02 1.828443072736263275e-02 1.460700994357466698e-03 9.909720160067081451e-03 4.938951693475246429e-03 3.443269524723291397e-03 7.473590318113565445e-03 5.384412407875061035e-02 8.266735076904296875e-01 1.807245798408985138e-02 1.335955318063497543e-02 7.356225512921810150e-03 1.780572161078453064e-02 1.487658731639385223e-02 2.297378890216350555e-02 3.990669175982475281e-02 1.374783180654048920e-02 4.149982705712318420e-02 1.522446237504482269e-02 1.545503735542297363e-02 1.868944242596626282e-02 1.795357652008533478e-02 2.896397560834884644e-02 1.005512662231922150e-02 2.192057482898235321e-02 1.944366283714771271e-02 2.767623402178287506e-03 5.305919330567121506e-03 1.677473261952400208e-02 9.437508881092071533e-03 1.092087477445602417e-02 2.798679750412702560e-03 1.500346790999174118e-02 6.963196676224470139e-03 2.278772648423910141e-03 1.681859791278839111e-02 1.119019929319620132e-02 1.424989849328994751e-02 9.430257603526115417e-03 2.742227166891098022e-03 2.091111429035663605e-02 3.088889829814434052e-02 1.483822800219058990e-02 1.157084666192531586e-02 3.242932027205824852e-03 1.134581957012414932e-02 8.875961415469646454e-03 3.176886588335037231e-03 3.710236027836799622e-02 3.314587520435452461e-03 1.326700020581483841e-02 4.099928308278322220e-03 1.139301154762506485e-02 1.197902765125036240e-02 4.233730956912040710e-02 1.291622035205364227e-02 3.876667097210884094e-02 1.634727790951728821e-02 5.789814516901969910e-03 6.637867540121078491e-03 4.718841984868049622e-02 9.728466160595417023e-03 9.842264465987682343e-03 1.913644664455205202e-04 2.079726010560989380e-02 2.945516025647521019e-03 1.147053670138120651e-02 1.297115720808506012e-02 3.013077750802040100e-02 4.286334663629531860e-02 3.442544117569923401e-02 1.366226654499769211e-02 3.754605725407600403e-02 2.308439288754016161e-04 2.209348604083061218e-02 2.700600773096084595e-02 6.367366015911102295e-02 1.498065143823623657e-02 2.462341077625751495e-02 1.007997989654541016e-02 8.370683528482913971e-03 2.684963494539260864e-02 2.805510163307189941e-02 3.440347965806722641e-03 1.649654284119606018e-02 9.607061743736267090e-03 1.745511963963508606e-02 5.759233608841896057e-03 3.832566738128662109e-02 2.981827408075332642e-02 2.318867109715938568e-02 2.136547304689884186e-02 2.750339917838573456e-02 1.396377338096499443e-03 1.696081832051277161e-02 2.417319267988204956e-02 1.587197184562683105e-02 2.266338840126991272e-02 2.022115886211395264e-02 1.448021084070205688e-02 8.018875494599342346e-03 7.719031535089015961e-03 9.587790817022323608e-03 3.371882485225796700e-03 1.309063285589218140e-02 1.237178035080432892e-02 1.025060191750526428e-02 8.745836094021797180e-03 1.024770736694335938e-02 3.273371607065200806e-02 1.682727597653865814e-02 2.963294740766286850e-03 2.476327121257781982e-03 1.045130752027034760e-02 2.294042380526661873e-03
5.304871872067451477e-02 4.907484352588653564e-02 1.101802103221416473e-02 3.293303772807121277e-02 5.347653105854988098e-02 4.212025925517082214e-02 3.659920021891593933e-02 1.591268181800842285e-02 7.089507766067981720e-03 1.807245798408985138e-02 8.266735076904296875e-01 2.510875277221202850e-02 6.697406619787216187e-02 2.345549687743186951e-02 2.757632732391357422e-02 3.236544504761695862e-02 1.788694970309734344e-02 2.173464931547641754e-02 1.901065371930599213e-02 8.424432948231697083e-03 2.549245581030845642e-02 2.401546016335487366e-02 1.281909528188407421e-03 6.729286164045333862e-03 8.666906505823135376e-03 1.610066555440425873e-02 1.025110669434070587e-02 3.784344345331192017e-02 1.264024712145328522e-02 4.022870585322380066e-02 2.282982133328914642e-02 1.577165909111499786e-02 6.285259150899946690e-04 1.807899959385395050e-02 6.691581103950738907e-03 4.733768582809716463e-04 5.920876283198595047e-03 8.619409636594355106e-04 1.983822323381900787e-02 5.107082426548004150e-03 5.033116787672042847e-03 3.867162391543388367e-03 3.999008331447839737e-03 1.665374264121055603e-03 7.846958935260772705e-03 3.132904320955276489e-02 2.597403153777122498e-02 1.035509165376424789e-02 1.101408619433641434e-02 3.742734901607036591e-03 1.577319577336311340e-03 2.242245525121688843e-02 2.206856198608875275e-02 1.793899200856685638e-02 2.397845871746540070e-02 2.040147408843040466e-02 5.991968326270580292e-03 1.457510609179735184e-02 1.644860021770000458e-02 2.755716443061828613e-03 8.782371878623962402e-03 1.428551692515611649e-02 8.524520671926438808e-04 7.180992048233747482e-03 1.778733357787132263e-02 2.639144845306873322e-02 8.233366534113883972e-03 1.453499495983123779e-02 1.196411158889532089e-02 9.362842887639999390e-03 1.181928790174424648e-03 1.837317086756229401e-02 2.800387330353260040e-02 1.546440995298326015e-03 2.844208478927612305e-02 1.073891390115022659e-02 1.595214381814002991e-02 1.712462678551673889e-02 2.669868990778923035e-02 8.256743662059307098e-03 5.649102851748466492e-03 2.276720292866230011e-02 2.485559694468975067e-02 2.887220354750752449e-03 1.829775609076023102e-02 2.212952822446823120e-02 3.385437279939651489e-02 2.638276480138301849e-02 1.043249666690826416e-02 7.790933828800916672e-03 3.225421160459518433e-02 1.888825371861457825e-02 1.166827417910099030e-02 3.128382610157132149e-03 2.676260482985526323e-04 1.565789617598056793e-02 2.891249489039182663e-03 4.948660265654325485e-03 1.054612174630165100e-02 4.681692225858569145e-04 5.530411843210458755e-03 1.287185028195381165e-02 2.981685334816575050e-03 6.638247054070234299e-03 1.477535814046859741e-02 8.857592940330505371e-03 1.309084799140691757e-02 3.734529484063386917e-03 5.494398996233940125e-03 5.921561270952224731e-03 4.500143229961395264e-03 1.919088326394557953e-02 5.103192292153835297e-03 5.087321158498525620e-03 2.025691233575344086e-02 6.943279731785878539e-05
2.318733744323253632e-02 2.435333654284477234e-02 1.598013006150722504e-02 2.024644240736961365e-02 3.577165305614471436e-02 3.284022584557533264e-02 1.637187786400318146e-02 6.124015897512435913e-03 3.946952894330024719e-02 1.335955318063497543e-02 2.510875277221202850e-02 8.266735076904296875e-01 2.008448354899883270e-02 7.154157757759094238e-02 2.912806533277034760e-02 1.942468620836734772e-02 9.600167162716388702e-03 1.442089304327964783e-02 1.878690905869007111e-02 1.973031647503376007e-02 1.627707853913307190e-02 2.892853505909442902e-02 2.301449701189994812e-02 2.050194516777992249e-02 1.197943370789289474e-02 1.023095753043889999e-02 2.103024162352085114e-03 2.344487793743610382e-02 1.918598776683211327e-03 1.759856380522251129e-02 6.011512596160173416e-03 8.638744475319981575e-04 7.398384157568216324e-03 3.552626585587859154e-03 5.034373607486486435e-03 1.493996195495128632e-02 1.483709458261728287e-02 2.122060162946581841e-03 1.525002159178256989e-02 7.359486538916826248e-03 1.178776007145643234e-02 3.368746116757392883e-02 2.341726422309875488e-02 1.415859092958271503e-03 6.116619333624839783e-02 5.260214582085609436e-02 1.032768562436103821e-02 1.821548119187355042e-02 1.476586516946554184e-02 1.467572525143623352e-03 4.153456166386604309e-02 4.187703877687454224e-02 5.734065780416131020e-04 5.053442437201738358e-04 2.638016641139984131e-02 2.011796087026596069e-02 1.862132176756858826e-02 1.942648179829120636e-02 1.314999908208847046e-02 8.908965624868869781e-03 1.659861765801906586e-02 8.407169952988624573e-03 4.482304677367210388e-03 1.081599481403827667e-02 6.611196324229240417e-03 1.186623703688383102e-02 1.350051630288362503e-02 1.429277379065752029e-02 7.634598761796951294e-03 1.641253195703029633e-02 5.121764726936817169e-03 1.763461972586810589e-03 8.812296204268932343e-03 2.612335665617138147e-04 1.639088243246078491e-02 1.095654908567667007e-02 4.550501704216003418e-02 3.146267309784889221e-02 8.329686708748340607e-03 3.028872236609458923e-02 2.925397828221321106e-03 2.242219634354114532e-03 1.762172207236289978e-02 3.167035756632685661e-03 3.532645059749484062e-03 2.183980075642466545e-03 1.925345882773399353e-02 1.620378694497048855e-03 4.052467271685600281e-02 1.967079751193523407e-02 4.577843938022851944e-03 3.035981394350528717e-02 3.192336484789848328e-02 3.959653899073600769e-03 1.075914967805147171e-02 4.733463283628225327e-03 4.040274070575833321e-04 2.754058223217725754e-03 2.189834043383598328e-02 2.098810859024524689e-02 6.419652141630649567e-03 2.817290835082530975e-02 1.302155107259750366e-02 1.667858660221099854e-02 5.282927770167589188e-03 4.044194240123033524e-03 1.164345443248748779e-02 2.827019616961479187e-02 1.044355519115924835e-02 1.371745113283395767e-02 1.972595229744911194e-02 6.933552678674459457e-03 9.366218931972980499e-03 1.487724576145410538e-02 8.666507899761199951e-03 3.466367349028587341e-02
2.580033428966999054e-02 5.637811496853828430e-02 8.165287785232067108e-03 3.083984740078449249e-02 3.885214030742645264e-02 2.632067911326885223e-02 5.366946011781692505e-02 1.515766512602567673e-02 1.972832251340150833e-03 7.356225512921810150e-03 6.697406619787216187e-02 2.008448354899883270e-02 8.266735076904296875e-01 2.059176564216613770e-02 4.875686019659042358e-02 2.639168174937367439e-03 3.612224012613296509e-03 1.729122176766395569e-02 6.940003484487533569e-03 5.607992410659790039e-03 8.982119150459766388e-03 3.129982948303222656e-02 1.818523183465003967e-02 1.964966394007205963e-02 6.327675655484199524e-03 3.439020656514912844e-04 1.417168695479631424e-02 3.621580451726913452e-02 5.328674451448023319e-04 2.426421642303466797e-02 4.279072582721710205e-02 8.695049327798187733e-04 8.790997089818120003e-04 5.235540214926004410e-03 7.211268413811922073e-03 1.515539246611297131e-03 7.616665679961442947e-03 6.027441471815109253e-03 1.356423925608396530e-02 2.561852801591157913e-03 8.331501740030944347e-04 8.472475223243236542e-03 6.440971512347459793e-03 3.603691002354025841e-03 3.351435763761401176e-03 1.926110684871673584e-02 2.556034177541732788e-02 2.719063870608806610e-02 1.475827675312757492e-02 2.888183575123548508e-03 5.036597605794668198e-03 1.277493406087160110e-02 1.244992297142744064e-02 1.192918233573436737e-02 9.483110159635543823e-03 1.837027608416974545e-03 7.096991874277591705e-03 4.863649606704711914e-03 1.820161938667297363e-02 1.705775037407875061e-02 4.661794286221265793e-03 4.886914510279893875e-03 4.337470978498458862e-03 1.273106690496206284e-02 9.890648070722818375e-04 5.396463721990585327e-02 9.020988829433917999e-03 6.659321486949920654e-03 4.244868643581867218e-03 4.419296747073531151e-04 4.277970176190137863e-03 8.334005251526832581e-03 3.504175320267677307e-02 8.542817085981369019e-03 2.971411123871803284e-02 7.516632322221994400e-04 1.911633275449275970e-02 4.717347212135791779e-03 2.034864388406276703e-02 4.367141518741846085e-03 2.417104318737983704e-03 2.510606870055198669e-02 9.203862398862838745e-03 7.466731127351522446e-03 4.476769827306270599e-03 2.382513834163546562e-03 2.019754424691200256e-02 5.411798879504203796e-02 1.975268125534057617e-02 1.247017178684473038e-02 2.998331189155578613e-02 1.517754327505826950e-02 2.620369195938110352e-02 1.730130612850189209e-02 1.367915887385606766e-02 2.740363776683807373e-02 2.394181117415428162e-02 1.051174383610486984e-02 8.041610009968280792e-03 5.863137776032090187e-04 3.077735018450766802e-04 2.026993222534656525e-02 1.963629014790058136e-02 1.121071632951498032e-02 7.427672855556011200e-03 2.797045453917235136e-04 6.067717447876930237e-03 1.524797640740871429e-02 1.158667448908090591e-02 5.549504887312650681e-03 1.187356188893318176e-02 2.722592279314994812e-02 6.823755335062742233e-03 1.072248071432113647e-02 2.124737575650215149e-02 1.764531992375850677e-02
