8.474850654602050781e-01 5.950426682829856873e-02 9.263815009035170078e-04 1.263395976275205612e-02 1.169978175312280655e-02 5.220208689570426941e-02 5.019349977374076843e-02 2.829257212579250336e-02 1.050811540335416794e-02 4.188807681202888489e-03 5.170487985014915466e-02 3.034508042037487030e-02 5.014993995428085327e-02 3.487434983253479004e-02 3.983242064714431763e-02 2.372569404542446136e-02 1.858051866292953491e-02 6.434009992517530918e-04 1.033560745418071747e-02 2.660821937024593353e-02 2.608535625040531158e-02 3.638392314314842224e-02 2.346247993409633636e-02 2.063379064202308655e-02 2.664663828909397125e-02 2.393423020839691162e-02 3.690582467243075371e-03 2.243997901678085327e-02 1.269755233079195023e-02 1.682257652282714844e-02 1.538911275565624237e-02 2.759431116282939911e-02 1.378687564283609390e-02 2.676587924361228943e-02 9.689607657492160797e-03 3.005191124975681305e-02 3.107025101780891418e-02 6.327652838081121445e-03 3.224710747599601746e-02 2.214989252388477325e-02 6.393599789589643478e-03 2.584017626941204071e-02 2.953213825821876526e-02 2.108446205966174603e-04 2.043877728283405304e-02 2.037782780826091766e-02 4.015824571251869202e-02 3.701017424464225769e-02 8.510272018611431122e-03 7.196349557489156723e-03 1.382944826036691666e-02 1.876213960349559784e-02 1.608902774751186371e-02 1.478809025138616562e-02 7.857074029743671417e-03 1.196599099785089493e-02 1.248625665903091431e-02 1.159673184156417847e-02 1.035565976053476334e-02 1.249063760042190552e-02 6.523678544908761978e-03 6.871894584037363529e-04 6.007038056850433350e-03 2.041401341557502747e-03 1.157470978796482086e-02 1.519141253083944321e-02 2.514517866075038910e-02 2.812409587204456329e-02 7.032331079244613647e-03 1.783118210732936859e-02 9.267686400562524796e-04 2.471265615895390511e-03 2.454943768680095673e-02 2.215362340211868286e-02 1.690771989524364471e-02 9.835089556872844696e-03 1.016653049737215042e-02 1.969399163499474525e-03 1.322724856436252594e-02 9.064568206667900085e-03 7.392461411654949188e-03 3.790832357481122017e-03 1.377320196479558945e-02 5.638469476252794266e-03 1.715725660324096680e-02 2.163240686058998108e-02 2.856653369963169098e-02 3.128504008054733276e-02 9.790083393454551697e-03 3.783777065109461546e-04 2.012909762561321259e-02 1.443267054855823517e-02 2.291068993508815765e-02 1.965807378292083740e-02 2.024018019437789917e-02 2.413531020283699036e-02 5.467821378260850906e-03 1.530546345748007298e-03 1.672465167939662933e-02 1.395126990973949432e-02 2.558299154043197632e-02 2.671817876398563385e-02 9.977453155443072319e-04 1.350868679583072662e-02 1.968376897275447845e-02 1.004171837121248245e-02 3.050553984940052032e-02 2.460164017975330353e-03 1.605807617306709290e-02 9.933696128427982330e-03 1.477856421843171120e-03 9.031183086335659027e-03 2.504432760179042816e-02 2.436818554997444153e-02 1.790026552043855190e-03 1.747409842209890485e-04
5.950426682829856873e-02 8.474850654602050781e-01 3.824542509391903877e-03 6.467979401350021362e-03 5.634754430502653122e-03 5.181678384542465210e-02 5.455665662884712219e-02 2.679785713553428650e-02 2.287349896505475044e-03 1.543172635138034821e-03 4.966578260064125061e-02 2.676053531467914581e-02 5.437983199954032898e-02 3.695334866642951965e-02 3.784454241394996643e-02 2.079771645367145538e-02 1.806218549609184265e-02 7.335857488214969635e-03 1.366609334945678711e-02 2.624706551432609558e-02 2.495324425399303436e-02 3.320775553584098816e-02 2.276291325688362122e-02 2.215317450463771820e-02 2.927649393677711487e-02 2.569263800978660583e-02 1.261755591258406639e-03 1.976442895829677582e-02 1.964180544018745422e-02 1.964685879647731781e-02 2.823038958013057709e-02 2.549363486468791962e-02 9.363146498799324036e-03 2.600912749767303467e-02 1.262947451323270798e-02 3.079613298177719116e-02 3.273439034819602966e-02 2.218114444985985756e-03 2.744789049029350281e-02 1.985493116080760956e-02 3.446082817390561104e-03 2.391864918172359467e-02 2.553127333521842957e-02 3.376570239197462797e-04 1.689310371875762939e-02 2.153597213327884674e-02 4.001596942543983459e-02 4.151563718914985657e-02 1.555554801598191261e-03 1.182401273399591446e-02 9.418858215212821960e-03 1.240040268748998642e-02 1.693236082792282104e-02 1.684477180242538452e-02 3.181981621310114861e-03 1.463266555219888687e-02 1.298839878290891647e-02 1.738185249269008636e-02 6.496157962828874588e-03 1.543102040886878967e-02 1.568849984323605895e-04 1.248439191840589046e-03 4.591514356434345245e-03 7.072000298649072647e-03 1.091415155678987503e-02 2.091622911393642426e-02 2.291686087846755981e-02 2.594750933349132538e-02 6.258593639358878136e-04 1.883106492459774017e-02 9.224020759575068951e-04 6.079997401684522629e-03 2.245067618787288666e-02 2.388579770922660828e-02 1.692706719040870667e-02 1.184401474893093109e-02 3.854400943964719772e-03 1.573558314703404903e-03 9.224455803632736206e-03 4.977893084287643433e-03 5.801583174616098404e-03 3.015214577317237854e-03 1.043832302093505859e-02 8.675494231283664703e-03 1.277639251202344894e-02 1.734096743166446686e-02 2.624415047466754913e-02 2.815857902169227600e-02 4.166234750300645828e-03 8.427553111687302589e-04 2.570210210978984833e-02 9.577792137861251831e-03 3.414170071482658386e-02 1.557956263422966003e-02 1.815772801637649536e-02 2.446383610367774963e-02 8.656729944050312042e-03 1.708114403299987316e-03 1.293746009469032288e-02 1.304303109645843506e-02 2.385023050010204315e-02 2.648507058620452881e-02 3.271292429417371750e-03 7.678698748350143433e-03 1.424032822251319885e-02 6.064195651561021805e-03 3.185880556702613831e-02 9.036536794155836105e-04 1.908888295292854309e-02 1.515997108072042465e-02 1.370124053210020065e-03 5.346426740288734436e-03 2.349365130066871643e-02 1.900178380310535431e-02 2.010700292885303497e-03 1.681728055700659752e-03
9.263815009035170078e-04 3.824542509391903877e-03 8.474850654602050781e-01 1.745284302160143852e-03 4.227719735354185104e-03 9.320142678916454315e-03 9.095245040953159332e-03 4.500626400113105774e-02 5.634880624711513519e-03 2.760935574769973755e-02 1.043278537690639496e-02 6.080927327275276184e-03 1.341974828392267227e-02 1.048508938401937485e-02 1.712539605796337128e-02 6.852312944829463959e-03 1.640896312892436981e-02 1.099540572613477707e-02 1.733676902949810028e-02 3.992198500782251358e-03 4.957413300871849060e-03 6.856732070446014404e-03 1.185710541903972626e-02 1.217636000365018845e-02 6.654771044850349426e-03 1.758355065248906612e-03 1.142439898103475571e-02 6.573959719389677048e-03 6.993773858994245529e-03 1.894814893603324890e-03 7.653689943253993988e-03 7.301379460841417313e-03 2.055821008980274200e-02 6.144648417830467224e-03 1.306741032749414444e-02 9.945697151124477386e-03 2.091967128217220306e-02 3.008337877690792084e-02 9.471991099417209625e-03 1.060109212994575500e-02 3.613359481096267700e-02 5.144607275724411011e-03 7.167651783674955368e-03 1.170373614877462387e-02 7.907638326287269592e-03 3.208214184269309044e-03 1.579514145851135254e-02 1.939320936799049377e-02 8.559036068618297577e-03 1.383768580853939056e-02 3.306493628770112991e-03 3.237390425056219101e-03 2.349961735308170319e-02 2.685149013996124268e-02 9.746819734573364258e-03 2.126961015164852142e-02 4.586798138916492462e-03 2.076255623251199722e-03 1.797149516642093658e-02 2.698460966348648071e-02 5.979053676128387451e-03 5.598031915724277496e-03 8.142068982124328613e-03 1.477458863519132137e-03 1.371405459940433502e-02 6.244724616408348083e-03 6.272203754633665085e-03 1.461990643292665482e-03 1.073733810335397720e-02 1.100355572998523712e-02 1.631164737045764923e-02 2.689034491777420044e-02 1.110675558447837830e-02 1.918684807606041431e-03 2.074394561350345612e-02 1.794270239770412445e-02 6.388584617525339127e-03 1.687511056661605835e-02 5.995176732540130615e-03 9.516006335616111755e-03 7.928152382373809814e-02 8.978187292814254761e-02 4.308652132749557495e-03 2.196383476257324219e-02 3.275292925536632538e-03 1.226054131984710693e-02 4.059650376439094543e-02 1.439315173774957657e-02 1.551072346046566963e-03 1.558489352464675903e-02 1.771879568696022034e-02 2.652846835553646088e-02 1.941793039441108704e-02 2.373591437935829163e-02 1.424036268144845963e-02 1.158334873616695404e-02 2.105063758790493011e-04 6.362238433212041855e-03 9.899958968162536621e-03 9.351560845971107483e-03 7.586215506307780743e-04 8.178836666047573090e-03 2.022694796323776245e-02 2.672295086085796356e-02 2.694537490606307983e-02 2.596951648592948914e-02 4.188951570540666580e-03 7.941778749227523804e-03 4.988697823137044907e-03 1.238825824111700058e-02 3.711714223027229309e-02 2.000874094665050507e-02 2.655960386618971825e-03 7.068408653140068054e-03 3.693273058161139488e-03 9.528750553727149963e-03
1.263395976275205612e-02 6.467979401350021362e-03 1.745284302160143852e-03 8.474850654602050781e-01 7.344364374876022339e-02 8.191386237740516663e-03 5.006194114685058594e-03 1.163713261485099792e-02 3.240985795855522156e-02 1.317150145769119263e-02 4.789795260876417160e-03 3.428654745221138000e-02 5.679043475538492203e-03 9.043063037097454071e-03 2.051287703216075897e-02 3.466965863481163979e-03 8.341780863702297211e-03 3.892336040735244751e-02 2.012163458857685328e-04 1.139807701110839844e-02 6.858443375676870346e-03 6.331368815153837204e-03 1.562011335045099258e-02 5.501154810190200806e-03 7.981074973940849304e-03 1.509832683950662613e-02 1.959034428000450134e-02 3.474479541182518005e-02 1.684200600720942020e-03 2.418248541653156281e-02 1.483985222876071930e-02 1.248143892735242844e-02 1.438493560999631882e-02 9.461827576160430908e-03 7.763942237943410873e-03 9.374385699629783630e-03 3.289462067186832428e-03 6.321495398879051208e-03 3.802000358700752258e-02 3.875412419438362122e-02 4.625435452908277512e-03 1.235647406429052353e-02 3.330793697386980057e-03 1.817815192043781281e-02 2.314777113497257233e-02 8.138267323374748230e-03 4.317639395594596863e-03 9.967108257114887238e-03 2.681540884077548981e-02 1.817620918154716492e-02 2.282424643635749817e-02 1.638041064143180847e-02 1.895672641694545746e-02 5.135648883879184723e-03 3.391837701201438904e-02 1.318042341154068708e-04 3.983679786324501038e-02 1.954009197652339935e-02 1.537684723734855652e-02 1.380540989339351654e-02 4.152101650834083557e-02 1.697404496371746063e-02 3.144723549485206604e-02 1.366222463548183441e-02 2.042793855071067810e-02 9.867738932371139526e-03 3.784520551562309265e-03 6.203919649124145508e-03 2.663693390786647797e-02 6.233364343643188477e-03 1.006126869469881058e-02 3.228792920708656311e-02 5.067275092005729675e-02 3.008495317772030830e-03 2.901766635477542877e-02 2.371485158801078796e-02 3.466578200459480286e-02 3.540613688528537750e-03 2.774209156632423401e-02 1.425402425229549408e-02 1.030315551906824112e-02 1.289290841668844223e-02 4.356514662504196167e-02 2.085842192173004150e-02 7.720511872321367264e-03 4.516037297435104847e-04 1.161530707031488419e-02 1.244943216443061829e-02 5.090638622641563416e-02 2.678937278687953949e-02 7.660805247724056244e-03 3.387052100151777267e-03 7.014479953795671463e-03 2.149619720876216888e-02 1.362794358283281326e-02 1.222538412548601627e-03 1.418743655085563660e-02 1.280986797064542770e-02 6.361428648233413696e-03 6.048595067113637924e-03 1.054266467690467834e-02 9.389338083565235138e-04 4.302939865738153458e-03 1.019008643925189972e-02 1.572073437273502350e-02 1.364515069872140884e-02 1.325607020407915115e-02 3.411893174052238464e-02 1.786006148904561996e-03 5.354247987270355225e-03 2.146537601947784424e-02 2.542770095169544220e-02 6.577086169272661209e-03 1.257703546434640884e-02 2.015825128182768822e-03 5.946236662566661835e-03
1.169978175312280655e-02 5.634754430502653122e-03 4.227719735354185104e-03 7.344364374876022339e-02 8.474850654602050781e-01 7.532013580203056335e-03 2.960585756227374077e-03 1.084600016474723816e-02 3.147689253091812134e-02 1.783495186828076839e-03 8.608925854787230492e-04 2.869446761906147003e-02 3.403831273317337036e-03 5.886580329388380051e-03 1.866266131401062012e-02 5.946422927081584930e-03 8.468806045129895210e-04 4.399121180176734924e-02 2.297218516469001770e-02 7.936119101941585541e-03 4.297706764191389084e-03 1.100215129554271698e-02 1.696085557341575623e-02 8.675855584442615509e-03 1.002371078357100487e-03 5.537507124245166779e-03 2.581393346190452576e-02 3.083707205951213837e-02 3.966868855059146881e-03 2.409933507442474365e-02 6.909217685461044312e-03 1.078030653297901154e-02 5.611639469861984253e-03 9.467635303735733032e-03 2.981763100251555443e-04 1.096778269857168198e-02 7.547176443040370941e-03 1.328428974375128746e-03 4.404680803418159485e-02 5.690354853868484497e-02 1.022368203848600388e-02 1.336079929023981094e-02 7.123435381799936295e-03 2.008254639804363251e-02 2.600678429007530212e-02 7.440396118909120560e-03 1.292358385398983955e-03 4.353854805231094360e-03 2.572108991444110870e-02 1.034685876220464706e-02 2.679570019245147705e-02 2.253307029604911804e-02 1.710706204175949097e-02 5.974793806672096252e-03 3.160000219941139221e-02 8.917275816202163696e-03 2.283810265362262726e-02 1.606865786015987396e-02 1.554455794394016266e-02 1.401597447693347931e-02 3.370207920670509338e-02 2.798475511372089386e-02 2.448095381259918213e-02 1.072058826684951782e-02 1.592917181551456451e-02 1.361705455929040909e-02 3.287121944595128298e-04 8.588849450461566448e-04 2.933398820459842682e-02 7.716997526586055756e-03 2.092094533145427704e-02 2.616032958030700684e-02 4.431261494755744934e-02 1.047473214566707611e-02 3.620099276304244995e-02 1.891948841512203217e-02 3.193235024809837341e-02 1.108699571341276169e-02 2.808611653745174408e-02 1.003791019320487976e-02 6.841416470706462860e-03 9.913631714880466461e-03 4.180819541215896606e-02 4.686979576945304871e-02 4.925401415675878525e-03 1.118283544201403856e-04 1.110139302909374237e-02 1.648049056529998779e-02 4.353759065270423889e-02 2.770104259252548218e-02 1.452309451997280121e-02 6.105845794081687927e-03 2.176639158278703690e-03 1.808380894362926483e-02 1.337867695838212967e-02 6.813533604145050049e-03 1.503611821681261063e-02 6.285226903855800629e-03 7.613702211529016495e-03 6.434706156142055988e-04 1.181573234498500824e-02 5.233081523329019547e-03 1.604029443114995956e-03 7.505401037633419037e-03 2.279855124652385712e-02 2.059664763510227203e-02 8.844003081321716309e-03 2.679731510579586029e-02 4.015908052679151297e-04 6.992841139435768127e-03 2.283277548849582672e-02 2.137966454029083252e-02 6.350683514028787613e-03 1.063902024179697037e-02 8.280800655484199524e-03 1.407222729176282883e-02
5.220208689570426941e-02 5.181678384542465210e-02 9.320142678916454315e-03 8.191386237740516663e-03 7.532013580203056335e-03 8.474850654602050781e-01 5.852876231074333191e-02 1.878326199948787689e-02 1.520585268735885620e-02 5.288444925099611282e-03 4.409240186214447021e-02 4.294726252555847168e-02 3.982468694448471069e-02 4.921973124146461487e-02 3.463309630751609802e-02 2.934058196842670441e-02 2.669969573616981506e-02 4.890980664640665054e-03 1.523090153932571411e-02 2.763288095593452454e-02 2.503477409482002258e-02 3.041786700487136841e-02 2.703161351382732391e-02 2.575378678739070892e-02 3.208930045366287231e-02 2.582261897623538971e-02 1.321903080679476261e-03 3.667523339390754700e-02 2.407144987955689430e-03 2.775990962982177734e-02 6.172330584377050400e-03 2.305917814373970032e-02 7.095031905919313431e-03 2.109505049884319305e-02 1.135564688593149185e-02 2.039915323257446289e-02 2.408276498317718506e-02 2.122346777468919754e-03 3.016447462141513824e-02 1.548315584659576416e-02 7.353364024311304092e-03 2.600379474461078644e-02 3.081713989377021790e-02 8.435657247900962830e-03 2.126724086701869965e-02 1.871375739574432373e-02 4.596548154950141907e-02 3.381339833140373230e-02 2.569053089246153831e-03 3.980059642344713211e-03 1.565676741302013397e-02 1.976993121206760406e-02 1.290397439152002335e-02 7.593217305839061737e-03 6.494338158518075943e-03 1.042145397514104843e-02 9.091221727430820465e-03 1.006860379129648209e-02 2.180225448682904243e-03 7.371890824288129807e-03 6.773760542273521423e-03 1.880156109109520912e-03 2.002040855586528778e-02 1.856105809565633535e-04 2.026289934292435646e-03 5.894358735531568527e-03 3.209836781024932861e-02 3.054941445589065552e-02 5.676762200891971588e-03 1.868324354290962219e-02 4.082526080310344696e-03 1.680753938853740692e-02 2.672490663826465607e-02 2.209628559648990631e-02 2.033652365207672119e-02 1.642315462231636047e-02 8.421211503446102142e-03 6.810156628489494324e-03 1.077110040932893753e-02 1.334103196859359741e-02 1.034120912663638592e-03 1.563732326030731201e-02 1.646219193935394287e-02 3.168907715007662773e-03 1.789834909141063690e-02 1.841674372553825378e-02 2.318013831973075867e-02 2.595080994069576263e-02 1.330396533012390137e-02 9.132375009357929230e-03 1.468022819608449936e-02 5.979143083095550537e-03 1.630987413227558136e-02 7.954355329275131226e-03 1.909667812287807465e-02 1.987503282725811005e-02 8.508989587426185608e-03 2.104086102917790413e-03 1.486546266824007034e-02 1.746969670057296753e-02 2.088464982807636261e-02 2.135638892650604248e-02 5.225935950875282288e-03 6.793627981096506119e-03 9.880248457193374634e-03 3.563843434676527977e-03 2.305621653795242310e-02 4.163709003478288651e-03 1.532061584293842316e-02 4.676029493566602468e-04 3.689126810058951378e-03 1.477380865253508091e-04 2.643091790378093719e-02 2.251910045742988586e-02 2.752603322733193636e-04 4.120215307921171188e-03
5.019349977374076843e-02 5.455665662884712219e-02 9.095245040953159332e-03 5.006194114685058594e-03 2.960585756227374077e-03 5.852876231074333191e-02 8.474850654602050781e-01 1.518357824534177780e-02 3.902409225702285767e-03 8.432023227214813232e-03 4.589834436774253845e-02 2.717649005353450775e-02 4.908718913793563843e-02 4.355385899543762207e-02 2.499976195394992828e-02 2.371178194880485535e-02 2.649740502238273621e-02 8.765667676925659180e-03 1.236175559461116791e-02 2.558202482759952545e-02 2.799326181411743164e-02 2.642374858260154724e-02 2.368318289518356323e-02 2.630449458956718445e-02 3.163505345582962036e-02 2.440151572227478027e-02 1.978298882022500038e-03 2.080507203936576843e-02 1.626635715365409851e-02 1.708686910569667816e-02 2.285555191338062286e-02 2.036601677536964417e-02 8.849935606122016907e-03 2.625634893774986267e-02 1.492347940802574158e-02 2.113601379096508026e-02 2.584984526038169861e-02 2.280158456414937973e-03 1.663268916308879852e-02 2.978075528517365456e-03 4.645517561584711075e-03 2.771554142236709595e-02 3.157208859920501709e-02 7.048528641462326050e-03 1.791493594646453857e-02 2.700673788785934448e-02 5.568516999483108521e-02 5.673546716570854187e-02 1.953616738319396973e-03 1.931221410632133484e-02 1.604655198752880096e-02 1.861293055117130280e-02 9.475962258875370026e-03 4.540500696748495102e-03 6.236496847122907639e-03 2.488975040614604950e-02 8.846628479659557343e-03 1.179444044828414917e-02 3.427525283768773079e-03 1.231332216411828995e-02 4.740439355373382568e-03 1.228965353220701218e-03 1.554343476891517639e-02 3.948182798922061920e-03 1.142201106995344162e-02 1.989490725100040436e-02 2.589289285242557526e-02 3.011268563568592072e-02 3.375109750777482986e-03 1.095579098910093307e-02 3.653128864243626595e-03 8.731183595955371857e-03 1.893635839223861694e-02 1.963060908019542694e-02 2.032786794006824493e-02 1.658096723258495331e-02 3.772256197407841682e-03 3.406013827770948410e-03 6.853219121694564819e-03 6.185029167681932449e-03 2.334649907425045967e-03 7.447801530361175537e-03 1.487291790544986725e-02 8.473084308207035065e-03 1.706295646727085114e-02 1.373116578906774521e-02 1.909241639077663422e-02 2.186056971549987793e-02 1.978508662432432175e-03 6.999414763413369656e-04 3.230550512671470642e-02 8.615890517830848694e-03 3.555991500616073608e-02 1.192289683967828751e-02 1.796416752040386200e-02 2.140765078365802765e-02 4.920424893498420715e-03 2.701851306483149529e-03 1.551595609635114670e-02 2.059848792850971222e-02 1.913665607571601868e-02 1.763061992824077606e-02 2.897618978749960661e-04 4.767471924424171448e-03 2.562571316957473755e-03 5.471254233270883560e-03 2.181100845336914062e-02 4.132179077714681625e-03 6.006015930324792862e-03 5.379148293286561966e-03 4.876280203461647034e-03 3.321964526548981667e-03 2.940561063587665558e-02 1.894023641943931580e-02 9.596155723556876183e-04 3.379860660061240196e-03
2.829257212579250336e-02 2.679785713553428650e-02 4.500626400113105774e-02 1.163713261485099792e-02 1.084600016474723816e-02 1.878326199948787689e-02 1.518357824534177780e-02 8.474850654602050781e-01 1.000722777098417282e-02 1.108637265861034393e-02 3.779508918523788452e-02 1.659036614000797272e-02 3.681254386901855469e-02 1.432966161519289017e-02 4.916619136929512024e-02 1.444108411669731140e-02 9.831086732447147369e-03 2.388828288530930877e-04 2.134918421506881714e-02 2.308913879096508026e-02 1.985286921262741089e-02 3.210719674825668335e-02 1.471938472241163254e-02 1.543776970356702805e-02 1.549716666340827942e-02 2.006266638636589050e-02 2.350746281445026398e-02 6.572321522980928421e-03 6.173719186335802078e-03 6.147763691842556000e-03 2.093471586704254150e-03 2.330975048243999481e-02 2.194720134139060974e-02 2.111559920012950897e-02 2.314560487866401672e-02 2.281593158841133118e-02 2.816008031368255615e-02 1.423905044794082642e-02 3.932316228747367859e-02 2.313007973134517670e-02 1.711548306047916412e-02 1.688638702034950256e-02 1.805086992681026459e-02 1.571855135262012482e-02 2.325052954256534576e-02 1.597899384796619415e-02 1.071995962411165237e-02 1.223304960876703262e-02 4.249080549925565720e-03 7.618777453899383545e-04 3.514499170705676079e-03 9.281651116907596588e-03 2.897660247981548309e-02 4.031305760145187378e-02 6.082726176828145981e-04 9.255456738173961639e-03 1.180828921496868134e-02 1.502397470176219940e-02 1.591839082539081573e-02 2.760661765933036804e-02 8.689105510711669922e-03 1.005950849503278732e-03 5.699515808373689651e-03 6.383179686963558197e-03 1.802612096071243286e-02 1.635465025901794434e-02 1.632232964038848877e-02 2.208918146789073944e-02 5.707959644496440887e-03 1.271085068583488464e-02 4.511706531047821045e-03 1.007540524005889893e-02 1.303763035684823990e-02 1.892591826617717743e-02 7.790389470756053925e-03 5.747320130467414856e-03 1.052722427994012833e-02 2.783897332847118378e-03 1.728564128279685974e-02 2.755409106612205505e-03 5.864209309220314026e-02 3.840535506606101990e-02 4.124505445361137390e-03 1.169105991721153259e-02 1.938335597515106201e-02 2.290218323469161987e-02 5.161394923925399780e-02 4.228135943412780762e-02 3.022488672286272049e-03 4.531732294708490372e-03 5.092311650514602661e-03 2.353475429117679596e-02 8.096288889646530151e-03 2.926274761557579041e-02 1.068560127168893814e-02 1.231007371097803116e-02 9.232587181031703949e-03 3.444928210228681564e-03 1.039658859372138977e-02 8.018369786441326141e-03 1.820594817399978638e-02 1.991732791066169739e-02 2.903129905462265015e-03 1.640528813004493713e-02 3.892730548977851868e-02 2.910927310585975647e-02 2.455305494368076324e-02 8.547067642211914062e-03 1.013101637363433838e-02 1.208180654793977737e-02 9.437562897801399231e-03 6.147482898086309433e-03 1.443266682326793671e-02 2.163617312908172607e-02 9.191370918415486813e-05 2.866324037313461304e-03
1.050811540335416794e-02 2.287349896505475044e-03 5.634880624711513519e-03 3.240985795855522156e-02 3.147689253091812134e-02 1.520585268735885620e-02 3.902409225702285767e-03 1.000722777098417282e-02 8.474850654602050781e-01 3.504441305994987488e-02 6.504711927846074104e-04 4.224151372909545898e-02 3.123297588899731636e-03 2.498599328100681305e-02 7.987381890416145325e-03 2.538954839110374451e-02 2.158808521926403046e-02 5.089305713772773743e-02 2.158747054636478424e-02 1.664802059531211853e-02 7.565232459455728531e-03 1.210223883390426636e-02 3.347295522689819336e-02 2.639517560601234436e-02 5.517279263585805893e-03 1.674129255115985870e-02 2.548689208924770355e-02 2.697577886283397675e-02 3.343877848237752914e-03 2.402017824351787567e-02 5.476589314639568329e-03 1.991127245128154755e-02 1.044440316036343575e-03 4.032615572214126587e-03 1.084693121811142191e-05 1.823125407099723816e-02 1.220873370766639709e-02 2.405759645625948906e-03 9.151960723102092743e-03 1.625243015587329865e-02 1.277374662458896637e-02 1.997466385364532471e-02 1.435448694974184036e-02 6.953905802220106125e-03 3.138133510947227478e-02 9.118864312767982483e-03 5.814370699226856232e-03 4.736395494546741247e-04 4.775380715727806091e-02 1.878848858177661896e-02 2.744675613939762115e-02 2.225862443447113037e-02 6.130018737167119980e-04 1.136444229632616043e-02 5.156930536031723022e-02 2.168146148324012756e-02 3.440820053219795227e-02 2.657889202237129211e-02 6.343606393784284592e-03 2.861022250726819038e-03 3.256552293896675110e-02 2.273934520781040192e-02 1.076363585889339447e-02 2.214431948959827423e-02 2.439494011923670769e-03 9.471504017710685730e-03 9.757138323038816452e-04 1.162329106591641903e-03 4.527610167860984802e-02 1.370741706341505051e-02 3.468520566821098328e-02 2.253035455942153931e-02 2.200510166585445404e-02 9.503968060016632080e-03 1.645594276487827301e-02 1.944264024496078491e-02 5.711644887924194336e-02 3.847623616456985474e-02 3.956238552927970886e-02 2.086562104523181915e-02 1.386769488453865051e-02 8.150841109454631805e-03 2.443006262183189392e-02 2.697572112083435059e-02 1.038039661943912506e-02 9.804131463170051575e-03 8.798058144748210907e-03 1.007230486720800400e-02 4.945015907287597656e-02 4.072299972176551819e-02 6.999028846621513367e-03 3.769454779103398323e-03 5.310922861099243164e-03 1.961197331547737122e-02 2.014426887035369873e-02 1.242591440677642822e-02 1.549934968352317810e-04 1.222722791135311127e-02 3.183658421039581299e-02 2.038060128688812256e-02 1.654758304357528687e-02 8.930007927119731903e-03 8.341553620994091034e-03 1.346305571496486664e-02 5.560214412980712950e-05 1.720853266306221485e-03 3.532333532348275185e-03 1.976137980818748474e-02 4.548310767859220505e-03 9.719367139041423798e-03 2.530319243669509888e-02 2.980571426451206207e-02 5.555496551096439362e-03 9.694823995232582092e-03 1.842868886888027191e-02 2.304679155349731445e-02
4.188807681202888489e-03 1.543172635138034821e-03 2.760935574769973755e-02 1.317150145769119263e-02 1.783495186828076839e-03 5.288444925099611282e-03 8.432023227214813232e-03 1.108637265861034393e-02 3.504441305994987488e-02 8.474850654602050781e-01 1.019093208014965057e-02 1.087827980518341064e-02 1.027722284197807312e-02 3.296199440956115723e-02 7.724695838987827301e-03 2.136795222759246826e-02 3.158998861908912659e-02 1.761952787637710571e-02 6.748336553573608398e-02 9.240627288818359375e-03 1.903766860777977854e-05 3.747244132682681084e-03 2.469238452613353729e-02 4.226134717464447021e-02 1.232627313584089279e-03 1.110517885535955429e-02 8.949250914156436920e-03 1.052210852503776550e-02 1.674279756844043732e-02 2.101035229861736298e-02 1.660864567384123802e-03 2.095135161653161049e-03 1.970215141773223877e-02 1.869689859449863434e-02 8.611875586211681366e-03 7.651358377188444138e-03 5.684675648808479309e-03 7.616144139319658279e-03 1.173240318894386292e-02 2.230165991932153702e-03 1.043775584548711777e-02 3.644912736490368843e-03 9.783285669982433319e-03 1.212690304964780807e-02 1.976301427930593491e-03 1.939029432833194733e-02 5.948549136519432068e-03 7.919522933661937714e-03 1.120990514755249023e-02 6.305240094661712646e-02 6.324329413473606110e-03 1.039126701653003693e-02 1.557784341275691986e-02 1.018908433616161346e-02 7.674558088183403015e-03 5.224817991256713867e-02 3.820456913672387600e-04 2.441924251616001129e-02 6.454923655837774277e-03 1.119366381317377090e-02 9.144136682152748108e-03 2.894304320216178894e-02 2.027836308116093278e-04 8.517241105437278748e-03 2.058065496385097504e-02 7.564402185380458832e-03 7.929069921374320984e-03 4.170826636254787445e-03 1.739670336246490479e-02 1.859051547944545746e-02 4.645513370633125305e-02 1.382717397063970566e-02 3.132564015686511993e-03 3.246746584773063660e-02 1.298910845071077347e-02 5.680489353835582733e-03 1.644946821033954620e-02 8.573843538761138916e-02 1.407687831670045853e-02 8.254667371511459351e-02 2.001348696649074554e-02 1.440645847469568253e-02 9.075293317437171936e-03 6.041843071579933167e-02 6.092975381761789322e-03 1.060525607317686081e-02 1.253475435078144073e-02 9.236421436071395874e-03 1.432079263031482697e-02 5.922842025756835938e-02 3.125684102997183800e-03 3.832626156508922577e-03 1.369722420349717140e-03 1.313499454408884048e-02 6.658858153969049454e-03 1.728100888431072235e-02 7.264086510986089706e-03 1.465890929102897644e-02 1.068235654383897781e-02 2.822739258408546448e-02 2.075188793241977692e-03 1.525211799889802933e-02 2.469402737915515900e-03 1.664648018777370453e-02 2.720411866903305054e-02 4.226062912493944168e-03 2.418406307697296143e-03 1.485528703778982162e-02 2.004997991025447845e-02 4.100737627595663071e-03 1.098557095974683762e-02 1.862326636910438538e-03 5.663586780428886414e-03 2.571157645434141159e-03 1.291725318878889084e-03 1.183214783668518066e-02
5.170487985014915466e-02 4.966578260064125061e-02 1.043278537690639496e-02 4.789795260876417160e-03 8.608925854787230492e-04 4.409240186214447021e-02 4.589834436774253845e-02 3.779508918523788452e-02 6.504711927846074104e-04 1.019093208014965057e-02 8.474850654602050781e-01 2.042828314006328583e-02 5.690225586295127869e-02 2.715823799371719360e-02 4.137540608644485474e-02 1.790473796427249908e-02 1.147113833576440811e-02 6.134024355560541153e-03 1.742452196776866913e-02 2.444388158619403839e-02 2.752424217760562897e-02 3.513897955417633057e-02 1.883287541568279266e-02 1.944649592041969299e-02 2.954014204442501068e-02 2.865299955010414124e-02 1.018480584025382996e-02 1.484158821403980255e-02 2.304449677467346191e-02 1.397426798939704895e-02 1.901040412485599518e-02 2.572841942310333252e-02 2.065021544694900513e-02 2.997882105410099030e-02 2.465535327792167664e-02 2.872899733483791351e-02 3.465610742568969727e-02 4.781429655849933624e-03 2.855196036398410797e-02 1.817836984992027283e-02 1.010538544505834579e-02 1.618566922843456268e-02 2.459019608795642853e-02 3.936859779059886932e-03 1.424865145236253738e-02 1.809334754943847656e-02 4.439413920044898987e-02 3.972857072949409485e-02 2.030705101788043976e-03 7.161938585340976715e-03 5.088804289698600769e-03 1.612327061593532562e-02 2.161803469061851501e-02 2.560325153172016144e-02 1.984435599297285080e-03 7.796079851686954498e-03 1.051929593086242676e-02 1.556062605232000351e-02 1.269698981195688248e-02 2.060064859688282013e-02 5.171210039407014847e-03 5.813307594507932663e-03 1.147029179264791310e-04 8.961729705333709717e-03 2.651264332234859467e-02 2.997613511979579926e-02 2.343220449984073639e-02 2.752347663044929504e-02 3.054061671718955040e-03 1.233574096113443375e-02 1.886070123873651028e-03 2.190213417634367943e-03 1.445363741368055344e-02 1.530342083424329758e-02 7.112981285899877548e-03 5.939324852079153061e-03 1.907504047267138958e-03 9.549492970108985901e-03 3.200418082997202873e-03 1.191311981528997421e-02 2.092827111482620239e-02 9.120780043303966522e-03 6.069035734981298447e-04 1.599450409412384033e-02 1.585670746862888336e-02 1.979348435997962952e-02 3.812693804502487183e-02 3.705530613660812378e-02 1.014499808661639690e-03 6.009651347994804382e-03 2.326929196715354919e-02 2.743272110819816589e-02 2.733185701072216034e-02 2.863489650189876556e-02 1.504911947995424271e-02 1.977539435029029846e-02 9.974826825782656670e-04 9.090843610465526581e-03 1.355062890797853470e-02 1.492110174149274826e-02 2.088200114667415619e-02 2.609631791710853577e-02 6.301107816398143768e-03 1.845267415046691895e-02 2.191186510026454926e-02 1.588741503655910492e-02 2.790194191038608551e-02 3.015038964804261923e-04 2.530860342085361481e-02 1.420079451054334641e-02 3.528203349560499191e-03 7.332152221351861954e-03 1.844950392842292786e-02 2.037694491446018219e-02 2.553514437749981880e-03 5.082759074866771698e-03
3.034508042037487030e-02 2.676053531467914581e-02 6.080927327275276184e-03 3.428654745221138000e-02 2.869446761906147003e-02 4.294726252555847168e-02 2.717649005353450775e-02 1.659036614000797272e-02 4.224151372909545898e-02 1.087827980518341064e-02 2.042828314006328583e-02 8.474850654602050781e-01 1.248531416058540344e-02 6.221313029527664185e-02 3.093045204877853394e-02 3.061784431338310242e-02 2.571172825992107391e-02 2.156865783035755157e-02 1.080988068133592606e-02 2.246344648301601410e-02 1.546666771173477173e-02 1.230877824127674103e-02 3.877300024032592773e-02 2.974145114421844482e-02 1.545377913862466812e-02 1.835566386580467224e-02 3.196365898475050926e-03 6.322585046291351318e-02 1.485781930387020111e-02 5.605158209800720215e-02 1.123721804469823837e-02 1.637493260204792023e-02 5.190151277929544449e-03 3.097172593697905540e-03 4.322340246289968491e-03 2.210656367242336273e-02 1.285156235098838806e-02 1.853394205681979656e-04 2.485443465411663055e-02 2.103981189429759979e-02 9.617195464670658112e-04 2.578235417604446411e-02 2.314580976963043213e-02 1.079414226114749908e-02 3.657235950231552124e-02 1.716388016939163208e-02 1.768389344215393066e-02 8.287637494504451752e-03 1.461282186210155487e-02 9.864828549325466156e-03 2.470545098185539246e-02 2.201716974377632141e-02 1.495814789086580276e-02 9.533093310892581940e-03 1.939638704061508179e-02 7.288365159183740616e-04 2.414714917540550232e-02 1.730137318372726440e-02 1.651677861809730530e-02 1.524669397622346878e-02 1.181498914957046509e-02 3.470537019893527031e-03 5.345641169697046280e-03 2.064738608896732330e-02 5.083398893475532532e-03 1.752753392793238163e-03 1.707448251545429230e-02 1.581777073442935944e-02 3.078312799334526062e-02 2.870201715268194675e-04 1.980507560074329376e-02 4.887525574304163456e-04 4.020209982991218567e-02 7.651816122233867645e-03 2.643936499953269958e-02 3.790203481912612915e-03 3.825734555721282959e-02 2.420723997056484222e-02 3.289524465799331665e-02 1.131155900657176971e-02 1.597965508699417114e-02 1.263394020497798920e-02 2.126242965459823608e-02 3.268005384597927332e-04 2.291104197502136230e-02 1.373798865824937820e-02 2.385922893881797791e-02 2.542760409414768219e-02 4.639138281345367432e-02 2.952610887587070465e-02 5.321187898516654968e-03 6.559651810675859451e-03 4.317721759434789419e-04 5.954405292868614197e-03 1.257310900837182999e-02 1.815891824662685394e-03 6.947560235857963562e-03 1.177902240306138992e-02 1.561843510717153549e-02 1.049582101404666901e-02 8.714005351066589355e-03 4.441475030034780502e-03 7.723688613623380661e-03 8.718193508684635162e-03 8.474997244775295258e-03 7.781687658280134201e-03 2.985464408993721008e-03 7.503250613808631897e-03 6.503835786134004593e-03 3.245108528062701225e-03 1.132192090153694153e-02 1.717054098844528198e-02 2.170311473309993744e-02 2.123861387372016907e-02 9.632712230086326599e-03 2.307813381776213646e-03
5.014993995428085327e-02 5.437983199954032898e-02 1.341974828392267227e-02 5.679043475538492203e-03 3.403831273317337036e-03 3.982468694448471069e-02 4.908718913793563843e-02 3.681254386901855469e-02 3.123297588899731636e-03 1.027722284197807312e-02 5.690225586295127869e-02 1.248531416058540344e-02 8.474850654602050781e-01 2.252175845205783844e-02 3.971725702285766602e-02 1.628315821290016174e-02 1.203349325805902481e-02 1.199224404990673065e-02 1.543723978102207184e-02 2.128100395202636719e-02 2.122926712036132812e-02 4.287208989262580872e-02 1.706906221807003021e-02 1.748003065586090088e-02 2.303252182900905609e-02 1.897882856428623199e-02 1.537537015974521637e-02 3.398134373128414154e-03 2.560509368777275085e-02 7.048251572996377945e-03 3.183478116989135742e-02 2.362290211021900177e-02 1.134807895869016647e-02 2.854648418724536896e-02 1.065972913056612015e-02 3.173366561532020569e-02 3.688238188624382019e-02 1.385971810668706894e-02 2.151574566960334778e-02 1.472707279026508331e-02 1.594465970993041992e-02 2.049700729548931122e-02 2.447571046650409698e-02 9.051874279975891113e-03 1.468924246728420258e-02 2.158271335065364838e-02 4.335866868495941162e-02 4.577077925205230713e-02 2.931477501988410950e-03 1.053745206445455551e-02 6.553171668201684952e-03 1.221207622438669205e-02 1.983599737286567688e-02 2.140837162733078003e-02 1.155221107183024287e-04 9.486781433224678040e-03 5.436808336526155472e-03 1.516348309814929962e-02 1.202684454619884491e-02 1.982611976563930511e-02 2.034396864473819733e-03 8.436575299128890038e-04 4.760402254760265350e-03 5.010977853089570999e-03 2.405358850955963135e-02 3.448456898331642151e-02 1.965466700494289398e-02 2.508604899048805237e-02 1.500193146057426929e-03 1.076579373329877853e-02 5.828616209328174591e-03 1.731365919113159180e-03 7.851945236325263977e-03 1.937067694962024689e-02 5.260185338556766510e-03 7.788483053445816040e-03 1.059020403772592545e-03 1.226447708904743195e-02 7.051590364426374435e-04 9.211737662553787231e-03 1.637936569750308990e-02 1.291704084724187851e-02 2.034282078966498375e-03 1.506220828741788864e-02 1.512445230036973953e-02 1.831080950796604156e-02 3.401223942637443542e-02 3.864601999521255493e-02 7.523561362177133560e-03 1.452798116952180862e-02 2.451727166771888733e-02 2.883338555693626404e-02 3.577005863189697266e-02 3.075370751321315765e-02 1.216945797204971313e-02 1.958704739809036255e-02 3.958500456064939499e-03 6.570482626557350159e-03 1.380428392440080643e-02 1.411461737006902695e-02 1.831306144595146179e-02 2.403419464826583862e-02 4.948259796947240829e-03 1.959077268838882446e-02 1.907568052411079407e-02 1.016858685761690140e-02 2.499694563448429108e-02 6.442998710554093122e-05 1.631289161741733551e-02 1.864056661725044250e-02 1.119695371016860008e-03 4.476055968552827835e-03 2.073579095304012299e-02 1.857473887503147125e-02 6.630786694586277008e-03 8.274237625300884247e-03
