8.658062219619750977e-01 5.091541260480880737e-02 2.303400775417685509e-03 9.056605398654937744e-03 1.914242515340447426e-03 4.855972155928611755e-02 3.731965646147727966e-02 1.426036842167377472e-02 1.154638826847076416e-02 4.780793562531471252e-03 5.107707902789115906e-02 1.878506876528263092e-02 4.243335872888565063e-02 1.459900569170713425e-02 2.219943888485431671e-02 3.009189851582050323e-02 3.234395757317543030e-02 3.756811143830418587e-03 4.807587247341871262e-03 2.357127331197261810e-02 2.524131909012794495e-02 4.447866231203079224e-02 2.225317619740962982e-02 1.535598654299974442e-02 2.384531311690807343e-02 1.820832304656505585e-02 2.442977204918861389e-02 3.034567460417747498e-02 2.257859334349632263e-02 3.221048787236213684e-02 3.583466401323676109e-03 1.967768929898738861e-02 1.775822043418884277e-02 1.578153297305107117e-02 1.265585143119096756e-02 1.431530993431806564e-02 8.143537561409175396e-04 1.317479275166988373e-02 1.441157050430774689e-02 1.109114009886980057e-02 8.471370674669742584e-03 6.902825552970170975e-03 5.013243760913610458e-03 1.617424562573432922e-02 9.668394923210144043e-03 9.049758315086364746e-03 4.418256133794784546e-02 2.446587011218070984e-02 1.372886914759874344e-02 5.230220500379800797e-03 1.389395724982023239e-02 1.055970694869756699e-02 1.732041314244270325e-02 1.051884610205888748e-02 5.576864816248416901e-03 4.566583316773176193e-03 1.886356808245182037e-02 5.851384717971086502e-03 1.127384230494499207e-02 1.762139797210693359e-02 1.230675633996725082e-02 5.837243981659412384e-03 1.057775691151618958e-02 5.879545584321022034e-03 2.731798030436038971e-02 2.028170228004455566e-02 1.616591028869152069e-02 2.735697850584983826e-02 2.257735468447208405e-02 1.480970066040754318e-02 1.653897948563098907e-02 5.449725780636072159e-03 2.631762251257896423e-02 1.508848648518323898e-02 2.520660869777202606e-02 5.118788685649633408e-03 2.555240131914615631e-02 9.092514403164386749e-03 1.944863609969615936e-02 1.433471217751502991e-02 1.221306435763835907e-02 1.363077852874994278e-02 8.026317693293094635e-03 6.099296733736991882e-03 5.453007761389017105e-03 8.078328333795070648e-03 1.446973904967308044e-02 1.911412551999092102e-02 1.467252708971500397e-02 2.793442690744996071e-04 3.287715092301368713e-02 3.315869718790054321e-02 1.927651651203632355e-02 2.606468088924884796e-02 1.687816344201564789e-02 2.155760070309042931e-03 1.644175499677658081e-03 1.133967004716396332e-02 2.098007872700691223e-02 1.417669747024774551e-02 1.378000900149345398e-02 1.471653487533330917e-02 6.896705832332372665e-03 1.856329478323459625e-02 3.615645226091146469e-03 4.493097309023141861e-03 7.030626293271780014e-03 3.780859522521495819e-03 2.714483439922332764e-02 4.143127240240573883e-03 1.732852496206760406e-02 2.702982537448406219e-02 1.261873054318130016e-03 1.103252824395895004e-02 1.599175110459327698e-02 1.231015194207429886e-02
5.091541260480880737e-02 8.658062219619750977e-01 6.514395587146282196e-03 1.311868056654930115e-02 9.879355318844318390e-03 4.405482858419418335e-02 3.902134299278259277e-02 1.034189388155937195e-02 1.236920803785324097e-02 9.779045358300209045e-03 4.874124750494956970e-02 1.801058650016784668e-02 4.700314626097679138e-02 1.481824181973934174e-02 2.703376486897468567e-02 2.405636385083198547e-02 2.477579191327095032e-02 1.043672673404216766e-03 8.741947822272777557e-03 2.252899296581745148e-02 2.584826946258544922e-02 4.145582020282745361e-02 2.265792898833751678e-02 1.819358207285404205e-02 2.200449258089065552e-02 1.880832575261592865e-02 2.212464623153209686e-02 2.419438213109970093e-02 2.593949437141418457e-02 2.817615866661071777e-02 1.372427958995103836e-02 2.229546569287776947e-02 2.563719637691974640e-02 2.069328725337982178e-02 1.714716292917728424e-02 1.905800215899944305e-02 8.770911023020744324e-03 1.911009289324283600e-02 1.555719785392284393e-02 1.688857562839984894e-02 9.263073094189167023e-03 1.160579361021518707e-02 1.248406432569026947e-02 1.257540751248598099e-02 2.829792501870542765e-04 8.092431817203760147e-04 4.176905751228332520e-02 3.122713416814804077e-02 1.740036718547344208e-02 1.321473531424999237e-02 1.653423905372619629e-02 1.613452844321727753e-02 1.936552859842777252e-02 1.187860686331987381e-02 3.401877358555793762e-03 7.678940426558256149e-03 2.016828767955303192e-02 1.067881193011999130e-02 1.283457316458225250e-02 1.683338545262813568e-02 1.419007685035467148e-02 1.367454603314399719e-02 1.530200056731700897e-02 1.084448210895061493e-02 3.123087808489799500e-02 2.810657396912574768e-02 1.716045662760734558e-02 2.758406661450862885e-02 2.005053497850894928e-02 1.750833913683891296e-02 1.500883325934410095e-02 9.451944380998611450e-03 2.126398310065269470e-02 1.660720631480216980e-02 2.016043290495872498e-02 6.238191854208707809e-03 2.086129784584045410e-02 9.284446015954017639e-03 1.043323520570993423e-02 3.417558502405881882e-03 4.896230995655059814e-03 1.910530030727386475e-02 5.601727403700351715e-03 1.266400236636400223e-02 1.007913495413959026e-03 6.992593407630920410e-04 1.996648125350475311e-02 2.354186587035655975e-02 5.075655411928892136e-03 4.990559071302413940e-03 3.689039126038551331e-02 3.589285537600517273e-02 2.664949186146259308e-02 2.886641770601272583e-02 1.961453631520271301e-02 9.148089215159416199e-03 8.383336476981639862e-03 8.637197315692901611e-03 2.101149223744869232e-02 1.876609772443771362e-02 1.387740485370159149e-02 1.835184544324874878e-02 1.115747448056936264e-02 1.583554036915302277e-02 1.935064326971769333e-03 1.180188544094562531e-02 1.398853585124015808e-02 5.238669458776712418e-03 2.527911961078643799e-02 8.226963691413402557e-03 1.719041727483272552e-02 2.480317093431949615e-02 6.511582527309656143e-03 1.594107411801815033e-02 9.733444079756736755e-03 1.632234826683998108e-02
2.303400775417685509e-03 6.514395587146282196e-03 8.658062219619750977e-01 1.969711389392614365e-03 4.679463338106870651e-03 5.273718386888504028e-03 2.014643047004938126e-03 6.466581672430038452e-02 8.536839857697486877e-03 4.680361598730087280e-03 2.340851118788123131e-03 6.279060151427984238e-03 6.738584954291582108e-03 3.968930803239345551e-03 1.266641775146126747e-03 2.825434086844325066e-03 3.008474828675389290e-03 8.236247114837169647e-03 2.209883928298950195e-02 2.315288595855236053e-02 5.266299936920404434e-03 4.797904402948915958e-04 2.429583808407187462e-03 1.061638933606445789e-03 1.222108397632837296e-02 1.327167730778455734e-03 1.019425131380558014e-02 4.222400952130556107e-03 1.684001088142395020e-02 7.476059719920158386e-03 1.121224137023091316e-03 2.688090084120631218e-03 1.231739483773708344e-02 1.014928333461284637e-02 8.471860928693786263e-05 1.067837513983249664e-02 7.356600835919380188e-03 2.246096171438694000e-02 2.217080630362033844e-02 9.654748253524303436e-03 1.199804060161113739e-02 1.742049492895603180e-02 1.941276341676712036e-02 4.024941846728324890e-02 7.521320134401321411e-03 6.407608743757009506e-03 9.238579077646136284e-04 3.233704017475247383e-03 1.795157045125961304e-02 1.436355523765087128e-02 3.952859900891780853e-03 1.132811605930328369e-02 1.873562298715114594e-02 3.328733146190643311e-02 1.306236628443002701e-02 6.866782787255942822e-04 8.777520619332790375e-03 8.112381910905241966e-04 9.059046278707683086e-04 2.750945463776588440e-02 1.218984369188547134e-02 5.707316100597381592e-03 1.928598247468471527e-02 8.914172649383544922e-03 1.328207552433013916e-02 1.252794265747070312e-02 1.161520462483167648e-02 4.352299496531486511e-03 1.058159861713647842e-02 9.195039980113506317e-03 3.536923089995980263e-03 8.433808572590351105e-03 1.449241954833269119e-02 1.150512718595564365e-03 2.225390635430812836e-02 5.939923692494630814e-03 5.636435467749834061e-03 1.430088886991143227e-03 1.466673519462347031e-02 6.470008753240108490e-03 6.146395462565124035e-04 1.754846982657909393e-02 1.918944343924522400e-02 6.016566418111324310e-03 1.916872337460517883e-02 1.627482101321220398e-02 9.303728118538856506e-03 5.566695705056190491e-03 2.224301546812057495e-02 2.075155824422836304e-02 1.113244891166687012e-02 5.477179307490587234e-03 2.405117498710751534e-03 6.841400638222694397e-03 1.226053573191165924e-02 1.186950411647558212e-02 7.196670398116111755e-03 3.800743492320179939e-03 5.530416965484619141e-03 4.883209709078073502e-03 1.266579329967498779e-02 6.525109987705945969e-03 4.058298654854297638e-03 6.520699826069176197e-04 7.995769381523132324e-03 1.253872923552989960e-02 1.155583094805479050e-02 9.046545252203941345e-03 4.179375711828470230e-03 6.369243841618299484e-03 3.264153003692626953e-02 6.802128162235021591e-03 2.168231731047853827e-04 3.410396631807088852e-03 1.711821742355823517e-02 1.784700318239629269e-03
9.056605398654937744e-03 1.311868056654930115e-02 1.969711389392614365e-03 8.658062219619750977e-01 5.955262854695320129e-02 1.321461424231529236e-02 1.108847931027412415e-02 1.113414485007524490e-02 4.893826320767402649e-03 7.239916361868381500e-03 6.640258710831403732e-03 1.783926412463188171e-02 1.475280243903398514e-02 1.481350790709257126e-02 1.756534352898597717e-02 4.265158437192440033e-03 5.643772426992654800e-03 1.409089541994035244e-03 9.798845276236534119e-03 6.678339559584856033e-03 2.258850727230310440e-03 5.040691699832677841e-03 8.967960253357887268e-03 3.380340756848454475e-03 9.442135691642761230e-03 9.633812122046947479e-03 1.791968592442572117e-03 2.584487944841384888e-02 1.127751637250185013e-02 2.196777053177356720e-02 2.086736820638179779e-02 9.944373741745948792e-03 9.788975119590759277e-03 1.821159385144710541e-02 2.148121362552046776e-03 8.538030087947845459e-03 8.024015463888645172e-03 1.100080087780952454e-02 4.300826042890548706e-02 3.438754007220268250e-02 2.049317769706249237e-02 2.889599185436964035e-03 9.107111254706978798e-04 1.379949622787535191e-03 6.022321060299873352e-03 2.005095127969980240e-03 3.291870001703500748e-03 4.875410813838243484e-03 2.060030959546566010e-02 2.206422388553619385e-02 6.969700101763010025e-03 1.444421149790287018e-02 1.893795654177665710e-02 1.908255927264690399e-02 3.675431245937943459e-03 1.078211935237050056e-03 1.070565730333328247e-02 1.982678659260272980e-02 1.669620536267757416e-02 1.680105924606323242e-02 1.171697024255990982e-02 2.003072388470172882e-02 2.049021655693650246e-03 2.716363780200481415e-02 1.699398085474967957e-02 1.791416108608245850e-02 3.352225758135318756e-03 1.190683618187904358e-02 7.397059351205825806e-03 7.429785095155239105e-03 2.212442085146903992e-02 1.042151357978582382e-02 5.037394165992736816e-02 2.060312964022159576e-02 4.106041043996810913e-02 1.992338523268699646e-02 1.712015271186828613e-02 2.166618220508098602e-02 2.561429748311638832e-03 1.881159609183669090e-03 8.203585632145404816e-03 5.837472621351480484e-03 1.491337828338146210e-02 2.275760658085346222e-02 2.071033976972103119e-02 2.024069614708423615e-02 8.534347638487815857e-03 1.114298682659864426e-02 2.741489373147487640e-02 2.149419113993644714e-02 1.560216862708330154e-02 2.792166778817772865e-03 1.752834580838680267e-02 1.288105081766843796e-02 3.585516661405563354e-02 3.287726640701293945e-02 7.564757019281387329e-03 2.617744356393814087e-02 1.657553599216043949e-03 4.718768876045942307e-03 2.273697219789028168e-02 1.438114140182733536e-02 4.686366301029920578e-03 1.962953805923461914e-02 2.768987230956554413e-02 2.234035171568393707e-02 1.737045682966709137e-02 7.361732888966798782e-03 5.029946914874017239e-04 2.565284818410873413e-02 2.166583575308322906e-02 1.819325424730777740e-02 1.310806442052125931e-02 1.919397898018360138e-02 1.391804497689008713e-02 1.753041287884116173e-03
1.914242515340447426e-03 9.879355318844318390e-03 4.679463338106870651e-03 5.955262854695320129e-02 8.658062219619750977e-01 1.122078392654657364e-02 1.968223042786121368e-02 1.247223652899265289e-02 1.738713309168815613e-02 2.449548617005348206e-02 4.267191980034112930e-03 1.655804179608821869e-02 8.066787384450435638e-03 2.098457328975200653e-02 1.100289821624755859e-02 8.752656169235706329e-03 1.517293788492679596e-02 1.937424647621810436e-03 2.260861732065677643e-02 2.118410775437951088e-03 8.047227747738361359e-03 5.184112116694450378e-03 1.888686977326869965e-02 1.854019612073898315e-02 9.474686346948146820e-03 4.090750298928469419e-04 7.044473662972450256e-03 2.188379317522048950e-02 6.972471252083778381e-03 2.192118763923645020e-02 6.967726629227399826e-03 1.680067507550120354e-03 6.193385459482669830e-03 7.054129149764776230e-03 3.402710193768143654e-03 1.132425200194120407e-02 1.196645386517047882e-02 6.471772212535142899e-03 2.730090543627738953e-02 4.383350536227226257e-02 2.082672342658042908e-02 7.069170824252068996e-04 3.604872152209281921e-03 5.535227712243795395e-03 1.173500623553991318e-02 1.015064585953950882e-02 6.432307884097099304e-03 2.226273715496063232e-02 9.889575652778148651e-03 2.202751813456416130e-03 2.848738571628928185e-03 8.684459142386913300e-03 8.325350354425609112e-04 1.099487859755754471e-02 2.977297175675630569e-03 1.106571499258279800e-02 8.932037279009819031e-03 2.675863727927207947e-02 4.251536913216114044e-03 5.837003700435161591e-03 1.002469938248395920e-02 3.030559420585632324e-02 1.070176949724555016e-03 2.444136515259742737e-02 1.664316467940807343e-02 1.784874498844146729e-02 1.092634047381579876e-04 1.058808527886867523e-02 1.286342367529869080e-02 1.590571925044059753e-02 2.448099851608276367e-02 7.335526868700981140e-03 2.047236822545528412e-02 2.448729611933231354e-02 2.878811769187450409e-02 1.662908680737018585e-02 1.532422471791505814e-02 2.774066850543022156e-02 1.665310934185981750e-02 1.739892363548278809e-02 5.493319258675910532e-05 2.057891339063644409e-02 1.206962950527667999e-02 4.208964109420776367e-02 1.362725161015987396e-03 4.934462718665599823e-03 1.161824911832809448e-02 1.212532259523868561e-02 2.015374973416328430e-02 3.382242098450660706e-02 1.558233238756656647e-02 7.330009248107671738e-03 2.154116891324520111e-02 1.360403653234243393e-02 1.761111058294773102e-02 2.170133776962757111e-02 2.137227170169353485e-02 1.262049563229084015e-02 4.468576982617378235e-03 1.242061052471399307e-02 1.006317883729934692e-02 5.633033346384763718e-03 8.541293442249298096e-03 2.235633693635463715e-02 1.318156626075506210e-02 1.674165949225425720e-02 1.449716556817293167e-02 1.246860530227422714e-02 4.791090730577707291e-03 3.707532957196235657e-02 2.961636148393154144e-02 1.913106441497802734e-02 1.370196789503097534e-02 1.093784254044294357e-02 1.393141923472285271e-03 1.103291288018226624e-02
4.855972155928611755e-02 4.405482858419418335e-02 5.273718386888504028e-03 1.321461424231529236e-02 1.122078392654657364e-02 8.658062219619750977e-01 4.556718468666076660e-02 1.070232782512903214e-02 2.424868196249008179e-02 1.295425463467836380e-02 4.371138289570808411e-02 2.555848285555839539e-02 4.099493846297264099e-02 2.171043492853641510e-02 2.367036975920200348e-02 2.097467333078384399e-02 1.887414045631885529e-02 8.859422989189624786e-03 1.083111576735973358e-02 1.455274503678083420e-02 1.669421605765819550e-02 4.084638133645057678e-02 2.775789052248001099e-02 2.268338203430175781e-02 1.642272435128688812e-02 1.376206800341606140e-02 3.135469555854797363e-02 3.403628990054130554e-02 1.728498749434947968e-02 3.442014008760452271e-02 8.320187218487262726e-03 1.676563918590545654e-02 2.311665751039981842e-02 1.861732825636863708e-02 2.032241970300674438e-02 2.295776642858982086e-02 9.846942499279975891e-03 1.526351179927587509e-02 1.192750688642263412e-02 1.141002122312784195e-02 8.266771212220191956e-03 1.807740330696105957e-02 1.238268334418535233e-02 7.088698446750640869e-03 5.852377042174339294e-03 1.504436717368662357e-03 5.115677043795585632e-02 3.493385016918182373e-02 1.412616576999425888e-02 1.206939946860074997e-02 1.851960830390453339e-02 1.496260147541761398e-02 6.714497692883014679e-03 7.171572651714086533e-03 9.396535344421863556e-03 5.266992375254631042e-03 2.004742994904518127e-02 1.012312807142734528e-02 1.264479383826255798e-02 1.233256328850984573e-02 1.783560030162334442e-02 1.240957807749509811e-02 1.466576848179101944e-02 1.300583407282829285e-02 2.670413069427013397e-02 2.170232683420181274e-02 1.310747489333152771e-02 2.216940745711326599e-02 2.302397973835468292e-02 2.203297428786754608e-02 1.478981040418148041e-02 1.448999345302581787e-02 1.965114101767539978e-02 2.145630493760108948e-02 1.869407854974269867e-02 1.290721260011196136e-02 3.011907078325748444e-02 1.249683834612369537e-02 4.294607424526475370e-05 1.623346470296382904e-03 1.923881354741752148e-03 1.467581093311309814e-02 1.482982374727725983e-02 1.461078505963087082e-02 2.550421748310327530e-03 1.599651295691728592e-03 1.629563793540000916e-02 1.793075352907180786e-02 2.257919870316982269e-02 1.162838749587535858e-02 3.422860801219940186e-02 3.476038575172424316e-02 2.357449010014533997e-02 2.661474235355854034e-02 1.184338051825761795e-02 1.111118705011904240e-03 1.035354472696781158e-02 1.424788963049650192e-02 2.590747177600860596e-02 2.214487269520759583e-02 1.204682607203722000e-02 1.429135538637638092e-02 1.303246337920427322e-02 2.078006230294704437e-02 6.320062093436717987e-03 1.751069561578333378e-03 1.102607045322656631e-02 1.475459430366754532e-03 1.719191670417785645e-02 4.614382982254028320e-03 1.386373210698366165e-02 2.478462457656860352e-02 8.179999887943267822e-03 1.194497756659984589e-02 1.281392015516757965e-02 1.838646829128265381e-02
3.731965646147727966e-02 3.902134299278259277e-02 2.014643047004938126e-03 1.108847931027412415e-02 1.968223042786121368e-02 4.556718468666076660e-02 8.658062219619750977e-01 1.100743934512138367e-02 2.746286988258361816e-02 2.402175962924957275e-02 3.832482174038887024e-02 2.420229837298393250e-02 3.692343086004257202e-02 2.682016603648662567e-02 2.424618415534496307e-02 2.044010721147060394e-02 2.155007235705852509e-02 2.198497531935572624e-03 1.942027360200881958e-02 1.559923123568296432e-02 1.348008587956428528e-02 3.341902419924736023e-02 2.945273928344249725e-02 2.927765995264053345e-02 1.623876951634883881e-02 1.575228571891784668e-02 2.882842905819416046e-02 2.741402015089988708e-02 1.601871289312839508e-02 3.213522583246231079e-02 9.641567012295126915e-04 2.029812335968017578e-02 2.086716704070568085e-02 2.017151936888694763e-02 1.809707283973693848e-02 2.439957298338413239e-02 1.635577902197837830e-02 1.660834066569805145e-02 1.206641085445880890e-02 1.651691086590290070e-02 8.975824341177940369e-03 1.785980351269245148e-02 1.674212887883186340e-02 5.712307989597320557e-03 1.422112900763750076e-02 1.209581363946199417e-02 4.688081890344619751e-02 4.318184033036231995e-02 1.395284198224544525e-02 2.099881134927272797e-02 2.014479599893093109e-02 1.656163111329078674e-02 3.632616484537720680e-03 1.094861701130867004e-02 9.032204980030655861e-04 1.058180071413516998e-02 1.470071449875831604e-02 1.486224029213190079e-02 1.343408785760402679e-02 1.524263899773359299e-02 1.017621718347072601e-02 1.390313543379306793e-02 8.660158142447471619e-03 1.235969457775354385e-02 2.770209498703479767e-02 2.228402532637119293e-02 1.323900930583477020e-02 1.982876844704151154e-02 2.021831832826137543e-02 2.792085334658622742e-02 1.935073733329772949e-02 1.496176421642303467e-02 9.500214830040931702e-03 2.666560374200344086e-02 1.388369128108024597e-02 6.221608724445104599e-03 2.288323454558849335e-02 2.145536057651042938e-02 9.553513489663600922e-03 1.190601568669080734e-02 1.963364891707897186e-03 1.549290306866168976e-02 1.276270113885402679e-02 2.335254102945327759e-02 7.572636939585208893e-03 8.895343169569969177e-03 1.689179800450801849e-02 2.171347476541996002e-02 1.158705353736877441e-02 2.289675921201705933e-02 3.464287519454956055e-02 3.356811404228210449e-02 3.029086440801620483e-02 2.849373780190944672e-02 1.069507934153079987e-02 1.553984126076102257e-03 2.175958640873432159e-02 7.595038041472434998e-03 2.628116682171821594e-02 2.640379779040813446e-02 9.086430072784423828e-03 1.464620046317577362e-02 2.254267968237400055e-02 2.390015497803688049e-02 6.412368733435869217e-03 5.919142626225948334e-03 1.162026729434728622e-02 5.499975755810737610e-03 1.631048135459423065e-02 1.430332288146018982e-02 1.348772738128900528e-02 1.963486336171627045e-02 1.230729185044765472e-02 1.295209117233753204e-02 1.494594290852546692e-02 2.245550788938999176e-02
1.426036842167377472e-02 1.034189388155937195e-02 6.466581672430038452e-02 1.113414485007524490e-02 1.247223652899265289e-02 1.070232782512903214e-02 1.100743934512138367e-02 8.658062219619750977e-01 1.609160378575325012e-02 3.844808088615536690e-03 1.828652620315551758e-02 8.956633508205413818e-03 6.215672940015792847e-03 2.969672437757253647e-03 8.639511652290821075e-03 1.699996739625930786e-02 2.889846637845039368e-02 7.529346272349357605e-03 1.623136922717094421e-02 4.552333150058984756e-03 5.823124665766954422e-03 1.083243917673826218e-02 9.849624708294868469e-03 8.446960709989070892e-03 3.753145225346088409e-03 1.220844220370054245e-02 8.813424967229366302e-03 1.434857025742530823e-02 1.312944479286670685e-02 7.418498862534761429e-03 1.467256061732769012e-02 8.389229886233806610e-03 6.163429468870162964e-03 9.260729711968451738e-05 4.608621820807456970e-03 2.418510988354682922e-02 1.914925314486026764e-02 2.411604393273591995e-03 1.464123371988534927e-02 2.214386127889156342e-02 1.773675158619880676e-02 7.017542142421007156e-03 9.904624312184751034e-05 4.636001214385032654e-02 1.265405025333166122e-02 6.069626193493604660e-03 9.872982278466224670e-03 1.836884068325161934e-03 1.134154573082923889e-02 1.661801524460315704e-02 8.475626818835735321e-03 6.062976084649562836e-03 1.909946650266647339e-02 9.126295335590839386e-03 2.264525182545185089e-02 1.016875170171260834e-02 1.108151674270629883e-02 2.357567474246025085e-02 1.737805083394050598e-02 1.074841711670160294e-02 2.130938880145549774e-02 4.259182605892419815e-03 7.909346371889114380e-03 1.460518315434455872e-02 1.488269073888659477e-03 1.412310078740119934e-02 7.239573635160923004e-03 5.957990069873631001e-04 2.688597142696380615e-02 1.168667431920766830e-02 2.155700884759426117e-02 1.505331136286258698e-02 1.395990699529647827e-02 1.126495655626058578e-02 4.440140444785356522e-03 1.312399515882134438e-03 2.055476047098636627e-02 1.008377503603696823e-02 1.234105974435806274e-02 1.880070380866527557e-02 4.388362541794776917e-02 7.430838886648416519e-03 4.172324668616056442e-03 2.358194440603256226e-03 1.304564252495765686e-02 1.501346379518508911e-02 1.493305899202823639e-02 3.016436530742794275e-04 5.261190235614776611e-04 8.913336321711540222e-03 3.208356676623225212e-03 6.336383987218141556e-03 3.537205513566732407e-03 4.665608052164316177e-03 1.215300615876913071e-02 5.682514747604727745e-04 3.823477774858474731e-03 1.963550923392176628e-03 8.170108310878276825e-03 2.795264124870300293e-03 7.542720995843410492e-03 8.207292994484305382e-04 6.132969167083501816e-03 2.007051929831504822e-02 3.351960098370909691e-03 6.095375865697860718e-03 2.710766717791557312e-02 1.030716951936483383e-02 8.167773485183715820e-03 4.391844850033521652e-03 2.527184598147869110e-02 5.068498663604259491e-03 1.326846797019243240e-02 7.009145920164883137e-04 1.321715489029884338e-02 3.541499376296997070e-03
1.154638826847076416e-02 1.236920803785324097e-02 8.536839857697486877e-03 4.893826320767402649e-03 1.738713309168815613e-02 2.424868196249008179e-02 2.746286988258361816e-02 1.609160378575325012e-02 8.658062219619750977e-01 2.865263633430004120e-02 1.042867172509431839e-02 3.373350203037261963e-02 1.282230671495199203e-02 3.232552483677864075e-02 1.198709663003683090e-02 2.921791933476924896e-02 1.701388321816921234e-02 2.664363756775856018e-02 5.976999644190073013e-03 3.040346491616219282e-04 7.141172885894775391e-03 4.577470477670431137e-03 3.422287851572036743e-02 2.914114110171794891e-02 2.382709411904215813e-03 1.141892001032829285e-02 4.685929045081138611e-03 2.988556027412414551e-02 1.734040793962776661e-03 2.482837252318859100e-02 1.117708534002304077e-02 1.259082835167646408e-02 8.982821367681026459e-03 1.456550136208534241e-02 1.657729037106037140e-02 2.338502369821071625e-02 2.199952118098735809e-02 1.214596442878246307e-03 7.358475122600793839e-03 1.067920401692390442e-02 1.688013039529323578e-02 2.541632391512393951e-02 1.743439026176929474e-02 1.409689057618379593e-02 3.026899136602878571e-02 2.218731492757797241e-02 2.934190817177295685e-02 2.819131128489971161e-02 1.638109609484672546e-02 9.575741365551948547e-03 1.304567512124776840e-02 8.324373513460159302e-03 2.396453870460391045e-03 7.342344033531844616e-04 1.947744004428386688e-02 6.116834469139575958e-03 1.578621193766593933e-02 1.359359826892614365e-02 1.859255135059356689e-02 1.023913174867630005e-02 1.387728098779916763e-02 5.843813531100749969e-03 1.393070816993713379e-02 1.327840425074100494e-02 1.533236075192689896e-02 5.206631496548652649e-03 5.497518926858901978e-03 4.452151712030172348e-03 3.598108142614364624e-02 1.977362483739852905e-02 2.372297458350658417e-02 1.493858546018600464e-02 2.905035158619284630e-03 2.110997773706912994e-02 5.965040065348148346e-03 2.569788880646228790e-02 4.767822846770286560e-02 3.119608387351036072e-02 4.035935923457145691e-02 1.794721931219100952e-02 1.679351553320884705e-03 4.534320905804634094e-03 2.631251513957977295e-02 2.142864465713500977e-02 2.370986342430114746e-02 1.259863842278718948e-02 7.982322014868259430e-03 1.434951927512884140e-02 2.852108143270015717e-02 2.009477838873863220e-02 2.347004972398281097e-02 9.781052358448505402e-03 2.553294971585273743e-02 1.052105892449617386e-02 1.472114678472280502e-02 8.163663558661937714e-03 1.031963899731636047e-02 2.537436969578266144e-02 2.747195959091186523e-02 1.806126721203327179e-02 8.205149322748184204e-03 1.053700502961874008e-02 8.603828959167003632e-03 2.904789708554744720e-02 9.744028560817241669e-03 7.249408867210149765e-03 1.936772465705871582e-02 1.786951720714569092e-02 7.324771024286746979e-03 1.628313027322292328e-02 1.680969074368476868e-02 2.954961918294429779e-02 1.184267457574605942e-02 1.402157079428434372e-02 5.572149064391851425e-03 3.327999264001846313e-02
4.780793562531471252e-03 9.779045358300209045e-03 4.680361598730087280e-03 7.239916361868381500e-03 2.449548617005348206e-02 1.295425463467836380e-02 2.402175962924957275e-02 3.844808088615536690e-03 2.865263633430004120e-02 8.658062219619750977e-01 7.459307555109262466e-03 1.793221756815910339e-02 9.071527980268001556e-03 2.703299000859260559e-02 1.635944843292236328e-02 1.670163683593273163e-02 2.258402295410633087e-02 4.028870025649666786e-04 3.055842593312263489e-02 1.068106200546026230e-02 1.097247377038002014e-02 6.621776148676872253e-03 2.352631464600563049e-02 3.440890461206436157e-02 5.595904774963855743e-03 2.102357335388660431e-02 1.832020282745361328e-02 1.576554775238037109e-02 4.549820907413959503e-03 2.304613590240478516e-02 6.431282381527125835e-04 2.091185562312602997e-02 1.112023554742336273e-02 2.812379412353038788e-02 1.485443580895662308e-02 1.444162800908088684e-02 2.876596711575984955e-02 6.765837315469980240e-03 7.015444338321685791e-03 2.268534712493419647e-02 2.080899104475975037e-02 1.819184049963951111e-02 2.562336064875125885e-02 1.159820333123207092e-02 2.565523795783519745e-02 2.269134297966957092e-02 1.179253216832876205e-02 2.461463399231433868e-02 1.724354736506938934e-02 3.771365806460380554e-02 1.415009517222642899e-02 1.778296008706092834e-02 1.853474299423396587e-03 1.528544723987579346e-02 3.558249212801456451e-03 3.258649632334709167e-02 4.578467458486557007e-03 2.566689997911453247e-02 9.880626574158668518e-03 1.602996885776519775e-02 3.535134717822074890e-03 2.600404247641563416e-02 1.811022870242595673e-03 1.571188494563102722e-02 1.371899433434009552e-02 7.957970723509788513e-03 1.019051112234592438e-02 1.496112719178199768e-02 1.794834062457084656e-02 3.195957466959953308e-02 3.098471090197563171e-02 1.519270800054073334e-02 3.191912255715578794e-04 3.339815139770507812e-02 1.203784812241792679e-02 5.264368373900651932e-03 1.267813891172409058e-02 4.155870154500007629e-02 3.848763182759284973e-02 3.872720152139663696e-02 9.060961194336414337e-03 1.186191011220216751e-02 6.148603744804859161e-03 3.475731983780860901e-02 2.384776808321475983e-02 3.525228798389434814e-02 1.737743243575096130e-02 1.856139115989208221e-02 7.157677784562110901e-03 3.796974942088127136e-02 1.054736226797103882e-02 1.844397746026515961e-02 2.591763064265251160e-02 1.544907130300998688e-02 9.387516416609287262e-03 2.104920893907546997e-02 3.352928906679153442e-02 4.416882991790771484e-03 2.757011353969573975e-02 2.888215333223342896e-02 1.335844118148088455e-02 2.042251266539096832e-02 2.333667129278182983e-02 1.971450448036193848e-02 5.165894981473684311e-03 1.753387413918972015e-02 1.743768155574798584e-02 1.720680855214595795e-02 1.646963693201541901e-02 2.864813432097434998e-02 2.441606856882572174e-02 1.713774725794792175e-02 2.595666237175464630e-02 2.229810319840908051e-02 7.006873376667499542e-03 1.589703187346458435e-02
5.107707902789115906e-02 4.874124750494956970e-02 2.340851118788123131e-03 6.640258710831403732e-03 4.267191980034112930e-03 4.371138289570808411e-02 3.832482174038887024e-02 1.828652620315551758e-02 1.042867172509431839e-02 7.459307555109262466e-03 8.658062219619750977e-01 1.501149497926235199e-02 4.580031707882881165e-02 1.024851948022842407e-02 2.415036223828792572e-02 2.526609785854816437e-02 2.867502719163894653e-02 3.536452306434512138e-03 1.030653901398181915e-02 2.143473736941814423e-02 2.836534939706325531e-02 4.334142804145812988e-02 2.173419110476970673e-02 1.772098429501056671e-02 1.874671876430511475e-02 1.805159635841846466e-02 2.901582792401313782e-02 2.361532114446163177e-02 3.170295059680938721e-02 2.601208910346031189e-02 8.825975470244884491e-03 2.626659721136093140e-02 2.176539786159992218e-02 2.288798429071903229e-02 1.962812058627605438e-02 1.306590903550386429e-02 1.249800436198711395e-03 2.291946858167648315e-02 1.008968707174062729e-02 1.490317191928625107e-02 6.299940869212150574e-03 6.390245165675878525e-03 8.372560143470764160e-03 1.262764446437358856e-02 8.113421499729156494e-03 6.941370666027069092e-03 4.332322627305984497e-02 3.140269592404365540e-02 1.337374933063983917e-02 1.635191962122917175e-02 1.796053163707256317e-02 1.383392792195081711e-02 7.867426611483097076e-03 5.167134106159210205e-03 8.495110087096691132e-03 1.208232436329126358e-02 1.638751477003097534e-02 7.868051528930664062e-03 5.290077999234199524e-03 1.147552672773599625e-02 2.067208662629127502e-02 1.318920496851205826e-02 9.584308601915836334e-03 1.237789820879697800e-02 3.123837709426879883e-02 2.679258212447166443e-02 1.352418959140777588e-02 2.902195975184440613e-02 2.624795958399772644e-02 2.160440571606159210e-02 1.867459341883659363e-02 1.471615023910999298e-02 1.724666357040405273e-02 1.701600477099418640e-02 1.873013749718666077e-02 9.025040082633495331e-03 2.271492965519428253e-02 5.181088112294673920e-03 1.742291077971458435e-02 1.106777042150497437e-02 9.167418815195560455e-03 1.492975372821092606e-02 1.188564673066139221e-02 1.484690699726343155e-02 7.766837254166603088e-03 3.881793469190597534e-03 1.709150522947311401e-02 2.087316475808620453e-02 4.742048215121030807e-03 1.219919417053461075e-03 3.636860847473144531e-02 4.030719771981239319e-02 2.209560573101043701e-02 3.388654440641403198e-02 1.735652238130569458e-02 9.007287211716175079e-03 9.366389364004135132e-03 7.764886133372783661e-03 2.411174401640892029e-02 1.997138187289237976e-02 1.554176770150661469e-02 1.772691868245601654e-02 1.522500533610582352e-02 1.709589362144470215e-02 2.531035570427775383e-03 5.778730846941471100e-03 9.703659452497959137e-03 4.561178851872682571e-03 2.637147344648838043e-02 1.266503822989761829e-03 5.065266508609056473e-03 2.280860021710395813e-02 1.666346914134919643e-03 8.132210001349449158e-03 1.214227173477411270e-02 1.803113520145416260e-02
1.878506876528263092e-02 1.801058650016784668e-02 6.279060151427984238e-03 1.783926412463188171e-02 1.655804179608821869e-02 2.555848285555839539e-02 2.420229837298393250e-02 8.956633508205413818e-03 3.373350203037261963e-02 1.793221756815910339e-02 1.501149497926235199e-02 8.658062219619750977e-01 1.401429716497659683e-02 4.271172359585762024e-02 2.394730411469936371e-02 2.121960371732711792e-02 1.918035186827182770e-02 1.400749199092388153e-02 8.352679200470447540e-03 1.061269268393516541e-02 1.420066598802804947e-02 1.428822334855794907e-02 3.266328945755958557e-02 2.342447638511657715e-02 1.142979972064495087e-02 1.356282737106084824e-02 3.226248547434806824e-03 4.365947470068931580e-02 6.433619186282157898e-03 3.901370242238044739e-02 7.676614448428153992e-03 5.234221927821636200e-03 1.395268086344003677e-02 5.210961215198040009e-03 2.087235264480113983e-02 2.869178354740142822e-02 2.465255558490753174e-02 3.210699185729026794e-03 2.330281957983970642e-02 1.905610784888267517e-02 2.101120725274085999e-02 1.917356811463832855e-02 8.616941049695014954e-03 1.018811250105500221e-03 1.987995579838752747e-02 1.103275455534458160e-02 1.612002588808536530e-02 1.855136267840862274e-02 3.198206424713134766e-03 2.008085371926426888e-03 2.655598893761634827e-02 2.510720305144786835e-02 2.160785533487796783e-02 1.526569668203592300e-02 6.045298650860786438e-03 9.986812248826026917e-03 2.552101574838161469e-02 2.469860389828681946e-02 2.981688827276229858e-02 2.255785092711448669e-02 9.762804955244064331e-03 1.075668260455131531e-02 1.896835863590240479e-02 2.498362213373184204e-02 2.242544479668140411e-02 5.359940230846405029e-03 1.485823746770620346e-02 7.805798202753067017e-03 2.364003099501132965e-02 2.464803121984004974e-02 2.935700491070747375e-02 1.188648119568824768e-02 2.416883595287799835e-02 2.659861557185649872e-02 2.499943599104881287e-02 2.609392628073692322e-02 3.657751157879829407e-02 3.316989913582801819e-02 8.065034635365009308e-03 5.667801015079021454e-03 2.034183777868747711e-02 2.099692262709140778e-02 1.448177732527256012e-02 1.631904765963554382e-02 5.368427373468875885e-03 4.635069519281387329e-03 2.503691799938678741e-02 2.601776085793972015e-02 3.651304170489311218e-02 2.651263028383255005e-02 1.177051197737455368e-02 1.555442530661821365e-02 1.940524391829967499e-02 1.289121154695749283e-02 2.144170179963111877e-02 1.575457677245140076e-02 8.049281314015388489e-03 2.978669852018356323e-02 2.518348582088947296e-02 1.764709316194057465e-02 1.908821798861026764e-02 1.768318377435207367e-02 9.113054722547531128e-03 2.754505909979343414e-02 7.834363728761672974e-03 1.045068167150020599e-02 2.688387967646121979e-02 1.284823939204216003e-02 1.174731738865375519e-02 1.895802654325962067e-02 2.385352365672588348e-02 2.710164897143840790e-02 1.777635142207145691e-02 2.106009051203727722e-02 3.402381669729948044e-03 2.818665467202663422e-02
4.243335872888565063e-02 4.700314626097679138e-02 6.738584954291582108e-03 1.475280243903398514e-02 8.066787384450435638e-03 4.099493846297264099e-02 3.692343086004257202e-02 6.215672940015792847e-03 1.282230671495199203e-02 9.071527980268001556e-03 4.580031707882881165e-02 1.401429716497659683e-02 8.658062219619750977e-01 1.275092456489801407e-02 2.906903065741062164e-02 1.572077721357345581e-02 1.393416244536638260e-02 1.811160356737673283e-03 1.215563807636499405e-02 1.949243620038032532e-02 2.645413763821125031e-02 4.135780408978462219e-02 2.052165567874908447e-02 1.829943619668483734e-02 2.146924659609794617e-02 1.715888641774654388e-02 3.189820423722267151e-02 1.788300275802612305e-02 2.018338628113269806e-02 2.293395251035690308e-02 2.396206371486186981e-02 2.211211994290351868e-02 2.598068304359912872e-02 2.007073536515235901e-02 1.842248998582363129e-02 2.071337029337882996e-02 1.157972309738397598e-02 2.685978077352046967e-02 1.573519408702850342e-02 1.344901230186223984e-02 5.870724562555551529e-03 1.718676649034023285e-02 1.848828978836536407e-02 8.344754576683044434e-03 8.185720071196556091e-03 9.310385212302207947e-03 4.481662064790725708e-02 3.221753612160682678e-02 1.501518022269010544e-02 1.034813467413187027e-02 2.197146043181419373e-02 2.026828378438949585e-02 1.249263156205415726e-02 1.292543858289718628e-02 3.356452798470854759e-03 6.585255265235900879e-03 2.081451006233692169e-02 1.068321429193019867e-02 1.317224092781543732e-02 1.761351898312568665e-02 1.578776165843009949e-02 1.302019413560628891e-02 1.245454698801040649e-02 1.307711377739906311e-02 3.201964870095252991e-02 3.728972002863883972e-02 1.739427819848060608e-02 2.650184370577335358e-02 1.690032146871089935e-02 1.600950956344604492e-02 1.269543636590242386e-02 1.957184821367263794e-02 1.740914583206176758e-02 1.596860773861408234e-02 1.439035031944513321e-02 8.452117443084716797e-03 1.849701814353466034e-02 7.468495517969131470e-03 2.296677324920892715e-03 9.235994075424969196e-04 7.656756322830915451e-03 1.516460627317428589e-02 9.642270393669605255e-03 1.241029612720012665e-02 5.224048509262502193e-04 2.191179431974887848e-03 2.088647149503231049e-02 2.586931735277175903e-02 5.604885518550872803e-03 6.127296015620231628e-03 3.937948867678642273e-02 3.770241513848304749e-02 2.814227901399135590e-02 3.601500764489173889e-02 1.857569441199302673e-02 8.943752385675907135e-03 1.198938302695751190e-02 1.347423344850540161e-02 2.229912579059600830e-02 2.206682041287422180e-02 1.693924330174922943e-02 2.022454701364040375e-02 1.904232241213321686e-02 1.528760790824890137e-02 3.770585870370268822e-03 1.408976502716541290e-02 1.617840118706226349e-02 7.621930446475744247e-03 1.963575929403305054e-02 1.290954649448394775e-02 4.976888652890920639e-03 1.831591688096523285e-02 9.530246257781982422e-03 1.648425497114658356e-02 6.804366130381822586e-03 2.147990092635154724e-02
