8.376287817955017090e-01 7.659099996089935303e-02 6.031318567693233490e-03 1.960395276546478271e-02 2.334608323872089386e-02 6.487502157688140869e-02 6.239368766546249390e-02 8.229779079556465149e-03 9.815600933507084846e-04 1.564599946141242981e-02 6.905774027109146118e-02 1.150432601571083069e-02 6.962429732084274292e-02 1.192009355872869492e-02 1.854886673390865326e-02 4.458229523152112961e-03 1.761645264923572540e-02 1.306629832834005356e-02 2.753522247076034546e-02 8.847039192914962769e-03 6.977082230150699615e-04 2.476662583649158478e-02 8.047169074416160583e-03 1.484578242525458336e-03 1.777580357156693935e-03 1.378422835841774940e-03 1.986787281930446625e-02 2.000999078154563904e-02 4.834350571036338806e-02 1.374085713177919388e-02 4.448582977056503296e-02 1.071682781912386417e-03 2.453920198604464531e-03 9.140713140368461609e-03 6.810822058469057083e-03 1.781408861279487610e-02 2.805470861494541168e-02 2.334100939333438873e-02 1.601977273821830750e-02 1.271650567650794983e-02 2.354411594569683075e-02 1.460632029920816422e-02 1.310686301440000534e-02 1.235251128673553467e-02 2.633889019489288330e-02 2.154551073908805847e-02 6.708350777626037598e-02 6.375128030776977539e-02 2.988779451698064804e-03 9.373347274959087372e-03 8.152001828420907259e-05 1.061261910945177078e-02 4.834931343793869019e-03 4.237094894051551819e-03 6.062270258553326130e-04 2.189345657825469971e-03 5.105409771203994751e-03 5.282933358103036880e-03 1.243804115802049637e-02 1.690153218805789948e-02 1.237656548619270325e-02 5.059062503278255463e-03 1.945748110301792622e-03 7.440964691340923309e-04 3.964017331600189209e-02 5.296282097697257996e-02 2.639981685206294060e-03 4.053312353789806366e-03 4.179351031780242920e-03 9.346504695713520050e-03 7.981577888131141663e-03 6.167678628116846085e-03 1.551902852952480316e-02 8.234486915171146393e-03 1.826532371342182159e-02 1.142741832882165909e-02 2.290275646373629570e-03 7.954685948789119720e-03 1.749145425856113434e-02 1.844179444015026093e-02 1.107234694063663483e-02 1.903282478451728821e-02 1.768022403120994568e-02 1.962980069220066071e-02 3.792133415117859840e-03 9.491683915257453918e-03 6.509195547550916672e-03 3.024378232657909393e-02 3.983890637755393982e-03 6.135355681180953979e-03 5.420858785510063171e-02 2.986685931682586670e-02 5.072836205363273621e-02 3.605108708143234253e-02 6.093145813792943954e-03 5.829386878758668900e-03 1.561199501156806946e-02 8.927373215556144714e-03 5.827128770761191845e-04 6.489747902378439903e-04 1.238991855643689632e-03 6.888539646752178669e-04 1.175666507333517075e-02 1.938281767070293427e-02 8.614775724709033966e-04 7.385012693703174591e-03 1.757980696856975555e-02 9.003439918160438538e-03 3.384389914572238922e-03 2.394563145935535431e-02 2.554911933839321136e-02 2.423810586333274841e-02 9.099391289055347443e-03 5.494875367730855942e-03 2.385201491415500641e-02 3.250874206423759460e-02
7.659099996089935303e-02 8.376287817955017090e-01 8.494038134813308716e-03 2.611420117318630219e-02 2.896580845117568970e-02 6.706462800502777100e-02 6.915009021759033203e-02 9.993491694331169128e-03 1.863001962192356586e-03 9.024303406476974487e-03 6.517942249774932861e-02 6.515765562653541565e-03 6.817331165075302124e-02 1.566035859286785126e-02 1.603525876998901367e-02 1.133095845580101013e-02 1.833713054656982422e-02 9.668929502367973328e-03 2.266190201044082642e-02 8.301175199449062347e-03 1.108326017856597900e-03 2.289917506277561188e-02 5.084752570837736130e-03 8.478896925225853920e-04 9.809654438868165016e-04 1.281981240026652813e-04 1.575610786676406860e-02 8.670899085700511932e-03 4.171898961067199707e-02 7.942412048578262329e-03 4.207622632384300232e-02 7.304735947400331497e-03 3.228641813620924950e-03 4.551173187792301178e-04 7.813418284058570862e-03 1.322488207370042801e-02 3.046114929020404816e-02 2.427772060036659241e-02 2.526200376451015472e-02 1.705998554825782776e-02 1.534925960004329681e-02 1.427442487329244614e-02 1.396009512245655060e-02 1.260512415319681168e-02 3.323496505618095398e-02 3.365454077720642090e-02 6.695033609867095947e-02 6.423856317996978760e-02 5.578992422670125961e-03 1.964007876813411713e-02 1.370652753394097090e-04 1.003949437290430069e-02 1.112313382327556610e-02 2.351563423871994019e-03 1.864482532255351543e-03 9.061565622687339783e-03 1.018501073122024536e-02 1.676943968050181866e-03 8.545705117285251617e-03 1.928422600030899048e-02 1.794898323714733124e-02 4.417790041770786047e-04 5.861183744855225086e-04 5.489843897521495819e-03 3.438729047775268555e-02 4.907520115375518799e-02 1.070304960012435913e-02 1.021933276206254959e-02 4.249733407050371170e-03 9.882338345050811768e-03 1.592941232956945896e-03 2.158088143914937973e-03 2.701451070606708527e-02 8.413572795689105988e-03 2.552752569317817688e-02 8.858505636453628540e-03 5.446267779916524887e-03 8.282219991087913513e-03 1.016503572463989258e-02 6.747299339622259140e-03 1.232392061501741409e-02 2.179365605115890503e-02 1.979957707226276398e-02 1.263139210641384125e-02 8.056209189817309380e-04 2.761314390227198601e-03 5.527660716325044632e-03 3.192547336220741272e-02 5.929947830736637115e-03 1.513578026788309216e-04 4.895761981606483459e-02 3.009151481091976166e-02 5.068027600646018982e-02 3.549198806285858154e-02 8.765270933508872986e-03 5.598613061010837555e-03 1.744398847222328186e-02 5.210863426327705383e-03 3.994426806457340717e-04 5.540676647797226906e-04 3.321066324133425951e-04 8.337872102856636047e-03 1.509753428399562836e-02 1.760907471179962158e-02 1.993248239159584045e-03 1.170138921588659286e-02 1.673476770520210266e-02 9.860938414931297302e-03 9.245145134627819061e-03 2.508074790239334106e-02 1.864896155893802643e-02 1.363353803753852844e-02 1.416399981826543808e-02 8.252857252955436707e-03 2.245388552546501160e-02 2.852774038910865784e-02
6.031318567693233490e-03 8.494038134813308716e-03 8.376287817955017090e-01 5.782532971352338791e-03 8.211440406739711761e-03 1.214463845826685429e-03 1.032667793333530426e-02 3.241335600614547729e-02 1.731927692890167236e-02 3.475551959127187729e-03 1.452918280847370625e-03 9.355459362268447876e-03 2.910240087658166885e-03 1.257860101759433746e-03 1.108589768409729004e-02 2.047068998217582703e-02 1.177045889198780060e-02 9.383425116539001465e-03 7.989875040948390961e-03 1.288507133722305298e-02 1.126996823586523533e-03 1.207089610397815704e-02 2.248214371502399445e-02 1.890689693391323090e-02 6.359811406582593918e-03 1.493780146120116115e-04 1.694468222558498383e-02 3.349587786942720413e-03 4.168143495917320251e-03 6.354409269988536835e-03 8.694740245118737221e-04 3.308732295408844948e-03 4.483940545469522476e-03 1.129486784338951111e-02 1.271994668059051037e-03 1.138685736805200577e-02 1.521653868257999420e-02 1.630821637809276581e-02 5.758408457040786743e-03 1.086723525077104568e-02 3.840085119009017944e-02 2.738158032298088074e-02 2.266316115856170654e-02 4.196389112621545792e-03 1.585959643125534058e-02 3.681220812723040581e-03 2.746464684605598450e-03 3.427542978897690773e-03 2.096296101808547974e-02 2.978723729029297829e-03 3.111963532865047455e-02 2.300420776009559631e-02 2.296601235866546631e-02 3.272500587627291679e-03 2.930567367002367973e-03 2.068943344056606293e-02 1.733669824898242950e-02 4.070232156664133072e-03 3.642106428742408752e-02 3.764449153095483780e-03 1.127719180658459663e-03 7.947747944854199886e-04 1.028382778167724609e-02 1.801976934075355530e-02 1.616120897233486176e-02 1.348067307844758034e-03 1.813648035749793053e-03 1.804507919587194920e-04 2.656511403620243073e-02 1.442050095647573471e-02 1.310586649924516678e-02 2.227627858519554138e-02 2.179258130490779877e-02 1.773699745535850525e-02 6.834330270066857338e-04 2.929082326591014862e-02 2.543918415904045105e-02 2.072118967771530151e-02 3.320134012028574944e-03 1.278107054531574249e-02 4.339703917503356934e-02 1.567801646888256073e-02 1.171756535768508911e-02 1.790610607713460922e-03 8.730213157832622528e-03 6.566957104951143265e-03 2.630242891609668732e-02 1.651314459741115570e-02 1.181016559712588787e-03 2.678409218788146973e-03 1.052478700876235962e-02 1.333281025290489197e-02 4.164292477071285248e-03 7.005625404417514801e-03 3.170775622129440308e-02 1.352134067565202713e-02 7.938125170767307281e-03 1.853249035775661469e-02 3.111040033400058746e-02 3.022909723222255707e-02 1.906852051615715027e-02 1.539056934416294098e-02 1.425634603947401047e-02 2.593640796840190887e-02 3.029283694922924042e-02 2.361465478315949440e-03 1.952743716537952423e-02 2.595244348049163818e-02 1.242683455348014832e-02 4.139645025134086609e-03 2.162442356348037720e-02 2.576801553368568420e-02 4.610054194927215576e-03 2.446876652538776398e-02 8.540412411093711853e-03 1.620996184647083282e-02
1.960395276546478271e-02 2.611420117318630219e-02 5.782532971352338791e-03 8.376287817955017090e-01 8.950985968112945557e-02 3.557848511263728142e-03 4.091541282832622528e-03 2.350356196984648705e-03 7.839658297598361969e-03 5.211208481341600418e-03 2.491628192365169525e-02 3.107851603999733925e-03 1.977352239191532135e-02 1.441102568060159683e-02 2.496998989954590797e-03 1.058326661586761475e-02 3.955947700887918472e-03 3.055965714156627655e-02 8.868014439940452576e-03 1.006367709487676620e-02 2.102741971611976624e-02 1.161569030955433846e-03 2.641578670591115952e-03 1.298703718930482864e-02 6.715384777635335922e-03 3.870105836540460587e-03 9.486030787229537964e-03 7.139189634472131729e-03 2.439829148352146149e-02 5.494534270837903023e-04 7.769600953906774521e-03 1.127935387194156647e-02 3.017883282154798508e-03 4.916132893413305283e-03 3.093026811257004738e-03 8.233632892370223999e-03 4.180553951300680637e-04 2.021578140556812286e-02 6.804365664720535278e-02 3.795480728149414062e-02 1.061154808849096298e-02 9.029380977153778076e-03 3.780366852879524231e-03 2.482593432068824768e-02 2.678962118807248771e-05 1.531755737960338593e-02 4.318479448556900024e-03 4.905032459646463394e-03 2.943345531821250916e-02 2.812703140079975128e-02 1.245748833753168583e-03 8.660898311063647270e-04 2.074219100177288055e-02 6.273125763982534409e-03 2.400515135377645493e-03 3.015146777033805847e-02 2.252491563558578491e-02 3.205482661724090576e-02 7.158413995057344437e-03 7.523657754063606262e-03 2.845750749111175537e-02 1.186015550047159195e-02 8.368195849470794201e-04 6.755415815860033035e-03 1.674444973468780518e-02 1.465157233178615570e-02 3.728887438774108887e-02 2.048237994313240051e-02 1.390862464904785156e-02 8.941623382270336151e-03 1.330600678920745850e-02 2.899080282077193260e-03 6.341432780027389526e-02 2.007789444178342819e-03 5.198359116911888123e-02 1.357772387564182281e-02 3.095148876309394836e-02 2.071143314242362976e-02 1.249754987657070160e-02 1.184655725955963135e-02 9.873685427010059357e-03 2.871096658054739237e-04 5.353194847702980042e-02 3.508161008358001709e-02 1.239123055711388588e-03 6.767124868929386139e-03 7.989223115146160126e-03 5.123850889503955841e-03 2.109760791063308716e-02 8.300460875034332275e-03 6.190755870193243027e-03 1.256491895765066147e-02 3.494838718324899673e-03 1.939329132437705994e-02 1.346904598176479340e-02 8.762733079493045807e-03 6.492864340543746948e-03 1.331173349171876907e-03 1.387204509228467941e-02 1.373025216162204742e-02 1.078623905777931213e-02 1.854621432721614838e-02 5.659024696797132492e-03 9.945966303348541260e-03 1.120310369879007339e-02 2.586223371326923370e-02 2.265084069222211838e-03 2.291526272892951965e-02 1.755890436470508575e-02 1.060542836785316467e-02 1.201818417757749557e-02 1.549546513706445694e-02 2.239908091723918915e-02 9.191636927425861359e-03 2.578120492398738861e-02 2.349792979657649994e-02
2.334608323872089386e-02 2.896580845117568970e-02 8.211440406739711761e-03 8.950985968112945557e-02 8.376287817955017090e-01 1.518159080296754837e-02 1.986230537295341492e-02 1.045982004143297672e-03 2.092223381623625755e-03 8.394377655349671841e-04 2.253459952771663666e-02 5.516363773494958878e-03 2.090376429259777069e-02 1.706366799771785736e-02 8.047970011830329895e-03 1.507464051246643066e-02 6.207693833857774734e-03 1.700704731047153473e-02 2.276112511754035950e-02 5.823937710374593735e-03 2.090123109519481659e-02 4.000452347099781036e-03 1.372659695334732533e-03 1.159626804292201996e-02 5.833539646118879318e-03 7.217044942080974579e-03 1.356998458504676819e-02 1.709324424155056477e-03 2.393347769975662231e-02 7.215000223368406296e-03 1.060706097632646561e-02 1.461326028220355511e-03 1.731592044234275818e-02 9.887230116873979568e-04 1.757612824440002441e-02 1.190370228141546249e-02 3.089273348450660706e-03 1.497814711183309555e-02 6.934601068496704102e-02 5.824108049273490906e-02 1.690724864602088928e-02 1.704805716872215271e-02 1.581069664098322392e-03 2.234033122658729553e-02 7.686856668442487717e-03 9.454374201595783234e-03 4.849266260862350464e-03 1.333237346261739731e-02 1.185012981295585632e-02 1.014372892677783966e-02 1.283333543688058853e-02 1.072219107300043106e-02 8.571124635636806488e-03 4.580116947181522846e-04 3.045732621103525162e-03 1.811412163078784943e-02 1.598015055060386658e-02 2.233635634183883667e-02 2.376378327608108521e-02 8.633581921458244324e-03 2.068933099508285522e-02 1.311416621319949627e-03 1.417072955518960953e-02 2.374992147088050842e-02 2.499627880752086639e-02 1.990842446684837341e-02 2.814663015305995941e-02 1.908044703304767609e-02 6.199132185429334641e-03 4.792604595422744751e-03 4.241112153977155685e-03 1.223819795995950699e-03 5.091575160622596741e-02 1.060982048511505127e-02 5.470865964889526367e-02 1.311312709003686905e-02 9.809533134102821350e-03 9.438009001314640045e-03 4.189034807495772839e-04 4.414697177708148956e-03 1.068589929491281509e-02 4.464069847017526627e-03 4.540510103106498718e-02 5.612103641033172607e-02 1.005046535283327103e-02 1.116504240781068802e-02 1.814479823224246502e-03 9.205672540701925755e-05 9.205749258399009705e-03 9.917215211316943169e-04 6.736989133059978485e-03 4.573274403810501099e-03 8.152261376380920410e-03 1.883952133357524872e-02 2.357355691492557526e-02 2.084073424339294434e-02 1.729713287204504013e-03 9.679870679974555969e-03 4.648922942578792572e-03 4.304301110096275806e-04 5.755413323640823364e-03 1.542971469461917877e-02 1.729288324713706970e-02 1.989945583045482635e-02 7.209531962871551514e-03 4.523660172708332539e-04 2.746653510257601738e-03 3.935403004288673401e-02 8.610872551798820496e-03 3.599842544645071030e-03 1.758568175137042999e-02 2.124202810227870941e-02 2.168527245521545410e-02 3.389306599274277687e-03 3.883234038949012756e-02 1.234720461070537567e-02
6.487502157688140869e-02 6.706462800502777100e-02 1.214463845826685429e-03 3.557848511263728142e-03 1.518159080296754837e-02 8.376287817955017090e-01 8.058463782072067261e-02 1.191557850688695908e-02 1.311191823333501816e-02 1.064304541796445847e-02 4.694331809878349304e-02 2.298467047512531281e-02 5.664480477571487427e-02 2.376645617187023163e-02 1.916250959038734436e-02 1.029851660132408142e-02 2.078681997954845428e-02 1.067802496254444122e-02 4.017390310764312744e-02 9.961925679817795753e-04 8.128416724503040314e-03 2.353645116090774536e-02 1.786133088171482086e-02 1.298250537365674973e-02 2.821095054969191551e-03 1.495724311098456383e-03 1.754499413073062897e-02 1.763936132192611694e-02 3.186065331101417542e-02 2.219580113887786865e-02 2.871866337954998016e-02 1.486940192990005016e-03 1.177250314503908157e-02 3.385431133210659027e-03 1.158690731972455978e-02 1.449174899607896805e-02 3.119585104286670685e-02 1.595055498182773590e-02 1.190797984600067139e-02 1.366799045354127884e-02 1.537221018224954605e-02 1.841603405773639679e-02 1.587454602122306824e-02 1.348603982478380203e-03 3.191117197275161743e-02 2.719967812299728394e-02 7.021871954202651978e-02 6.673929095268249512e-02 4.542785231024026871e-03 1.521971356123685837e-02 6.752416025847196579e-03 1.686089299619197845e-02 6.811085157096385956e-03 5.407851189374923706e-03 2.153403358533978462e-03 7.180694025009870529e-03 1.916763139888644218e-03 1.873538643121719360e-02 1.053594704717397690e-02 9.827156551182270050e-03 1.573786884546279907e-02 5.755702964961528778e-03 1.636261120438575745e-03 1.317152637057006359e-03 3.148451074957847595e-02 4.012315347790718079e-02 5.425332114100456238e-03 1.248014741577208042e-03 8.434955962002277374e-03 9.862523525953292847e-03 1.056710816919803619e-02 7.220301311463117599e-03 1.173834409564733505e-02 1.422945596277713776e-02 1.274072751402854919e-02 1.325098052620887756e-02 1.051965914666652679e-02 3.530378162395209074e-04 1.226860005408525467e-02 1.525753736495971680e-02 5.961294751614332199e-03 2.519578672945499420e-02 1.065632607787847519e-02 1.474730088375508785e-03 3.697420470416545868e-03 2.990265609696507454e-03 7.226801943033933640e-03 2.912017516791820526e-02 8.006227202713489532e-03 7.260736543685197830e-03 4.985784366726875305e-02 2.121286652982234955e-02 5.137233063578605652e-02 2.761143632233142853e-02 5.237306002527475357e-03 3.869596868753433228e-03 2.350577898323535919e-02 9.418277069926261902e-03 9.697053581476211548e-03 7.519831415265798569e-03 1.077903085388243198e-03 2.140732016414403915e-03 1.772804372012615204e-02 2.194285579025745392e-02 1.835755829233676195e-04 1.562368852319195867e-04 1.239584758877754211e-03 8.115449920296669006e-03 5.684669129550457001e-03 3.117477521300315857e-02 1.207047142088413239e-02 1.267768908292055130e-02 5.114158615469932556e-03 1.107992324978113174e-02 2.715449966490268707e-02 1.910873502492904663e-02
6.239368766546249390e-02 6.915009021759033203e-02 1.032667793333530426e-02 4.091541282832622528e-03 1.986230537295341492e-02 8.058463782072067261e-02 8.376287817955017090e-01 1.104696746915578842e-02 1.001139264553785324e-02 7.136296946555376053e-03 4.986940696835517883e-02 9.598407894372940063e-03 5.857853963971138000e-02 2.228326536715030670e-02 1.657897979021072388e-02 1.693783327937126160e-02 2.237436175346374512e-02 2.485613105818629265e-03 3.293784335255622864e-02 8.620065636932849884e-03 9.239470586180686951e-03 2.636513672769069672e-02 7.640700321644544601e-03 9.462538175284862518e-03 9.736598585732281208e-04 4.049899871461093426e-04 1.671019196510314941e-02 8.597001433372497559e-03 3.076211735606193542e-02 1.505395956337451935e-02 2.618651650846004486e-02 4.259170498698949814e-03 6.242156960070133209e-03 6.787056103348731995e-03 6.324618589133024216e-03 9.218416176736354828e-03 2.886121906340122223e-02 1.470810920000076294e-02 1.759543456137180328e-02 1.610274240374565125e-02 1.343654002994298935e-02 1.362187694758176804e-02 1.380808092653751373e-02 6.432966329157352448e-03 3.282229229807853699e-02 3.377845883369445801e-02 7.459132373332977295e-02 7.266788184642791748e-02 7.209672476164996624e-04 2.131183259189128876e-02 7.557877805083990097e-03 1.636379398405551910e-02 7.223691791296005249e-03 1.082143513485789299e-03 1.371394610032439232e-03 1.031696680001914501e-03 5.093629471957683563e-03 1.286399457603693008e-02 5.406950134783983231e-03 1.473740302026271820e-02 1.903280802071094513e-02 1.154523342847824097e-02 8.795598521828651428e-03 4.406713414937257767e-03 2.827359177172183990e-02 4.249672964215278625e-02 1.827497035264968872e-03 2.734870649874210358e-03 1.371300546452403069e-03 9.439634159207344055e-03 3.664351301267743111e-03 4.501555114984512329e-03 1.985218562185764313e-02 1.408198103308677673e-02 2.387668378651142120e-02 1.124911475926637650e-02 4.156569018959999084e-03 7.241575513035058975e-04 1.397698279470205307e-02 4.111832939088344574e-03 7.845219224691390991e-03 2.241677045822143555e-02 6.562930531799793243e-03 5.098764668218791485e-04 3.908722195774316788e-03 1.446167659014463425e-02 6.850672420114278793e-03 2.777683362364768982e-02 2.998291747644543648e-04 5.301064229570329189e-04 5.459045618772506714e-02 2.331618592143058777e-02 5.251279845833778381e-02 2.948898449540138245e-02 5.965273827314376831e-03 3.148216521367430687e-03 2.026254869997501373e-02 7.134437561035156250e-03 7.848859764635562897e-03 8.033645339310169220e-03 9.369560866616666317e-04 8.514470420777797699e-03 1.707531698048114777e-02 2.400218509137630463e-02 2.247574506327509880e-03 2.378418284934014082e-04 5.570086650550365448e-03 4.478496965020895004e-03 1.702305395156145096e-03 2.744265832006931305e-02 1.011974830180406570e-02 1.386469230055809021e-02 3.841491416096687317e-03 8.234688080847263336e-03 3.271632269024848938e-02 1.675185747444629669e-02
8.229779079556465149e-03 9.993491694331169128e-03 3.241335600614547729e-02 2.350356196984648705e-03 1.045982004143297672e-03 1.191557850688695908e-02 1.104696746915578842e-02 8.376287817955017090e-01 1.844919286668300629e-02 1.421389263123273849e-02 1.192537415772676468e-02 1.625872589647769928e-02 1.367379631847143173e-02 1.641198433935642242e-02 2.773217298090457916e-02 1.272128708660602570e-02 1.108849048614501953e-02 2.308675274252891541e-02 1.137129124253988266e-02 8.384752087295055389e-03 1.613085158169269562e-02 8.912040852010250092e-03 2.012440748512744904e-02 2.026787213981151581e-02 3.279198717791587114e-04 7.387140765786170959e-03 1.777376420795917511e-02 1.108505297452211380e-02 2.768659265711903572e-03 1.438353955745697021e-02 1.409291662275791168e-02 1.189429219812154770e-02 1.580475270748138428e-02 1.322519686073064804e-02 7.081541232764720917e-03 1.710176467895507812e-02 1.458931714296340942e-02 1.302381604909896851e-02 1.120967976748943329e-02 6.229570601135492325e-03 9.980185888707637787e-03 1.510396413505077362e-02 1.385592948645353317e-02 1.484561897814273834e-02 2.735918015241622925e-02 2.446253411471843719e-02 1.764318160712718964e-02 1.464422140270471573e-02 1.282496284693479538e-02 1.720128208398818970e-02 1.888424903154373169e-02 2.262231707572937012e-02 3.720372449606657028e-03 1.223730947822332382e-02 8.573160506784915924e-03 4.876970197074115276e-04 1.156704965978860855e-02 5.506785120815038681e-03 1.610558852553367615e-02 2.388902194797992706e-02 6.255686748772859573e-03 1.327526383101940155e-02 9.554193355143070221e-03 1.123219076544046402e-02 8.945900015532970428e-03 1.471316721290349960e-02 5.121679976582527161e-03 3.623849246650934219e-03 8.700538426637649536e-03 1.420647930353879929e-02 3.714293008670210838e-03 8.933354169130325317e-03 3.022467484697699547e-03 2.201949711889028549e-03 2.147100120782852173e-02 9.391509927809238434e-03 2.035039477050304413e-02 1.459582615643739700e-02 1.808697544038295746e-02 3.054474107921123505e-02 3.719943389296531677e-02 4.999385774135589600e-02 5.917772650718688965e-03 2.212422550655901432e-04 1.267765462398529053e-02 5.818230099976062775e-03 3.974104300141334534e-02 3.649586811661720276e-02 3.867066698148846626e-03 2.418882446363568306e-03 5.506562069058418274e-03 1.372011937201023102e-02 7.488921750336885452e-03 1.170616317540407181e-02 2.017040736973285675e-02 8.963766507804393768e-03 2.358186803758144379e-02 6.476751528680324554e-03 1.947777904570102692e-02 1.595303229987621307e-02 1.988571509718894958e-02 1.746856234967708588e-02 6.334459874778985977e-03 8.367232978343963623e-03 2.535472810268402100e-02 1.990791969001293182e-02 1.193048804998397827e-02 9.152688086032867432e-03 3.473653690889477730e-03 1.010433305054903030e-02 2.353198826313018799e-03 8.258764632046222687e-03 1.925625139847397804e-03 3.663797862827777863e-03 1.468158233910799026e-02 1.057138293981552124e-02
9.815600933507084846e-04 1.863001962192356586e-03 1.731927692890167236e-02 7.839658297598361969e-03 2.092223381623625755e-03 1.311191823333501816e-02 1.001139264553785324e-02 1.844919286668300629e-02 8.376287817955017090e-01 4.714216664433479309e-02 2.223608782514929771e-03 3.470632061362266541e-02 5.948383826762437820e-03 2.608908340334892273e-02 2.527143992483615875e-02 3.043543733656406403e-02 2.849672175943851471e-02 5.197617691010236740e-03 8.979244157671928406e-03 1.092093437910079956e-02 1.901719346642494202e-02 1.266574952751398087e-02 4.499200731515884399e-02 4.887885600328445435e-02 1.496303733438253403e-02 2.169571444392204285e-02 9.226213209331035614e-03 1.499902177602052689e-02 2.345876710023730993e-04 1.402483787387609482e-02 1.180519349873065948e-02 1.971637271344661713e-02 1.846024207770824432e-02 2.444132976233959198e-02 1.709133014082908630e-02 2.727143093943595886e-02 1.551263500005006790e-02 1.109588425606489182e-02 1.059501711279153824e-02 1.094970037229359150e-03 1.154989190399646759e-02 4.725318402051925659e-02 4.320922493934631348e-02 1.711020013317465782e-03 2.156319469213485718e-02 1.506628375500440598e-02 7.635087058588396758e-06 7.854158990085124969e-03 1.246389560401439667e-02 1.748785562813282013e-02 3.680023923516273499e-02 3.994266316294670105e-02 1.544767990708351135e-02 6.145314313471317291e-03 2.098956890404224396e-02 1.185580505989491940e-03 2.749023586511611938e-02 2.868847362697124481e-02 1.952177658677101135e-02 1.390993781387805939e-02 1.856709457933902740e-02 8.592185564339160919e-03 1.408923231065273285e-02 8.363940753042697906e-03 1.133487839251756668e-02 1.058592367917299271e-02 7.337689166888594627e-04 1.053577754646539688e-02 4.986498877406120300e-02 2.680412493646144867e-02 4.276615008711814880e-02 2.234011143445968628e-02 1.215916499495506287e-02 2.544683404266834259e-02 3.577612806111574173e-03 2.180249989032745361e-02 5.323413759469985962e-02 5.303507298231124878e-02 3.365005925297737122e-02 2.664275653660297394e-02 5.477327853441238403e-03 8.558516390621662140e-03 3.764484776183962822e-03 1.840079203248023987e-03 3.537308052182197571e-02 2.911332249641418457e-02 1.372207514941692352e-02 1.726062968373298645e-02 2.201875299215316772e-02 2.126541174948215485e-02 4.110909998416900635e-03 1.135851256549358368e-02 1.017621997743844986e-02 1.313857082277536392e-02 2.361031621694564819e-02 2.121715433895587921e-02 2.369650825858116150e-02 9.240180253982543945e-03 5.012509226799011230e-02 4.817505180835723877e-02 2.439913339912891388e-02 2.458769269287586212e-02 1.453601196408271790e-02 6.997646298259496689e-03 2.164398878812789917e-02 4.994248040020465851e-03 1.980409212410449982e-02 1.678040251135826111e-02 4.876300226897001266e-03 1.892460696399211884e-02 1.137543655931949615e-02 4.255597013980150223e-03 3.111963719129562378e-02 3.581444919109344482e-02 2.796698361635208130e-03 1.657600631006062031e-03
1.564599946141242981e-02 9.024303406476974487e-03 3.475551959127187729e-03 5.211208481341600418e-03 8.394377655349671841e-04 1.064304541796445847e-02 7.136296946555376053e-03 1.421389263123273849e-02 4.714216664433479309e-02 8.376287817955017090e-01 4.789520055055618286e-03 2.004484273493289948e-02 1.548501080833375454e-03 3.044170327484607697e-02 1.725927367806434631e-02 2.778435871005058289e-02 3.562690690159797668e-02 1.884190551936626434e-02 4.655899479985237122e-02 1.647359132766723633e-02 2.234799042344093323e-02 8.105223067104816437e-03 2.725659497082233429e-02 4.436308518052101135e-02 2.788131125271320343e-02 3.044717200100421906e-02 5.398421082645654678e-03 1.514110044809058309e-04 5.525187589228153229e-04 8.130268193781375885e-03 2.838550833985209465e-03 2.600791305303573608e-02 6.738009862601757050e-03 2.843697927892208099e-02 1.686393842101097107e-02 1.901642791926860809e-02 6.106247659772634506e-03 1.062661968171596527e-02 6.908696144819259644e-03 9.998158784583210945e-04 1.673904596827924252e-03 2.993699721992015839e-02 2.797561325132846832e-02 8.369085378944873810e-03 4.097370896488428116e-03 2.416393533349037170e-02 1.665657572448253632e-02 6.759177893400192261e-03 3.063333407044410706e-02 3.526965528726577759e-02 2.842088416218757629e-02 3.226583823561668396e-02 7.429677061736583710e-03 7.942711934447288513e-03 2.846674434840679169e-02 3.395071998238563538e-02 1.402858272194862366e-02 2.480036206543445587e-02 2.058658050373196602e-03 1.690322719514369965e-02 1.375149749219417572e-02 1.899112388491630554e-02 1.071494631469249725e-02 9.137081913650035858e-03 3.474207594990730286e-03 5.091798026114702225e-03 2.108706161379814148e-02 2.335618808865547180e-02 2.872438915073871613e-02 2.540893293917179108e-02 3.259648382663726807e-02 1.541064307093620300e-02 5.577070405706763268e-04 1.454674173146486282e-02 6.624101195484399796e-03 1.048415340483188629e-02 2.643674984574317932e-02 4.987272247672080994e-02 3.700250759720802307e-02 6.027771160006523132e-02 2.113372785970568657e-03 1.414586207829415798e-03 5.237581790424883366e-04 3.279364202171564102e-03 3.612705320119857788e-02 5.119579657912254333e-02 1.125200744718313217e-02 1.448349468410015106e-02 2.391159767284989357e-03 1.847557164728641510e-02 5.136636085808277130e-03 1.202258374541997910e-02 2.010105672525241971e-04 1.253123302012681961e-02 2.021687477827072144e-02 3.514315187931060791e-02 1.873634569346904755e-02 9.869433939456939697e-03 3.651726618409156799e-02 3.540254756808280945e-02 2.380339428782463074e-02 2.721810527145862579e-02 2.209108695387840271e-02 5.727515555918216705e-03 1.382907666265964508e-02 1.299907336942851543e-03 1.361135672777891159e-02 9.619503282010555267e-03 1.685511879622936249e-02 1.378911267966032028e-02 9.022121317684650421e-03 3.726413007825613022e-03 3.772215917706489563e-02 2.787708863615989685e-02 7.193370838649570942e-04 2.565104980021715164e-03
6.905774027109146118e-02 6.517942249774932861e-02 1.452918280847370625e-03 2.491628192365169525e-02 2.253459952771663666e-02 4.694331809878349304e-02 4.986940696835517883e-02 1.192537415772676468e-02 2.223608782514929771e-03 4.789520055055618286e-03 8.376287817955017090e-01 4.899893421679735184e-03 6.862518936395645142e-02 1.057688333094120026e-02 2.614032477140426636e-02 6.056734360754489899e-03 7.351855281740427017e-03 4.948818241246044636e-04 7.638815790414810181e-03 2.216878533363342285e-02 2.496730769053101540e-03 3.521439060568809509e-02 8.189385756850242615e-03 5.429645898402668536e-05 1.152509078383445740e-02 3.260363591834902763e-03 2.367762289941310883e-02 1.736798882484436035e-02 5.078716203570365906e-02 1.040260028094053268e-02 4.419104754924774170e-02 1.152934599667787552e-02 2.853169338777661324e-03 9.115895954892039299e-05 2.004950772970914841e-03 1.888406462967395782e-02 2.564064785838127136e-02 2.786754071712493896e-02 1.447016093879938126e-02 9.187833406031131744e-03 2.934573031961917877e-02 1.433854736387729645e-02 1.122500654309988022e-02 1.604699715971946716e-02 2.317019924521446228e-02 2.406918816268444061e-02 5.514698848128318787e-02 5.275678262114524841e-02 7.826178334653377533e-03 1.429948583245277405e-02 1.005240529775619507e-02 1.377629954367876053e-02 5.781644955277442932e-03 1.413312274962663651e-02 4.192146006971597672e-03 3.573689376935362816e-03 1.304377219639718533e-04 1.845468068495392799e-03 1.498087681829929352e-02 2.289581485092639923e-02 9.041358716785907745e-03 7.425318472087383270e-03 7.898016832768917084e-03 3.646379918791353703e-04 4.390375316143035889e-02 5.505666136741638184e-02 1.408612262457609177e-02 1.632590033113956451e-02 3.574187401682138443e-03 2.202707715332508087e-02 7.924083620309829712e-03 2.158127538859844208e-02 1.288710255175828934e-02 1.527616009116172791e-02 2.097929455339908600e-02 2.087273448705673218e-02 1.076899468898773193e-03 5.625354591757059097e-03 6.499832496047019958e-03 8.696339093148708344e-03 4.766371857840567827e-04 1.873441040515899658e-02 1.537505444139242172e-02 1.913087815046310425e-02 1.575838541612029076e-04 2.433241577818989754e-03 2.143760956823825836e-02 3.291746601462364197e-02 1.920251874253153801e-03 3.263885853812098503e-03 4.597881436347961426e-02 4.341061785817146301e-02 4.165719822049140930e-02 4.519283771514892578e-02 4.557399079203605652e-03 6.400084588676691055e-03 1.608158089220523834e-02 1.029915455728769302e-02 4.403132013976573944e-03 2.118282718583941460e-03 1.215523947030305862e-02 7.247165776789188385e-03 1.562621630728244781e-02 2.420630678534507751e-02 4.205055534839630127e-03 1.647430658340454102e-02 1.236398983746767044e-02 7.390856742858886719e-03 8.495152927935123444e-03 2.106690593063831329e-02 2.646651118993759155e-02 2.862224727869033813e-02 1.347190234810113907e-02 7.284217048436403275e-03 3.211911395192146301e-02 3.155414015054702759e-02
1.150432601571083069e-02 6.515765562653541565e-03 9.355459362268447876e-03 3.107851603999733925e-03 5.516363773494958878e-03 2.298467047512531281e-02 9.598407894372940063e-03 1.625872589647769928e-02 3.470632061362266541e-02 2.004484273493289948e-02 4.899893421679735184e-03 8.376287817955017090e-01 1.191653590649366379e-02 6.825550645589828491e-02 2.853771485388278961e-02 2.924498915672302246e-02 1.843343861401081085e-02 2.433920453768223524e-04 4.472860600799322128e-03 2.942992141470313072e-03 9.395387955009937286e-03 7.319211959838867188e-03 4.925787076354026794e-02 4.443217441439628601e-02 8.044659160077571869e-03 1.999354548752307892e-02 7.160146255046129227e-03 5.893787369132041931e-02 1.361289154738187790e-02 6.157992035150527954e-02 1.453187689185142517e-02 2.125443890690803528e-02 1.184787694364786148e-02 1.003510598093271255e-02 9.678744710981845856e-03 2.414390631020069122e-02 1.630545966327190399e-02 1.949282130226492882e-03 1.051958650350570679e-02 1.549185602925717831e-03 1.417695917189121246e-02 1.322046201676130295e-02 5.572655703872442245e-03 3.140529850497841835e-03 3.783302009105682373e-02 3.425921872258186340e-02 4.472252912819385529e-03 1.553593575954437256e-02 1.651924289762973785e-02 1.667642220854759216e-02 1.828042976558208466e-02 3.709691762924194336e-02 8.277463726699352264e-03 1.290977746248245239e-02 3.239531815052032471e-02 1.801714417524635792e-03 2.976170182228088379e-02 2.481675334274768829e-02 1.191550586372613907e-02 1.673762314021587372e-02 1.779605634510517120e-02 2.625475870445370674e-03 4.245075862854719162e-03 1.060851942747831345e-02 2.467326633632183075e-02 2.457901649177074432e-02 6.348604802042245865e-03 1.580675365403294563e-03 4.218690469861030579e-02 7.570282090455293655e-03 2.184639126062393188e-02 1.690695248544216156e-02 1.887572370469570160e-02 1.041769888252019882e-02 5.937041249126195908e-03 1.125233806669712067e-02 2.637053281068801880e-02 1.360159553587436676e-02 2.621630951762199402e-02 1.247418019920587540e-02 1.240082737058401108e-02 1.873206906020641327e-02 6.659626029431819916e-03 3.970524761825799942e-03 1.184204034507274628e-02 8.115631528198719025e-03 2.174276486039161682e-02 2.132747694849967957e-02 4.964341223239898682e-02 5.676034092903137207e-02 2.525408193469047546e-02 1.727358787320554256e-03 2.475559711456298828e-02 1.291120797395706177e-02 8.453994989395141602e-03 3.690110286697745323e-03 1.884733885526657104e-02 1.043086964637041092e-02 8.553383871912956238e-03 3.025044919922947884e-03 1.345552131533622742e-02 4.498692869674414396e-04 1.598347909748554230e-02 1.235034968703985214e-02 1.758935116231441498e-02 3.734186291694641113e-03 1.621187478303909302e-02 1.815452054142951965e-02 2.089301683008670807e-02 2.234028466045856476e-02 1.964240148663520813e-02 9.734098799526691437e-03 9.440804133191704750e-04 5.413841921836137772e-03 1.710189320147037506e-02 2.678788732737302780e-03
6.962429732084274292e-02 6.817331165075302124e-02 2.910240087658166885e-03 1.977352239191532135e-02 2.090376429259777069e-02 5.664480477571487427e-02 5.857853963971138000e-02 1.367379631847143173e-02 5.948383826762437820e-03 1.548501080833375454e-03 6.862518936395645142e-02 1.191653590649366379e-02 8.376287817955017090e-01 1.791024580597877502e-02 2.247458696365356445e-02 2.221292350441217422e-03 1.123142521828413010e-02 3.663783660158514977e-03 1.542765740305185318e-02 1.625330746173858643e-02 8.024813607335090637e-03 3.087471053004264832e-02 1.218099426478147507e-02 6.803219672292470932e-03 9.995139203965663910e-03 7.245614193379878998e-03 1.960944756865501404e-02 1.886856183409690857e-02 5.315880849957466125e-02 1.535445451736450195e-02 5.361853539943695068e-02 8.008771575987339020e-03 8.340525091625750065e-04 1.215853379108011723e-03 7.962092757225036621e-03 1.891316659748554230e-02 2.491045556962490082e-02 2.584955282509326935e-02 1.590650901198387146e-02 1.219619624316692352e-02 2.474101074039936066e-02 1.554610859602689743e-02 1.280424837023019791e-02 1.716231182217597961e-02 2.552396059036254883e-02 2.927944622933864594e-02 6.137883663177490234e-02 6.204489991068840027e-02 6.835939828306436539e-03 1.993070915341377258e-02 3.423777874559164047e-03 1.429914310574531555e-02 7.845571381039917469e-04 1.033794600516557693e-02 4.549190867692232132e-03 8.219599723815917969e-03 1.500551588833332062e-03 9.241148829460144043e-03 1.351757068186998367e-02 2.123360522091388702e-02 8.503229357302188873e-03 4.375849384814500809e-03 6.340550724416971207e-03 3.376313950866460800e-03 4.565656557679176331e-02 5.794275552034378052e-02 1.269578840583562851e-02 1.229795441031455994e-02 4.667374771088361740e-03 1.376763451844453812e-02 8.445658721029758453e-03 1.666631363332271576e-02 1.207786519080400467e-02 1.178959663957357407e-02 1.740364171564579010e-02 1.691075414419174194e-02 1.389594672218663618e-05 4.241797141730785370e-03 4.119362216442823410e-03 4.787311889231204987e-03 3.505550092086195946e-03 1.891639456152915955e-02 1.625462621450424194e-02 1.425864268094301224e-02 4.047484137117862701e-03 4.050412215292453766e-03 1.335198152810335159e-02 3.445789963006973267e-02 2.113631460815668106e-03 6.085088476538658142e-03 5.675991997122764587e-02 3.539634868502616882e-02 5.508794263005256653e-02 4.252747073769569397e-02 2.844039350748062134e-03 2.198351779952645302e-03 1.209783274680376053e-02 1.033855415880680084e-02 3.590962151065468788e-03 1.372977858409285545e-03 4.484304692596197128e-03 5.133450496941804886e-03 1.384551543742418289e-02 2.224252559244632721e-02 3.202076302841305733e-03 1.126800198107957840e-02 1.767608895897865295e-02 7.580486126244068146e-03 4.660000558942556381e-03 2.359177730977535248e-02 2.497279085218906403e-02 2.329824864864349365e-02 1.476053521037101746e-02 9.435434825718402863e-03 2.801117673516273499e-02 3.702998161315917969e-02
