8.351105451583862305e-01 4.741610214114189148e-02 2.540328726172447205e-02 7.118858397006988525e-03 5.027433391660451889e-03 4.715719819068908691e-02 3.949199616909027100e-02 3.299159556627273560e-02 1.356112025678157806e-02 1.795603148639202118e-02 3.033108264207839966e-02 2.837483584880828857e-02 3.669581562280654907e-02 2.603530324995517731e-02 2.222241088747978210e-02 2.172455750405788422e-02 1.085092313587665558e-02 2.046141773462295532e-02 3.012593463063240051e-02 9.296965785324573517e-03 1.714450307190418243e-02 3.859822452068328857e-02 5.762293934822082520e-03 1.996120065450668335e-02 9.277245029807090759e-03 1.345399650745093822e-03 1.815631613135337830e-02 8.472200483083724976e-03 2.411067485809326172e-02 2.245859429240226746e-02 2.583469636738300323e-02 4.497177433222532272e-03 7.484076195396482944e-04 1.031631720252335072e-03 1.284354738891124725e-02 1.032178942114114761e-02 8.361307904124259949e-03 1.031413208693265915e-02 4.539691377431154251e-03 2.225734107196331024e-02 2.230752445757389069e-02 2.459838800132274628e-02 3.257355466485023499e-02 2.955701667815446854e-03 3.501668199896812439e-02 2.340877242386341095e-02 2.611113712191581726e-02 3.256398066878318787e-02 5.589470732957124710e-03 1.340836472809314728e-02 1.538428850471973419e-02 2.551187202334403992e-02 2.004181221127510071e-02 2.108584344387054443e-02 1.543822977691888809e-02 2.211454324424266815e-02 9.496094658970832825e-03 5.367992911487817764e-03 4.427631851285696030e-03 2.524864301085472107e-02 9.680191054940223694e-03 1.512237824499607086e-02 1.837828313000500202e-03 1.856410130858421326e-02 3.021350130438804626e-02 2.268494106829166412e-02 1.675058901309967041e-02 2.155751362442970276e-02 1.615287736058235168e-02 2.022833749651908875e-02 3.864545607939362526e-03 1.978908106684684753e-02 2.537298202514648438e-02 1.347291935235261917e-02 3.901018574833869934e-02 1.359497103840112686e-02 2.961786091327667236e-02 2.369592338800430298e-02 6.131538655608892441e-03 1.153368223458528519e-02 5.789369810372591019e-03 1.225819718092679977e-02 3.571860026568174362e-03 7.746161893010139465e-03 1.445320202037692070e-03 1.137328054755926132e-02 3.391912579536437988e-02 2.185378409922122955e-02 5.248820409178733826e-03 7.509631570428609848e-03 2.700073085725307465e-02 3.536293283104896545e-02 2.666711807250976562e-02 2.550457604229450226e-02 1.646319776773452759e-02 1.081559094018302858e-04 7.444001385010778904e-04 8.411260321736335754e-03 1.886701025068759918e-02 2.419098094105720520e-02 7.589935790747404099e-03 1.368334051221609116e-02 2.372096665203571320e-02 1.495909597724676132e-02 9.015434421598911285e-03 1.012791320681571960e-02 1.426101662218570709e-02 3.316444344818592072e-03 6.902378518134355545e-03 1.274323556572198868e-02 3.924625925719738007e-03 1.769974827766418457e-02 1.563768461346626282e-02 1.346266083419322968e-02 1.461352780461311340e-02 1.955721341073513031e-02
4.741610214114189148e-02 8.351105451583862305e-01 2.152177132666110992e-02 1.143144909292459488e-02 8.706310763955116272e-03 3.523720800876617432e-02 4.137907549738883972e-02 2.428499609231948853e-02 5.649562925100326538e-03 9.300195961259305477e-04 3.327930346131324768e-02 1.826172880828380585e-02 4.031295329332351685e-02 1.987740583717823029e-02 2.666333504021167755e-02 2.557108364999294281e-02 1.628963090479373932e-02 1.351456809788942337e-02 1.748067326843738556e-02 2.517202310264110565e-02 2.452971786260604858e-02 3.884705901145935059e-02 1.993280462920665741e-02 3.095417656004428864e-02 2.024458162486553192e-02 1.102425251156091690e-02 1.105020567774772644e-02 1.419427338987588882e-02 3.351130336523056030e-02 1.886552758514881134e-02 3.118510171771049500e-02 1.156032551079988480e-02 2.589694922789931297e-03 1.288335956633090973e-02 7.688026409596204758e-03 2.341128699481487274e-02 1.334903482347726822e-02 1.176713034510612488e-02 1.869112811982631683e-02 1.454924326390028000e-02 1.755016110837459564e-02 1.160348765552043915e-02 2.091101370751857758e-02 9.844527579843997955e-03 1.867832429707050323e-02 2.098881080746650696e-02 1.591031998395919800e-02 3.281644359230995178e-02 8.178645744919776917e-03 8.984517306089401245e-03 2.897776849567890167e-02 3.576841950416564941e-02 2.267374098300933838e-02 2.706306055188179016e-02 1.165861543267965317e-02 2.463839948177337646e-02 3.128185344394296408e-04 1.609062589704990387e-02 7.241336628794670105e-03 3.093482740223407745e-02 8.221929892897605896e-03 4.084796644747257233e-03 7.156682666391134262e-03 4.920951556414365768e-03 3.380583599209785461e-02 3.214389458298683167e-02 1.915339939296245575e-02 2.856296673417091370e-02 2.101996354758739471e-02 1.930515468120574951e-02 3.237294964492321014e-03 2.208680659532546997e-02 2.361426874995231628e-02 9.879656136035919189e-03 3.648926690220832825e-02 2.631255425512790680e-03 2.370217442512512207e-02 1.654037833213806152e-02 1.726083690300583839e-03 1.213502697646617889e-02 4.812820348888635635e-03 1.533166854642331600e-03 9.015318355523049831e-04 1.613119058310985565e-02 1.697589457035064697e-02 2.617966616526246071e-03 2.763676270842552185e-02 3.292036801576614380e-02 2.919896971434354782e-03 7.506260182708501816e-03 2.545981481671333313e-02 4.084680601954460144e-02 2.702175639569759369e-02 2.636734023690223694e-02 1.916454918682575226e-02 8.910114993341267109e-04 1.079139858484268188e-02 1.050812075845897198e-03 3.041245974600315094e-02 3.518194332718849182e-02 2.637926116585731506e-02 1.857329346239566803e-02 2.465910837054252625e-02 1.998321339488029480e-02 1.795991137623786926e-02 1.069575827568769455e-02 1.466018427163362503e-02 1.409411896020174026e-02 1.247791387140750885e-02 2.792202308773994446e-02 1.913702435558661819e-04 2.053015865385532379e-02 1.575136743485927582e-02 1.324917376041412354e-02 1.397655438631772995e-02 1.471442449837923050e-02
2.540328726172447205e-02 2.152177132666110992e-02 8.351105451583862305e-01 1.007946953177452087e-02 1.207149215042591095e-02 3.209070488810539246e-02 2.717300690710544586e-02 1.054957974702119827e-02 3.316033631563186646e-02 2.789159119129180908e-02 1.129647251218557358e-02 5.131934210658073425e-02 1.682296511717140675e-03 5.798413604497909546e-02 2.215608768165111542e-02 2.204931154847145081e-02 9.243004024028778076e-03 6.097306963056325912e-03 7.221221458166837692e-04 7.796189747750759125e-03 1.865345798432826996e-02 4.404915962368249893e-03 4.982824996113777161e-02 5.614616349339485168e-02 3.310127928853034973e-02 2.325394190847873688e-02 1.738754846155643463e-02 2.083359658718109131e-02 2.200899878516793251e-03 2.760403044521808624e-02 8.222993463277816772e-03 1.241070963442325592e-02 6.783700548112392426e-03 2.716150693595409393e-02 1.456182356923818588e-02 1.235229056328535080e-02 1.093804743140935898e-02 2.439143136143684387e-02 3.898637369275093079e-03 2.684524655342102051e-02 8.825927972793579102e-03 1.443832833319902420e-02 7.099875248968601227e-03 6.312849465757608414e-03 2.926035597920417786e-02 2.623771317303180695e-02 7.790504023432731628e-03 9.223957546055316925e-03 5.816179909743368626e-04 5.369033664464950562e-03 3.151352703571319580e-02 4.074285924434661865e-02 5.789283663034439087e-03 7.500380161218345165e-04 5.401675589382648468e-03 1.636942289769649506e-02 1.214446220546960831e-02 4.349602852016687393e-03 1.167226582765579224e-03 2.621487947180867195e-03 9.367885650135576725e-04 3.849887754768133163e-03 6.113952025771141052e-03 9.952177293598651886e-03 2.472399733960628510e-03 1.103967893868684769e-02 2.907841093838214874e-02 1.977902650833129883e-02 7.732511032372713089e-03 8.901774883270263672e-03 5.955390515737235546e-04 3.747962415218353271e-03 8.045312948524951935e-03 7.854828611016273499e-03 1.715626684017479420e-03 4.092598333954811096e-02 2.045710012316703796e-02 2.663932926952838898e-02 1.780464127659797668e-02 8.764400146901607513e-03 1.523272506892681122e-02 1.827538013458251953e-02 1.546507002785801888e-03 3.137696906924247742e-02 4.083631094545125961e-03 1.586910802870988846e-03 6.095659919083118439e-03 3.154126461595296860e-03 6.526865530759096146e-03 1.111733959987759590e-03 5.990608595311641693e-03 1.043300516903400421e-02 5.397743545472621918e-03 1.318666245788335800e-02 2.479494363069534302e-02 4.438792355358600616e-03 2.387429121881723404e-03 3.241742029786109924e-02 1.196123287081718445e-02 1.889145188033580780e-02 1.437444146722555161e-02 8.579572662711143494e-03 1.986105693504214287e-03 9.611865971237421036e-04 1.126123033463954926e-02 1.304251141846179962e-02 5.892249289900064468e-03 4.316191654652357101e-03 1.160451862961053848e-02 2.690704306587576866e-03 1.564469374716281891e-02 1.038256939500570297e-02 5.079082679003477097e-03 1.070170849561691284e-02 2.112241834402084351e-02 2.288506552577018738e-02
7.118858397006988525e-03 1.143144909292459488e-02 1.007946953177452087e-02 8.351105451583862305e-01 5.247537791728973389e-02 4.616319201886653900e-03 2.041222713887691498e-02 4.209769889712333679e-03 4.844263941049575806e-02 1.130436919629573822e-02 2.019011788070201874e-02 1.434418000280857086e-02 1.623979583382606506e-02 3.677912522107362747e-03 9.212264791131019592e-03 3.821556165348738432e-04 1.093663391657173634e-03 3.818840906023979187e-02 1.586605329066514969e-03 1.899692788720130920e-02 1.379956584423780441e-02 1.982756890356540680e-02 1.182091189548373222e-03 9.344714693725109100e-03 2.700628899037837982e-02 3.226767852902412415e-02 3.558074589818716049e-03 9.683754295110702515e-03 2.189260674640536308e-03 6.499639712274074554e-03 1.279934495687484741e-02 2.290801517665386200e-02 2.417154051363468170e-02 2.033691480755805969e-02 3.432578966021537781e-02 1.162708620540797710e-03 8.634581230580806732e-03 2.732947841286659241e-02 3.724393993616104126e-02 3.556324914097785950e-02 1.206938177347183228e-02 1.730862539261579514e-03 2.082912996411323547e-02 1.156088523566722870e-02 4.634384997189044952e-03 2.539703063666820526e-02 1.975153945386409760e-02 3.433942422270774841e-02 1.200951752252876759e-03 2.338827122002840042e-03 6.488308776170015335e-03 1.159986201673746109e-02 5.984742310829460621e-04 1.136113144457340240e-02 1.442606281489133835e-02 6.273709004744887352e-04 1.175244245678186417e-02 1.474933326244354248e-02 1.438741572201251984e-02 1.740047149360179901e-02 1.648268289864063263e-02 2.550121955573558807e-02 2.880630269646644592e-02 2.615038305521011353e-02 9.006655775010585785e-03 9.703325107693672180e-03 1.961180567741394043e-02 2.129756473004817963e-02 1.279378030449151993e-02 4.551545716822147369e-03 2.719754166901111603e-02 2.136822557076811790e-03 3.437054529786109924e-02 7.471309043467044830e-03 3.130756691098213196e-02 2.873687073588371277e-02 3.432397544384002686e-02 1.532687805593013763e-02 2.432504296302795410e-02 2.371148439124226570e-03 1.713626459240913391e-02 2.168977633118629456e-02 1.768876239657402039e-02 1.428000908344984055e-02 6.193802691996097565e-03 7.353189866989850998e-03 3.641976276412606239e-03 1.538789272308349609e-02 1.300730183720588684e-02 1.065581454895436764e-03 1.114727836102247238e-02 1.782605051994323730e-02 1.981571689248085022e-02 1.226937863975763321e-03 1.012767106294631958e-02 2.158975973725318909e-02 1.761825755238533020e-02 3.030519932508468628e-02 1.071714982390403748e-02 1.486145332455635071e-02 1.084065716713666916e-02 1.397664938122034073e-02 1.449776627123355865e-02 2.847008593380451202e-02 4.595348145812749863e-03 1.607735455036163330e-02 1.732855290174484253e-02 7.503322791308164597e-03 1.621762639842927456e-03 1.872972701676189899e-03 2.320845983922481537e-02 1.355410180985927582e-02 1.750292815268039703e-02 6.481204181909561157e-03 1.993371406570076942e-03 4.656865203287452459e-04
5.027433391660451889e-03 8.706310763955116272e-03 1.207149215042591095e-02 5.247537791728973389e-02 8.351105451583862305e-01 1.748352195136249065e-03 2.478923648595809937e-02 1.175326574593782425e-02 3.579818084836006165e-02 1.172007154673337936e-02 2.248933352530002594e-02 1.722677610814571381e-02 1.509154587984085083e-02 2.067739143967628479e-03 3.633046522736549377e-03 1.734758727252483368e-02 1.732471212744712830e-02 2.504081465303897858e-02 1.362442411482334137e-02 2.557941712439060211e-03 1.486625429242849350e-02 2.164039993658661842e-03 4.595919162966310978e-04 1.086536329239606857e-02 1.961393840610980988e-02 3.177703544497489929e-02 2.282753586769104004e-02 3.136186569463461637e-04 2.874340396374464035e-03 5.501213017851114273e-04 9.788116440176963806e-03 1.243028044700622559e-02 2.026818692684173584e-02 2.005105651915073395e-02 4.526909440755844116e-02 8.214344270527362823e-03 1.894025132060050964e-02 6.430911365896463394e-03 3.401014581322669983e-02 4.507045447826385498e-02 1.263752207159996033e-02 2.271264232695102692e-02 4.135313443839550018e-03 3.176484256982803345e-02 3.035165369510650635e-02 1.148833613842725754e-02 4.417532589286565781e-03 2.532524988055229187e-02 1.035204064100980759e-02 4.535703919827938080e-03 1.178723573684692383e-02 1.407777052372694016e-02 1.663883961737155914e-02 1.027425192296504974e-02 2.598935551941394806e-02 1.076934859156608582e-02 9.800976142287254333e-03 3.925342485308647156e-02 4.390294197946786880e-03 2.500855177640914917e-02 2.063557319343090057e-02 3.628794848918914795e-02 2.379120141267776489e-02 3.193962946534156799e-02 1.241167355328798294e-02 1.516717951744794846e-02 5.973258987069129944e-03 4.677328746765851974e-03 1.999281905591487885e-02 1.445033703930675983e-03 4.179526120424270630e-02 3.187927650287747383e-03 2.439369075000286102e-02 5.373571999371051788e-03 3.076120093464851379e-02 2.896723151206970215e-02 2.062665112316608429e-02 4.952479153871536255e-03 3.756527975201606750e-02 8.841661736369132996e-03 1.362205389887094498e-02 3.937096521258354187e-02 3.097962588071823120e-02 3.365459293127059937e-02 6.137606687843799591e-03 1.284430548548698425e-02 1.145012676715850830e-02 1.879238151013851166e-02 1.132213324308395386e-02 2.495745662599802017e-03 6.253947503864765167e-04 4.896655678749084473e-03 2.494413964450359344e-02 1.384509261697530746e-02 4.694785457104444504e-03 3.020634129643440247e-02 2.072883397340774536e-02 3.621755167841911316e-02 1.450184918940067291e-02 1.492721773684024811e-02 1.826918870210647583e-02 2.036692202091217041e-02 1.050813030451536179e-02 2.719038352370262146e-02 5.275466013699769974e-03 9.948384948074817657e-03 1.124494429677724838e-02 3.727006027474999428e-03 1.405985653400421143e-02 1.026092749089002609e-02 1.793555356562137604e-02 9.797199629247188568e-03 5.595212802290916443e-03 2.797825494781136513e-03 3.870796412229537964e-03 1.818039640784263611e-02
4.715719819068908691e-02 3.523720800876617432e-02 3.209070488810539246e-02 4.616319201886653900e-03 1.748352195136249065e-03 8.351105451583862305e-01 4.105590283870697021e-02 2.263112924993038177e-02 1.258184108883142471e-02 3.135221078991889954e-02 2.757813967764377594e-02 2.731793373823165894e-02 3.641824796795845032e-02 3.417825326323509216e-02 1.988754980266094208e-02 1.738840900361537933e-02 1.379638724029064178e-02 9.926267899572849274e-03 1.796011626720428467e-02 2.655271440744400024e-03 4.749709740281105042e-03 2.846381068229675293e-02 1.126394886523485184e-02 2.313063852488994598e-02 9.483329020440578461e-03 1.855060830712318420e-02 1.464778836816549301e-02 9.479066357016563416e-03 1.825786940753459930e-02 1.967886462807655334e-02 2.830222062766551971e-02 2.091044932603836060e-02 3.785403678193688393e-03 1.569001376628875732e-02 1.367660239338874817e-02 1.049956399947404861e-02 4.693436902016401291e-03 6.118378601968288422e-03 2.130079701601061970e-05 9.300214238464832306e-03 1.978720538318157196e-02 1.908703893423080444e-02 1.758690923452377319e-02 1.529733184725046158e-02 3.100256994366645813e-02 3.374421223998069763e-02 4.120413213968276978e-02 3.900217264890670776e-02 8.101491257548332214e-03 6.735623814165592194e-03 1.373964175581932068e-02 1.275294087827205658e-02 1.569390669465065002e-02 2.760950103402137756e-02 4.428755957633256912e-03 9.908312000334262848e-03 2.580987662076950073e-02 1.117882132530212402e-02 1.223847176879644394e-02 3.191861510276794434e-02 1.794143393635749817e-02 1.128041744232177734e-02 1.052307244390249252e-02 2.347236499190330505e-02 2.487600781023502350e-02 2.494190260767936707e-02 7.908659987151622772e-03 1.179624348878860474e-02 1.460179919376969337e-03 2.684234641492366791e-02 1.374371116980910301e-03 2.341514080762863159e-02 1.798169873654842377e-02 1.188076846301555634e-02 2.984267473220825195e-02 1.800489611923694611e-03 2.031221240758895874e-02 3.655847907066345215e-02 6.262085400521755219e-03 6.283172871917486191e-03 4.128383472561836243e-03 2.393886534264311194e-04 1.671848259866237640e-02 2.323679253458976746e-02 2.366963028907775879e-02 2.432059124112129211e-02 2.846540883183479309e-02 2.976040914654731750e-02 1.448690425604581833e-02 2.639361098408699036e-02 3.615309670567512512e-02 2.757732756435871124e-02 3.073854558169841766e-02 1.792832463979721069e-02 7.826653309166431427e-03 8.190790191292762756e-03 9.862367063760757446e-03 2.615553792566061020e-03 1.537694130092859268e-02 1.363906823098659515e-02 2.799596870318055153e-03 5.930650979280471802e-03 1.630309782922267914e-02 9.554855525493621826e-03 9.306112304329872131e-03 9.432381950318813324e-03 7.140180561691522598e-03 1.678835786879062653e-02 1.378026045858860016e-02 8.190478198230266571e-03 4.468719009310007095e-03 1.704453304409980774e-02 5.690315272659063339e-03 2.638422185555100441e-03 1.376232877373695374e-02 9.226139634847640991e-03
3.949199616909027100e-02 4.137907549738883972e-02 2.717300690710544586e-02 2.041222713887691498e-02 2.478923648595809937e-02 4.105590283870697021e-02 8.351105451583862305e-01 1.813289709389209747e-02 2.973832422867417336e-03 1.112735178321599960e-02 2.505698986351490021e-02 3.032288886606693268e-02 2.440601773560047150e-02 4.254457354545593262e-02 1.799244247376918793e-02 3.647366911172866821e-02 2.954450622200965881e-02 9.765695780515670776e-03 2.686558873392641544e-04 1.196299865841865540e-02 1.369928847998380661e-02 2.245066501200199127e-02 2.842223644256591797e-02 4.142457991838455200e-02 8.472585119307041168e-03 1.516709942370653152e-02 1.808274537324905396e-02 2.945101261138916016e-02 1.515317615121603012e-02 4.400300607085227966e-02 2.660942822694778442e-02 1.158278086222708225e-03 4.891506396234035492e-03 5.690183490514755249e-03 1.637460477650165558e-02 1.395549252629280090e-02 1.880597695708274841e-02 8.732096292078495026e-03 2.854238823056221008e-02 5.401571281254291534e-03 1.974325813353061676e-02 6.358126178383827209e-03 1.141067966818809509e-02 2.349036000669002533e-02 7.775884121656417847e-03 2.313035540282726288e-02 1.184984017163515091e-02 4.258710518479347229e-02 4.926698282361030579e-03 1.536548510193824768e-02 3.453507646918296814e-02 2.612727135419845581e-02 1.134124863892793655e-02 2.745156735181808472e-02 6.546576041728258133e-03 1.364980638027191162e-02 1.013906020671129227e-02 2.158070914447307587e-02 7.427081465721130371e-03 3.619018942117691040e-02 8.336993632838129997e-04 2.248993515968322754e-02 2.945045707747340202e-04 1.155101321637630463e-02 1.976050809025764465e-02 1.862289756536483765e-02 9.227797389030456543e-03 1.096863765269517899e-02 1.946663111448287964e-02 1.401253137737512589e-02 2.846346050500869751e-02 9.584751911461353302e-03 2.399558946490287781e-02 8.495519432472065091e-05 3.845395892858505249e-02 7.589067798107862473e-03 1.622010581195354462e-02 2.278471365571022034e-02 9.668442420661449432e-03 4.962473176419734955e-03 1.127849239856004715e-02 1.218892913311719894e-02 2.154435031116008759e-02 4.407845437526702881e-02 4.692903254181146622e-03 3.744294168427586555e-03 8.785829879343509674e-03 2.587604895234107971e-02 7.615970098413527012e-04 7.968933321535587311e-03 2.369131706655025482e-02 2.565039880573749542e-02 2.977468259632587433e-02 2.952102804556488991e-03 6.587554700672626495e-03 1.236458122730255127e-02 1.412945520132780075e-02 2.120394073426723480e-02 2.413992024958133698e-02 2.209594659507274628e-02 2.808616682887077332e-02 2.001556195318698883e-02 2.423117496073246002e-02 1.773731037974357605e-02 4.438097588717937469e-03 1.914997957646846771e-02 9.525403380393981934e-03 5.288396030664443970e-03 9.549267590045928955e-03 1.643866300582885742e-02 9.848474524915218353e-03 1.938368938863277435e-02 2.257647691294550896e-03 7.017918396741151810e-03 1.673999056220054626e-02 8.505902253091335297e-03
3.299159556627273560e-02 2.428499609231948853e-02 1.054957974702119827e-02 4.209769889712333679e-03 1.175326574593782425e-02 2.263112924993038177e-02 1.813289709389209747e-02 8.351105451583862305e-01 8.421193808317184448e-03 3.913076594471931458e-03 1.170426886528730392e-02 2.819834463298320770e-02 4.782505333423614502e-03 3.081103600561618805e-02 3.573356568813323975e-02 2.066199667751789093e-02 1.823170669376850128e-02 4.991977661848068237e-02 3.841907531023025513e-02 1.739466562867164612e-03 1.225421950221061707e-02 1.096801739186048508e-02 1.847770996391773224e-02 1.063455268740653992e-02 1.622955547645688057e-03 4.574341233819723129e-03 3.899420797824859619e-02 1.149034500122070312e-02 1.088766753673553467e-02 1.161837391555309296e-02 1.692228019237518311e-02 4.696197342127561569e-03 3.962194547057151794e-02 1.521413563750684261e-03 2.353577688336372375e-02 1.899778470396995544e-02 1.553117414005100727e-03 2.238617977127432823e-03 2.035134658217430115e-02 1.388746406883001328e-02 8.138764649629592896e-03 4.673669114708900452e-03 2.836461644619703293e-04 1.697210036218166351e-02 1.801034435629844666e-02 2.491231542080640793e-03 1.530643459409475327e-02 6.071614567190408707e-03 3.151678480207920074e-03 1.789505709894001484e-03 9.875783696770668030e-03 2.650391869246959686e-02 3.521811449900269508e-03 4.694199189543724060e-03 2.890590392053127289e-02 1.717953942716121674e-02 3.119870834052562714e-02 8.454209193587303162e-03 1.663632318377494812e-02 2.435102127492427826e-03 3.937929123640060425e-02 1.643914915621280670e-02 2.282306179404258728e-02 2.240666002035140991e-02 1.880272291600704193e-02 1.696131192147731781e-02 1.080901082605123520e-02 1.434616278856992722e-02 1.612221007235348225e-03 1.521928701549768448e-02 1.168011780828237534e-02 1.917583122849464417e-02 2.273540198802947998e-02 2.983993291854858398e-02 3.530799597501754761e-02 4.867610987275838852e-03 3.280516481027007103e-03 1.683616638183593750e-02 2.793484181165695190e-02 2.867933921515941620e-02 4.566764086484909058e-02 2.128954604268074036e-02 1.400277391076087952e-02 2.461509546265006065e-03 3.663385752588510513e-03 1.225103065371513367e-02 4.223484080284833908e-03 4.408258944749832153e-03 2.493783459067344666e-02 8.318610489368438721e-03 1.672138646245002747e-02 2.697922475636005402e-02 1.566225476562976837e-02 2.022814750671386719e-02 2.230033837258815765e-02 1.072356197983026505e-02 1.160614471882581711e-02 1.002767309546470642e-02 1.474185381084680557e-03 1.109382836148142815e-03 1.009555440396070480e-02 7.334722671657800674e-03 2.554854750633239746e-02 1.592574827373027802e-02 1.466258196160197258e-03 2.359089674428105354e-03 1.162915211170911789e-02 2.804243937134742737e-02 9.910960681736469269e-03 7.568422239273786545e-03 9.818459860980510712e-03 3.187771653756499290e-03 1.771951676346361637e-03 9.761572815477848053e-03 1.823644898831844330e-02 3.394741192460060120e-02
1.356112025678157806e-02 5.649562925100326538e-03 3.316033631563186646e-02 4.844263941049575806e-02 3.579818084836006165e-02 1.258184108883142471e-02 2.973832422867417336e-03 8.421193808317184448e-03 8.351105451583862305e-01 4.415354132652282715e-02 1.113810203969478607e-02 5.072529613971710205e-02 1.015845965594053268e-02 1.620694994926452637e-02 3.622293099761009216e-02 2.836292050778865814e-02 2.195433154702186584e-02 4.348514974117279053e-02 7.462791167199611664e-03 7.498562801629304886e-03 1.272571680601686239e-04 9.619411866879090667e-05 3.406054526567459106e-02 1.754141040146350861e-02 1.927566342055797577e-02 2.027761749923229218e-02 7.410661783069372177e-03 4.036100953817367554e-02 3.884307574480772018e-03 2.099429443478584290e-02 1.938443514518439770e-03 1.096062175929546356e-02 1.946248114109039307e-02 1.477269921451807022e-02 3.119527921080589294e-02 5.599226802587509155e-03 1.408127415925264359e-02 1.315204985439777374e-02 3.247751295566558838e-02 5.976843833923339844e-02 9.924943558871746063e-03 2.943565510213375092e-02 4.396219272166490555e-03 8.340908214449882507e-03 3.349052742123603821e-02 7.295195478945970535e-03 6.954011041671037674e-03 2.233493141829967499e-03 1.788314059376716614e-02 5.520641803741455078e-03 7.735260296612977982e-03 5.285360850393772125e-03 4.016674123704433441e-03 1.213514804840087891e-02 3.285336494445800781e-02 1.123733632266521454e-02 3.097421722486615181e-03 8.677625446580350399e-04 1.987691596150398254e-02 1.063410285860300064e-02 8.573886007070541382e-03 2.482470870018005371e-02 3.032444603741168976e-02 7.160153705626726151e-03 5.028579384088516235e-03 3.935100510716438293e-03 7.456413004547357559e-03 5.944251082837581635e-03 1.939503662288188934e-02 2.339888736605644226e-02 1.008755341172218323e-02 7.335175294429063797e-03 8.798658847808837891e-03 1.680631563067436218e-02 1.518004573881626129e-02 3.676665946841239929e-02 6.777280569076538086e-02 3.389546647667884827e-02 4.195189848542213440e-02 1.996892504394054413e-03 6.541810929775238037e-03 3.675676509737968445e-02 1.719133183360099792e-02 9.294974617660045624e-03 7.750063203275203705e-03 6.346251349896192551e-03 2.337393537163734436e-02 5.968151148408651352e-03 3.901703283190727234e-02 4.448651336133480072e-03 9.493838995695114136e-03 5.265218671411275864e-03 4.306239541620016098e-03 4.128524567931890488e-03 1.683941110968589783e-02 2.152397483587265015e-02 7.104710210114717484e-03 1.208457909524440765e-02 8.702696301043033600e-03 9.736116044223308563e-03 2.840476809069514275e-04 7.510565686970949173e-03 9.936567395925521851e-03 1.763739436864852905e-02 8.681438863277435303e-03 2.890822850167751312e-02 8.835311018628999591e-05 1.320161949843168259e-02 9.204569272696971893e-03 5.114113911986351013e-03 6.127930711954832077e-03 1.691996585577726364e-03 8.963719941675662994e-03 6.635724101215600967e-03 5.143562331795692444e-03 3.007710911333560944e-03
1.795603148639202118e-02 9.300195961259305477e-04 2.789159119129180908e-02 1.130436919629573822e-02 1.172007154673337936e-02 3.135221078991889954e-02 1.112735178321599960e-02 3.913076594471931458e-03 4.415354132652282715e-02 8.351105451583862305e-01 2.003233693540096283e-02 3.528984636068344116e-02 5.725613795220851898e-03 3.296253085136413574e-02 1.663427427411079407e-02 2.974683232605457306e-02 3.615874797105789185e-02 3.980472392868250608e-04 8.122646249830722809e-03 1.428120583295822144e-02 2.725746307987719774e-04 1.257462427020072937e-02 2.142397686839103699e-02 2.909068390727043152e-02 8.121137507259845734e-03 9.080534800887107849e-03 1.529631577432155609e-02 1.997321844100952148e-02 1.440421305596828461e-02 1.615655235946178436e-02 7.609688211232423782e-03 1.109474524855613708e-02 2.158636786043643951e-02 1.268710754811763763e-02 2.232573367655277252e-02 7.353086955845355988e-03 1.379991444991901517e-04 1.733732782304286957e-02 1.220083609223365784e-02 1.295362599194049835e-02 4.255710635334253311e-03 2.847046591341495514e-02 7.344849873334169388e-03 1.825377531349658966e-02 3.528359532356262207e-02 2.963978983461856842e-02 1.287814788520336151e-02 5.179408006370067596e-03 2.658233046531677246e-03 3.178184479475021362e-02 5.378143396228551865e-03 2.221849281340837479e-03 1.995246484875679016e-02 5.040418356657028198e-03 1.021461281925439835e-02 4.029225930571556091e-02 2.380656823515892029e-02 2.428521588444709778e-02 6.078039295971393585e-03 8.533141575753688812e-03 3.351803123950958252e-02 1.549545861780643463e-02 3.217853978276252747e-02 1.890054345130920410e-02 2.104359678924083710e-02 1.346460450440645218e-02 1.221421919763088226e-02 1.055109687149524689e-02 1.476075686514377594e-02 1.890199258923530579e-02 1.745951175689697266e-02 7.429052493534982204e-04 7.179186679422855377e-03 2.121347701177000999e-03 7.835341617465019226e-03 6.217789370566606522e-03 3.322708979249000549e-02 5.288409069180488586e-02 1.669548638164997101e-02 4.292823374271392822e-02 1.860558055341243744e-02 4.201281815767288208e-03 3.032829612493515015e-02 1.793290115892887115e-02 1.054641325026750565e-02 9.698648005723953247e-03 6.946159061044454575e-03 3.039618895854800940e-04 1.424157433211803436e-02 3.400779142975807190e-02 1.831555622629821301e-03 1.630345173180103302e-02 3.350733022671192884e-04 1.310402899980545044e-02 1.602612249553203583e-02 2.400042116641998291e-02 2.189320279285311699e-03 1.686720922589302063e-02 1.451658923178911209e-02 1.547963358461856842e-03 1.170094963163137436e-02 8.021263405680656433e-03 1.670901663601398468e-03 7.086398545652627945e-04 1.640207692980766296e-02 1.001073233783245087e-02 2.710311673581600189e-02 3.727919235825538635e-02 1.336322911083698273e-02 2.079852297902107239e-02 2.749383635818958282e-02 1.700716279447078705e-02 1.054432126693427563e-03 1.750252023339271545e-02 8.042428642511367798e-03 9.443583898246288300e-03
3.033108264207839966e-02 3.327930346131324768e-02 1.129647251218557358e-02 2.019011788070201874e-02 2.248933352530002594e-02 2.757813967764377594e-02 2.505698986351490021e-02 1.170426886528730392e-02 1.113810203969478607e-02 2.003233693540096283e-02 8.351105451583862305e-01 1.964036608114838600e-03 5.095503106713294983e-02 1.272135414183139801e-03 1.494970638304948807e-02 7.332178298383951187e-03 2.948548179119825363e-03 1.892319321632385254e-02 2.674516476690769196e-02 1.941471593454480171e-03 2.264919690787792206e-02 4.435658454895019531e-02 9.042594581842422485e-03 1.734105637297034264e-03 2.135106362402439117e-02 1.257383823394775391e-02 1.499342918395996094e-02 7.161115645430982113e-04 3.760470449924468994e-02 1.844447921030223370e-03 4.791644960641860962e-02 6.327816750854253769e-03 1.487233210355043411e-03 3.955095075070858002e-03 1.977687887847423553e-02 1.629713922739028931e-02 1.135654374957084656e-02 2.945685386657714844e-02 1.241344586014747620e-02 2.020638203248381615e-03 2.540679834783077240e-02 2.113184018526226282e-04 1.067557279020547867e-02 1.376395113766193390e-02 5.108755547553300858e-03 1.669142581522464752e-02 2.674603089690208435e-02 3.365465998649597168e-02 6.862937007099390030e-03 3.285460919141769409e-02 1.017802581191062927e-02 1.648389361798763275e-02 4.758751485496759415e-03 2.416824176907539368e-02 1.356377732008695602e-02 3.439513593912124634e-02 5.640145856887102127e-03 2.109773643314838409e-02 5.297132302075624466e-03 2.464375831186771393e-02 7.537046330980956554e-04 2.717639436013996601e-04 6.606135051697492599e-03 3.892953973263502121e-03 4.887405782938003540e-02 5.218141898512840271e-02 2.801187150180339813e-02 3.098833747208118439e-02 4.350127652287483215e-03 4.103333130478858948e-02 5.240634200163185596e-04 3.918345645070075989e-02 2.089463733136653900e-02 1.916655339300632477e-02 2.462152019143104553e-02 8.191781817004084587e-04 9.254863485693931580e-03 1.512010302394628525e-02 1.743116043508052826e-02 2.856558188796043396e-02 2.168756350874900818e-02 5.030936561524868011e-03 4.135431256145238876e-03 2.939100144430994987e-03 1.721944427117705345e-03 1.156822778284549713e-02 3.094289638102054596e-02 2.332620136439800262e-02 2.064224332571029663e-03 1.336154411546885967e-03 3.379252180457115173e-02 4.704949632287025452e-02 4.040281847119331360e-02 4.148703068494796753e-02 5.916908266954123974e-04 1.285076141357421875e-02 2.543972432613372803e-02 1.170683931559324265e-02 6.594125647097826004e-03 1.516136154532432556e-02 1.441597845405340195e-02 5.334000103175640106e-03 2.803817577660083771e-02 1.484403666108846664e-02 3.476029960438609123e-04 7.372293155640363693e-03 7.318508811295032501e-03 2.224237890914082527e-03 6.239370908588171005e-03 3.481971472501754761e-02 2.441616356372833252e-02 3.192804008722305298e-02 1.412916369736194611e-02 2.617809548974037170e-02 1.965469308197498322e-02 1.848870306275784969e-04
2.837483584880828857e-02 1.826172880828380585e-02 5.131934210658073425e-02 1.434418000280857086e-02 1.722677610814571381e-02 2.731793373823165894e-02 3.032288886606693268e-02 2.819834463298320770e-02 5.072529613971710205e-02 3.528984636068344116e-02 1.964036608114838600e-03 8.351105451583862305e-01 1.095968671143054962e-02 7.073756307363510132e-02 1.731277629733085632e-02 3.090242296457290649e-02 2.294245734810829163e-02 9.999266825616359711e-03 1.629014126956462860e-02 1.096305530518293381e-02 1.055584871210157871e-03 5.444104317575693130e-04 3.584392368793487549e-02 3.991092741489410400e-02 1.147744525223970413e-02 6.025878712534904480e-03 6.331230513751506805e-03 5.137448012828826904e-02 2.564647293183952570e-04 4.632842168211936951e-02 1.707149902358651161e-03 6.625827401876449585e-03 2.995188720524311066e-02 1.574954949319362640e-02 1.870638504624366760e-02 1.381674129515886307e-02 5.676297470927238464e-03 2.098608389496803284e-02 5.092192441225051880e-03 3.988319635391235352e-02 1.173115614801645279e-02 1.435338985174894333e-02 4.291280638426542282e-03 2.084827050566673279e-03 3.008420206606388092e-02 2.497385069727897644e-02 8.445355109870433807e-03 1.635360717773437500e-02 1.100735738873481750e-02 9.247550740838050842e-03 1.700994931161403656e-02 2.407970838248729706e-02 1.365229114890098572e-02 1.872269785962998867e-03 7.010673638433218002e-03 8.558970876038074493e-03 6.467917934060096741e-03 1.386376749724149704e-02 3.807945409789681435e-03 1.096266880631446838e-02 2.206832543015480042e-02 1.499014906585216522e-02 2.579719573259353638e-02 1.991451252251863480e-03 4.801214206963777542e-03 2.614103257656097412e-03 5.488601513206958771e-03 6.496731191873550415e-03 1.691095158457756042e-02 1.245867833495140076e-02 1.679970510303974152e-02 1.839455589652061462e-02 1.644566887989640236e-03 6.781065836548805237e-03 4.595599602907896042e-03 3.518639132380485535e-02 4.921238124370574951e-02 3.610182181000709534e-02 2.534128166735172272e-02 1.086830161511898041e-03 1.502667460590600967e-02 4.239629954099655151e-02 1.490540429949760437e-02 2.549785375595092773e-02 1.045317295938730240e-02 3.296028124168515205e-03 1.247488148510456085e-02 1.215069089084863663e-02 2.764915861189365387e-02 1.978859491646289825e-02 1.057389099150896072e-02 6.573640741407871246e-03 1.199426781386137009e-02 4.575049504637718201e-03 2.295935340225696564e-02 1.227160915732383728e-02 1.144727971404790878e-02 6.965849315747618675e-04 9.939526207745075226e-03 6.199756637215614319e-03 1.831521093845367432e-02 4.868316929787397385e-03 1.418575365096330643e-02 2.421669429168105125e-03 2.650087885558605194e-02 2.053352259099483490e-02 1.269227592274546623e-03 1.126511767506599426e-02 2.673578215762972832e-03 1.065817940980195999e-02 3.507650224491953850e-03 7.917033508419990540e-03 1.915428321808576584e-03 7.365820463746786118e-03 7.076632231473922729e-03 4.106904845684766769e-03
3.669581562280654907e-02 4.031295329332351685e-02 1.682296511717140675e-03 1.623979583382606506e-02 1.509154587984085083e-02 3.641824796795845032e-02 2.440601773560047150e-02 4.782505333423614502e-03 1.015845965594053268e-02 5.725613795220851898e-03 5.095503106713294983e-02 1.095968671143054962e-02 8.351105451583862305e-01 1.826786552555859089e-03 3.190562129020690918e-02 2.523554256185889244e-03 4.492876119911670685e-03 1.932182721793651581e-02 1.851776614785194397e-02 7.612871937453746796e-03 2.025600336492061615e-02 4.821466654539108276e-02 3.470313036814332008e-03 7.770547643303871155e-03 1.987888664007186890e-02 4.353464115411043167e-03 1.114583201706409454e-02 8.338687941431999207e-03 3.509662672877311707e-02 5.459169857203960419e-03 4.487724229693412781e-02 3.179253777489066124e-03 1.645361073315143585e-02 2.492186147719621658e-03 1.350373588502407074e-02 1.173811964690685272e-02 5.995463579893112183e-03 2.681621722877025604e-02 1.503253169357776642e-02 6.490561645478010178e-03 1.139063015580177307e-02 1.918218657374382019e-02 2.426306344568729401e-02 9.303343482315540314e-03 1.282181218266487122e-02 2.755304984748363495e-02 3.246165439486503601e-02 3.048104792833328247e-02 6.243490148335695267e-03 2.235574275255203247e-02 2.031523734331130981e-02 1.965508237481117249e-02 2.137572690844535828e-02 2.459739707410335541e-02 9.762980975210666656e-03 2.695302292704582214e-02 3.078331472352147102e-03 3.975695464760065079e-03 4.114017938263714314e-04 2.781179174780845642e-02 1.977008767426013947e-03 9.714405983686447144e-03 1.242315210402011871e-02 9.310863912105560303e-03 3.607649728655815125e-02 4.370637983083724976e-02 2.629758790135383606e-02 3.173807635903358459e-02 5.435405182652175426e-05 4.662784934043884277e-02 1.661415584385395050e-02 3.516031056642532349e-02 2.158110588788986206e-02 2.088885009288787842e-02 3.094179369509220123e-02 9.874798357486724854e-03 3.637813264504075050e-03 1.241372525691986084e-02 1.006419491022825241e-02 3.641889197751879692e-03 2.330311760306358337e-02 1.168047264218330383e-02 1.115939696319401264e-03 5.891498876735568047e-04 4.808881785720586777e-03 9.911271743476390839e-03 3.084563277661800385e-02 2.838027477264404297e-02 1.045247539877891541e-02 2.204820513725280762e-03 3.016869351267814636e-02 3.861621767282485962e-02 3.274343535304069519e-02 3.959042206406593323e-02 8.450824767351150513e-03 1.173545699566602707e-02 6.428671535104513168e-03 7.378341630101203918e-03 2.465521357953548431e-02 2.760717645287513733e-02 1.848002546466886997e-03 1.283708028495311737e-03 1.783125847578048706e-02 1.083812583237886429e-02 6.428007502108812332e-03 1.098699495196342468e-02 1.130454614758491516e-02 1.166794262826442719e-02 4.258031491190195084e-03 3.095924481749534607e-02 4.647082649171352386e-03 2.695021592080593109e-02 2.071040309965610504e-02 3.089907579123973846e-02 1.536083221435546875e-02 7.525680121034383774e-03
